stock_id,sci_name,sp_name,ISSCAAP_Group,fishing_region,bbmsy_q2.5,bbmsy_q25,bbmsy_q50,bbmsy_q75,bbmsy_q97.5,bbmsy_sd,bbmsy_mean,startbio,year,r,k,msy,F,catch,Dom_level
Aequipecten_opercularis-Atlantic_Northeast,Aequipecten opercularis,Queen scallop,"Scallops, pectens",Atlantic Northeast,1.056784977,1.257252481,1.423293475,1.620516166,1.895312715,0.231171904,1.443150894,116777.6195,1950,0.44084478,183351.3884,19330.56871,0.22042239,1000,CBA
Aequipecten_opercularis-Atlantic_Northeast,Aequipecten opercularis,Queen scallop,"Scallops, pectens",Atlantic Northeast,1.200285708,1.423073082,1.582791244,1.733465044,1.942844165,0.202615689,1.577959982,116777.6195,1951,0.44084478,183351.3884,19330.56871,0.22042239,1000,CBA
Aequipecten_opercularis-Atlantic_Northeast,Aequipecten opercularis,Queen scallop,"Scallops, pectens",Atlantic Northeast,1.301060944,1.553323215,1.68936451,1.811490738,1.969031739,0.175828867,1.67693604,116777.6195,1952,0.44084478,183351.3884,19330.56871,0.22042239,1000,CBA
Aequipecten_opercularis-Atlantic_Northeast,Aequipecten opercularis,Queen scallop,"Scallops, pectens",Atlantic Northeast,1.403371774,1.646009614,1.761557819,1.860020005,1.971163737,0.152215994,1.742962202,116777.6195,1953,0.44084478,183351.3884,19330.56871,0.22042239,1000,CBA
Aequipecten_opercularis-Atlantic_Northeast,Aequipecten opercularis,Queen scallop,"Scallops, pectens",Atlantic Northeast,1.483204202,1.707053928,1.804781157,1.887841613,1.98465553,0.130371722,1.788600839,116777.6195,1954,0.44084478,183351.3884,19330.56871,0.22042239,1000,CBA
Aequipecten_opercularis-Atlantic_Northeast,Aequipecten opercularis,Queen scallop,"Scallops, pectens",Atlantic Northeast,1.538481774,1.738910755,1.822091627,1.897383482,1.986254148,0.114951402,1.808939675,116777.6195,1955,0.44084478,183351.3884,19330.56871,0.22042239,1500,CBA
Aequipecten_opercularis-Atlantic_Northeast,Aequipecten opercularis,Queen scallop,"Scallops, pectens",Atlantic Northeast,1.588124657,1.755737725,1.83295786,1.901725552,1.986481638,0.10500351,1.821715792,116777.6195,1956,0.44084478,183351.3884,19330.56871,0.22042239,1500,CBA
Aequipecten_opercularis-Atlantic_Northeast,Aequipecten opercularis,Queen scallop,"Scallops, pectens",Atlantic Northeast,1.613552304,1.767008365,1.839289384,1.904775742,1.986215058,0.099081138,1.830905097,116777.6195,1957,0.44084478,183351.3884,19330.56871,0.22042239,1500,CBA
Aequipecten_opercularis-Atlantic_Northeast,Aequipecten opercularis,Queen scallop,"Scallops, pectens",Atlantic Northeast,1.629904222,1.776155433,1.849528827,1.911419043,1.987848776,0.09452207,1.839343473,116777.6195,1958,0.44084478,183351.3884,19330.56871,0.22042239,1500,CBA
Aequipecten_opercularis-Atlantic_Northeast,Aequipecten opercularis,Queen scallop,"Scallops, pectens",Atlantic Northeast,1.649704718,1.782035237,1.849168676,1.912843119,1.986741873,0.090971649,1.842087296,116777.6195,1959,0.44084478,183351.3884,19330.56871,0.22042239,1500,CBA
Aequipecten_opercularis-Atlantic_Northeast,Aequipecten opercularis,Queen scallop,"Scallops, pectens",Atlantic Northeast,1.64820106,1.781878087,1.847327482,1.907822003,1.984536082,0.090202151,1.83945451,116777.6195,1960,0.44084478,183351.3884,19330.56871,0.22042239,2000,CBA
Aequipecten_opercularis-Atlantic_Northeast,Aequipecten opercularis,Queen scallop,"Scallops, pectens",Atlantic Northeast,1.6446402,1.777019677,1.845916388,1.905770953,1.985008272,0.091188982,1.836831869,116777.6195,1961,0.44084478,183351.3884,19330.56871,0.22042239,2000,CBA
Aequipecten_opercularis-Atlantic_Northeast,Aequipecten opercularis,Queen scallop,"Scallops, pectens",Atlantic Northeast,1.640085204,1.778522543,1.848812224,1.910048043,1.986466907,0.092327286,1.839695933,116777.6195,1962,0.44084478,183351.3884,19330.56871,0.22042239,2000,CBA
Aequipecten_opercularis-Atlantic_Northeast,Aequipecten opercularis,Queen scallop,"Scallops, pectens",Atlantic Northeast,1.637693271,1.782788133,1.850396025,1.909454152,1.985636951,0.091682561,1.840276086,116777.6195,1963,0.44084478,183351.3884,19330.56871,0.22042239,2000,CBA
Aequipecten_opercularis-Atlantic_Northeast,Aequipecten opercularis,Queen scallop,"Scallops, pectens",Atlantic Northeast,1.652797318,1.784181555,1.850078538,1.908443033,1.983145963,0.0876226,1.842580409,116777.6195,1964,0.44084478,183351.3884,19330.56871,0.22042239,2000,CBA
Aequipecten_opercularis-Atlantic_Northeast,Aequipecten opercularis,Queen scallop,"Scallops, pectens",Atlantic Northeast,1.648228858,1.777004488,1.843478578,1.904745147,1.984343782,0.090249737,1.836217736,116777.6195,1965,0.44084478,183351.3884,19330.56871,0.22042239,3000,CBA
Aequipecten_opercularis-Atlantic_Northeast,Aequipecten opercularis,Queen scallop,"Scallops, pectens",Atlantic Northeast,1.63992012,1.773430713,1.838332173,1.905009718,1.981431643,0.092002113,1.833379442,116777.6195,1966,0.44084478,183351.3884,19330.56871,0.22042239,3000,CBA
Aequipecten_opercularis-Atlantic_Northeast,Aequipecten opercularis,Queen scallop,"Scallops, pectens",Atlantic Northeast,1.630774864,1.769600938,1.838180519,1.90342194,1.982337125,0.092716848,1.83181875,116777.6195,1967,0.44084478,183351.3884,19330.56871,0.22042239,3000,CBA
Aequipecten_opercularis-Atlantic_Northeast,Aequipecten opercularis,Queen scallop,"Scallops, pectens",Atlantic Northeast,1.631342368,1.770717803,1.842405418,1.906265384,1.985406331,0.09357115,1.834082007,116777.6195,1968,0.44084478,183351.3884,19330.56871,0.22042239,3000,CBA
Aequipecten_opercularis-Atlantic_Northeast,Aequipecten opercularis,Queen scallop,"Scallops, pectens",Atlantic Northeast,1.632786403,1.774102232,1.845773167,1.910058662,1.987675191,0.095407959,1.835865662,116777.6195,1969,0.44084478,183351.3884,19330.56871,0.22042239,3500,CBA
Aequipecten_opercularis-Atlantic_Northeast,Aequipecten opercularis,Queen scallop,"Scallops, pectens",Atlantic Northeast,1.618243402,1.762322036,1.833217251,1.895724973,1.980278602,0.094863242,1.824412955,116777.6195,1970,0.44084478,183351.3884,19330.56871,0.22042239,4800,CBA
Aequipecten_opercularis-Atlantic_Northeast,Aequipecten opercularis,Queen scallop,"Scallops, pectens",Atlantic Northeast,1.605583775,1.740673339,1.811459217,1.875952065,1.977680826,0.097758363,1.805631365,116777.6195,1971,0.44084478,183351.3884,19330.56871,0.22042239,6400,CBA
Aequipecten_opercularis-Atlantic_Northeast,Aequipecten opercularis,Queen scallop,"Scallops, pectens",Atlantic Northeast,1.580607939,1.723676341,1.795072064,1.870796056,1.971322154,0.102762161,1.793120915,116777.6195,1972,0.44084478,183351.3884,19330.56871,0.22042239,6900,CBA
Aequipecten_opercularis-Atlantic_Northeast,Aequipecten opercularis,Queen scallop,"Scallops, pectens",Atlantic Northeast,1.565073971,1.720687908,1.796470004,1.871973953,1.975482194,0.107005692,1.791394503,116777.6195,1973,0.44084478,183351.3884,19330.56871,0.22042239,6100,CBA
Aequipecten_opercularis-Atlantic_Northeast,Aequipecten opercularis,Queen scallop,"Scallops, pectens",Atlantic Northeast,1.526616118,1.678288088,1.750224485,1.823689482,1.954341066,0.108428096,1.748654668,116777.6195,1974,0.44084478,183351.3884,19330.56871,0.22042239,10372,CBA
Aequipecten_opercularis-Atlantic_Northeast,Aequipecten opercularis,Queen scallop,"Scallops, pectens",Atlantic Northeast,1.483141727,1.63509927,1.709989675,1.790722687,1.928242593,0.114331809,1.709966182,116777.6195,1975,0.44084478,183351.3884,19330.56871,0.22042239,11481,CBA
Aequipecten_opercularis-Atlantic_Northeast,Aequipecten opercularis,Queen scallop,"Scallops, pectens",Atlantic Northeast,1.449903561,1.593657804,1.672616008,1.758665886,1.902462217,0.117487895,1.674972835,116777.6195,1976,0.44084478,183351.3884,19330.56871,0.22042239,12372,CBA
Aequipecten_opercularis-Atlantic_Northeast,Aequipecten opercularis,Queen scallop,"Scallops, pectens",Atlantic Northeast,1.455373881,1.612669964,1.696291587,1.774935301,1.923576197,0.119379041,1.692746719,116777.6195,1977,0.44084478,183351.3884,19330.56871,0.22042239,8574,CBA
Aequipecten_opercularis-Atlantic_Northeast,Aequipecten opercularis,Queen scallop,"Scallops, pectens",Atlantic Northeast,1.466072345,1.633385766,1.720058051,1.806860966,1.937480248,0.122271844,1.716003762,116777.6195,1978,0.44084478,183351.3884,19330.56871,0.22042239,7140,CBA
Aequipecten_opercularis-Atlantic_Northeast,Aequipecten opercularis,Queen scallop,"Scallops, pectens",Atlantic Northeast,1.459937608,1.636861129,1.717737564,1.798982921,1.932723738,0.120794923,1.715312138,116777.6195,1979,0.44084478,183351.3884,19330.56871,0.22042239,8906,CBA
Aequipecten_opercularis-Atlantic_Northeast,Aequipecten opercularis,Queen scallop,"Scallops, pectens",Atlantic Northeast,1.465275701,1.628000337,1.707461452,1.786085828,1.928748313,0.117487875,1.705009935,116777.6195,1980,0.44084478,183351.3884,19330.56871,0.22042239,9859,CBA
Aequipecten_opercularis-Atlantic_Northeast,Aequipecten opercularis,Queen scallop,"Scallops, pectens",Atlantic Northeast,1.396724753,1.558550213,1.645649787,1.723093357,1.875392517,0.120608261,1.640071811,116777.6195,1981,0.44084478,183351.3884,19330.56871,0.22042239,14926,CBA
Aequipecten_opercularis-Atlantic_Northeast,Aequipecten opercularis,Queen scallop,"Scallops, pectens",Atlantic Northeast,1.403538078,1.569595078,1.650473103,1.735824377,1.891805586,0.125692551,1.650201048,116777.6195,1982,0.44084478,183351.3884,19330.56871,0.22042239,10279,CBA
Aequipecten_opercularis-Atlantic_Northeast,Aequipecten opercularis,Queen scallop,"Scallops, pectens",Atlantic Northeast,1.330319536,1.497987861,1.585881057,1.664840989,1.825786508,0.124605674,1.581367299,116777.6195,1983,0.44084478,183351.3884,19330.56871,0.22042239,17026,CBA
Aequipecten_opercularis-Atlantic_Northeast,Aequipecten opercularis,Queen scallop,"Scallops, pectens",Atlantic Northeast,1.318758408,1.485814179,1.569802889,1.663757621,1.823022759,0.130024567,1.571384992,116777.6195,1984,0.44084478,183351.3884,19330.56871,0.22042239,13472,CBA
Aequipecten_opercularis-Atlantic_Northeast,Aequipecten opercularis,Queen scallop,"Scallops, pectens",Atlantic Northeast,1.314606944,1.505285057,1.597688919,1.685282671,1.858584683,0.136668917,1.594012595,116777.6195,1985,0.44084478,183351.3884,19330.56871,0.22042239,10913,CBA
Aequipecten_opercularis-Atlantic_Northeast,Aequipecten opercularis,Queen scallop,"Scallops, pectens",Atlantic Northeast,1.326201948,1.511559539,1.60379757,1.69711121,1.851489235,0.135779507,1.60042337,116777.6195,1986,0.44084478,183351.3884,19330.56871,0.22042239,11756,CBA
Aequipecten_opercularis-Atlantic_Northeast,Aequipecten opercularis,Queen scallop,"Scallops, pectens",Atlantic Northeast,1.303798652,1.490898286,1.575194337,1.663909136,1.82558146,0.133990493,1.574705366,116777.6195,1987,0.44084478,183351.3884,19330.56871,0.22042239,14215,CBA
Aequipecten_opercularis-Atlantic_Northeast,Aequipecten opercularis,Queen scallop,"Scallops, pectens",Atlantic Northeast,1.275076627,1.455573589,1.549590399,1.635362706,1.801368525,0.134458895,1.54358265,116777.6195,1988,0.44084478,183351.3884,19330.56871,0.22042239,15441,CBA
Aequipecten_opercularis-Atlantic_Northeast,Aequipecten opercularis,Queen scallop,"Scallops, pectens",Atlantic Northeast,1.258227445,1.440787441,1.536786202,1.623424079,1.788660866,0.136676618,1.532251773,116777.6195,1989,0.44084478,183351.3884,19330.56871,0.22042239,14253,CBA
Aequipecten_opercularis-Atlantic_Northeast,Aequipecten opercularis,Queen scallop,"Scallops, pectens",Atlantic Northeast,1.216984094,1.404670555,1.502632775,1.59111442,1.765061644,0.14081693,1.497146052,116777.6195,1990,0.44084478,183351.3884,19330.56871,0.22042239,16778,CBA
Aequipecten_opercularis-Atlantic_Northeast,Aequipecten opercularis,Queen scallop,"Scallops, pectens",Atlantic Northeast,1.207860401,1.400309915,1.497166389,1.59610235,1.769148109,0.145319886,1.496445706,116777.6195,1991,0.44084478,183351.3884,19330.56871,0.22042239,14263,CBA
Aequipecten_opercularis-Atlantic_Northeast,Aequipecten opercularis,Queen scallop,"Scallops, pectens",Atlantic Northeast,1.181063348,1.378970552,1.479005384,1.572788296,1.749420009,0.145359726,1.47499717,116777.6195,1992,0.44084478,183351.3884,19330.56871,0.22042239,16027,CBA
Aequipecten_opercularis-Atlantic_Northeast,Aequipecten opercularis,Queen scallop,"Scallops, pectens",Atlantic Northeast,1.16855071,1.3697424,1.470788915,1.564576219,1.740176807,0.14682724,1.465157613,116777.6195,1993,0.44084478,183351.3884,19330.56871,0.22042239,15263,CBA
Aequipecten_opercularis-Atlantic_Northeast,Aequipecten opercularis,Queen scallop,"Scallops, pectens",Atlantic Northeast,1.194744503,1.411897283,1.519033565,1.625097271,1.803105343,0.154371686,1.514851565,116777.6195,1994,0.44084478,183351.3884,19330.56871,0.22042239,10538,CBA
Aequipecten_opercularis-Atlantic_Northeast,Aequipecten opercularis,Queen scallop,"Scallops, pectens",Atlantic Northeast,1.264265079,1.478985929,1.584652002,1.686161031,1.864687254,0.155041235,1.579592198,116777.6195,1995,0.44084478,183351.3884,19330.56871,0.22042239,8040,CBA
Aequipecten_opercularis-Atlantic_Northeast,Aequipecten opercularis,Queen scallop,"Scallops, pectens",Atlantic Northeast,1.32984603,1.534720104,1.641942876,1.744875813,1.917599606,0.153418051,1.635881031,116777.6195,1996,0.44084478,183351.3884,19330.56871,0.22042239,7183,CBA
Aequipecten_opercularis-Atlantic_Northeast,Aequipecten opercularis,Queen scallop,"Scallops, pectens",Atlantic Northeast,1.325430565,1.53241899,1.632526922,1.735221559,1.894035974,0.146545095,1.62936387,116777.6195,1997,0.44084478,183351.3884,19330.56871,0.22042239,11443,CBA
Aequipecten_opercularis-Atlantic_Northeast,Aequipecten opercularis,Queen scallop,"Scallops, pectens",Atlantic Northeast,1.314046019,1.501014286,1.596521184,1.68607923,1.853629422,0.137715643,1.593047206,116777.6195,1998,0.44084478,183351.3884,19330.56871,0.22042239,14486,CBA
Aequipecten_opercularis-Atlantic_Northeast,Aequipecten opercularis,Queen scallop,"Scallops, pectens",Atlantic Northeast,1.275409219,1.467286915,1.556341322,1.649641621,1.834070233,0.136816703,1.556691349,116777.6195,1999,0.44084478,183351.3884,19330.56871,0.22042239,15746,CBA
Aequipecten_opercularis-Atlantic_Northeast,Aequipecten opercularis,Queen scallop,"Scallops, pectens",Atlantic Northeast,1.270464507,1.448866124,1.539599494,1.625630094,1.80792155,0.135352613,1.53830202,116777.6195,2000,0.44084478,183351.3884,19330.56871,0.22042239,14891,CBA
Aequipecten_opercularis-Atlantic_Northeast,Aequipecten opercularis,Queen scallop,"Scallops, pectens",Atlantic Northeast,1.201737371,1.36699786,1.458330492,1.547630891,1.726051602,0.13360118,1.459064257,116777.6195,2001,0.44084478,183351.3884,19330.56871,0.22042239,20464,CBA
Aequipecten_opercularis-Atlantic_Northeast,Aequipecten opercularis,Queen scallop,"Scallops, pectens",Atlantic Northeast,1.15113807,1.318705061,1.410710735,1.501430196,1.680314762,0.136141167,1.412444543,116777.6195,2002,0.44084478,183351.3884,19330.56871,0.22042239,19114,CBA
Aequipecten_opercularis-Atlantic_Northeast,Aequipecten opercularis,Queen scallop,"Scallops, pectens",Atlantic Northeast,1.132682859,1.309819303,1.408806519,1.502268631,1.696791846,0.141787527,1.408539678,116777.6195,2003,0.44084478,183351.3884,19330.56871,0.22042239,16716,CBA
Aequipecten_opercularis-Atlantic_Northeast,Aequipecten opercularis,Queen scallop,"Scallops, pectens",Atlantic Northeast,1.169510897,1.344388839,1.440122473,1.546084279,1.726691439,0.146252438,1.443490121,116777.6195,2004,0.44084478,183351.3884,19330.56871,0.22042239,13096,CBA
Aequipecten_opercularis-Atlantic_Northeast,Aequipecten opercularis,Queen scallop,"Scallops, pectens",Atlantic Northeast,1.175899432,1.359213412,1.463417243,1.559436053,1.738725343,0.144276189,1.460073819,116777.6195,2005,0.44084478,183351.3884,19330.56871,0.22042239,13634,CBA
Aequipecten_opercularis-Atlantic_Northeast,Aequipecten opercularis,Queen scallop,"Scallops, pectens",Atlantic Northeast,1.175184504,1.35329824,1.451163102,1.55421154,1.74001028,0.144809295,1.454761223,116777.6195,2006,0.44084478,183351.3884,19330.56871,0.22042239,15527,CBA
Aequipecten_opercularis-Atlantic_Northeast,Aequipecten opercularis,Queen scallop,"Scallops, pectens",Atlantic Northeast,1.151683603,1.32206068,1.416538376,1.518091838,1.698523923,0.142016459,1.418633758,116777.6195,2007,0.44084478,183351.3884,19330.56871,0.22042239,18590,CBA
Aequipecten_opercularis-Atlantic_Northeast,Aequipecten opercularis,Queen scallop,"Scallops, pectens",Atlantic Northeast,1.195038022,1.363447542,1.468083243,1.573092879,1.748484862,0.145573847,1.469055677,116777.6195,2008,0.44084478,183351.3884,19330.56871,0.22042239,11654,CBA
Aequipecten_opercularis-Atlantic_Northeast,Aequipecten opercularis,Queen scallop,"Scallops, pectens",Atlantic Northeast,1.240286316,1.394671615,1.494721229,1.600928144,1.777415801,0.142427855,1.498546742,116777.6195,2009,0.44084478,183351.3884,19330.56871,0.22042239,12700,CBA
Aequipecten_opercularis-Atlantic_Northeast,Aequipecten opercularis,Queen scallop,"Scallops, pectens",Atlantic Northeast,1.152726151,1.292878586,1.384173122,1.469322958,1.658084835,0.127775384,1.38631134,116777.6195,2010,0.44084478,183351.3884,19330.56871,0.22042239,24607,CBA
Aequipecten_opercularis-Atlantic_Northeast,Aequipecten opercularis,Queen scallop,"Scallops, pectens",Atlantic Northeast,0.989220848,1.107156899,1.186378208,1.282772077,1.483030498,0.12793673,1.201254076,116777.6195,2011,0.44084478,183351.3884,19330.56871,0.22042239,33203,CBA
Aequipecten_opercularis-Atlantic_Northeast,Aequipecten opercularis,Queen scallop,"Scallops, pectens",Atlantic Northeast,0.838439147,0.952343427,1.038955564,1.15492191,1.355274062,0.139061015,1.059329065,116777.6195,2012,0.44084478,183351.3884,19330.56871,0.22042239,31288,CBA
Aequipecten_opercularis-Atlantic_Northeast,Aequipecten opercularis,Queen scallop,"Scallops, pectens",Atlantic Northeast,0.693773045,0.811145246,0.915362015,1.047303549,1.267650678,0.157179903,0.935046705,116777.6195,2013,0.44084478,183351.3884,19330.56871,0.22042239,30264,CBA
Aequipecten_opercularis-Atlantic_Northeast,Aequipecten opercularis,Queen scallop,"Scallops, pectens",Atlantic Northeast,0.689110684,0.809383037,0.930597129,1.090588989,1.313640428,0.175752265,0.954210963,116777.6195,2014,0.44084478,183351.3884,19330.56871,0.22042239,17466,CBA
Aequipecten_opercularis-Atlantic_Northeast,Aequipecten opercularis,Queen scallop,"Scallops, pectens",Atlantic Northeast,0.64763828,0.77388124,0.920665533,1.091801271,1.334056981,0.196306343,0.940735354,116777.6195,2015,0.44084478,183351.3884,19330.56871,0.22042239,20046,CBA
Aequipecten_opercularis-Atlantic_Northeast,Aequipecten opercularis,Queen scallop,"Scallops, pectens",Atlantic Northeast,0.617615644,0.75992348,0.927494174,1.115871363,1.358970773,0.216472537,0.945989616,116777.6195,2016,0.44084478,183351.3884,19330.56871,0.22042239,18138,CBA
Anadara_granosa-Indian Ocean_Eastern,Anadara granosa,Blood cockle,"Clams, cockles, arkshells",Indian Ocean Eastern,1.12623588,1.393766711,1.562653233,1.724534019,1.941887879,0.220526998,1.554216282,193457.2147,1974,0.331840738,272904.4819,21955.47608,0.165920369,1,Domestic
Anadara_granosa-Indian Ocean_Eastern,Anadara granosa,Blood cockle,"Clams, cockles, arkshells",Indian Ocean Eastern,1.260004011,1.52389253,1.668450152,1.800231179,1.966292549,0.18982134,1.65417767,193457.2147,1975,0.331840738,272904.4819,21955.47608,0.165920369,1443,Domestic
Anadara_granosa-Indian Ocean_Eastern,Anadara granosa,Blood cockle,"Clams, cockles, arkshells",Indian Ocean Eastern,1.23325814,1.455346981,1.569183095,1.68673474,1.862766875,0.165457403,1.564709543,193457.2147,1976,0.331840738,272904.4819,21955.47608,0.165920369,25440,Domestic
Anadara_granosa-Indian Ocean_Eastern,Anadara granosa,Blood cockle,"Clams, cockles, arkshells",Indian Ocean Eastern,1.169929512,1.368133533,1.469824842,1.574006653,1.752792774,0.149491351,1.468697726,193457.2147,1977,0.331840738,272904.4819,21955.47608,0.165920369,28965,Domestic
Anadara_granosa-Indian Ocean_Eastern,Anadara granosa,Blood cockle,"Clams, cockles, arkshells",Indian Ocean Eastern,1.10293721,1.26687558,1.360493471,1.455902537,1.646371046,0.140756174,1.364106058,193457.2147,1978,0.331840738,272904.4819,21955.47608,0.165920369,32592,Domestic
Anadara_granosa-Indian Ocean_Eastern,Anadara granosa,Blood cockle,"Clams, cockles, arkshells",Indian Ocean Eastern,1.038273019,1.200795632,1.285742995,1.382517157,1.570359122,0.135039443,1.292407462,193457.2147,1979,0.331840738,272904.4819,21955.47608,0.165920369,30121,Domestic
Anadara_granosa-Indian Ocean_Eastern,Anadara granosa,Blood cockle,"Clams, cockles, arkshells",Indian Ocean Eastern,0.99150186,1.139231694,1.226301687,1.311301134,1.491571499,0.129436857,1.230541649,193457.2147,1980,0.331840738,272904.4819,21955.47608,0.165920369,29772,Domestic
Anadara_granosa-Indian Ocean_Eastern,Anadara granosa,Blood cockle,"Clams, cockles, arkshells",Indian Ocean Eastern,0.918170782,1.049117381,1.128913162,1.218328206,1.395688125,0.124313265,1.137613614,193457.2147,1981,0.331840738,272904.4819,21955.47608,0.165920369,34072,Domestic
Anadara_granosa-Indian Ocean_Eastern,Anadara granosa,Blood cockle,"Clams, cockles, arkshells",Indian Ocean Eastern,0.903473764,1.030371144,1.106595757,1.190152333,1.369492621,0.119613979,1.115128351,193457.2147,1982,0.331840738,272904.4819,21955.47608,0.165920369,25547,Domestic
Anadara_granosa-Indian Ocean_Eastern,Anadara granosa,Blood cockle,"Clams, cockles, arkshells",Indian Ocean Eastern,0.803735236,0.922712001,0.99609013,1.084758507,1.270553839,0.119150208,1.00823326,193457.2147,1983,0.331840738,272904.4819,21955.47608,0.165920369,36823,Domestic
Anadara_granosa-Indian Ocean_Eastern,Anadara granosa,Blood cockle,"Clams, cockles, arkshells",Indian Ocean Eastern,0.673569102,0.78748312,0.861443078,0.950370941,1.143987341,0.121120966,0.873214446,193457.2147,1984,0.331840738,272904.4819,21955.47608,0.165920369,40578,Domestic
Anadara_granosa-Indian Ocean_Eastern,Anadara granosa,Blood cockle,"Clams, cockles, arkshells",Indian Ocean Eastern,0.636579023,0.745138735,0.823555187,0.913630162,1.103542491,0.123390945,0.835824512,193457.2147,1985,0.331840738,272904.4819,21955.47608,0.165920369,26733,Domestic
Anadara_granosa-Indian Ocean_Eastern,Anadara granosa,Blood cockle,"Clams, cockles, arkshells",Indian Ocean Eastern,0.641390572,0.749922996,0.830352308,0.919775844,1.110549864,0.122800922,0.841318575,193457.2147,1986,0.331840738,272904.4819,21955.47608,0.165920369,20841,Domestic
Anadara_granosa-Indian Ocean_Eastern,Anadara granosa,Blood cockle,"Clams, cockles, arkshells",Indian Ocean Eastern,0.618211044,0.730668952,0.81019241,0.902252382,1.086385798,0.123278687,0.82173003,193457.2147,1987,0.331840738,272904.4819,21955.47608,0.165920369,23959,Domestic
Anadara_granosa-Indian Ocean_Eastern,Anadara granosa,Blood cockle,"Clams, cockles, arkshells",Indian Ocean Eastern,0.614687045,0.731349425,0.807784956,0.898089864,1.082563951,0.122247335,0.818512665,193457.2147,1988,0.331840738,272904.4819,21955.47608,0.165920369,21609,Domestic
Anadara_granosa-Indian Ocean_Eastern,Anadara granosa,Blood cockle,"Clams, cockles, arkshells",Indian Ocean Eastern,0.583408311,0.706577432,0.786048745,0.872115656,1.064119529,0.124432751,0.794987605,193457.2147,1989,0.331840738,272904.4819,21955.47608,0.165920369,24335,Domestic
Anadara_granosa-Indian Ocean_Eastern,Anadara granosa,Blood cockle,"Clams, cockles, arkshells",Indian Ocean Eastern,0.552149325,0.672692257,0.750980886,0.841117162,1.040142376,0.125350101,0.763230163,193457.2147,1990,0.331840738,272904.4819,21955.47608,0.165920369,24878,Domestic
Anadara_granosa-Indian Ocean_Eastern,Anadara granosa,Blood cockle,"Clams, cockles, arkshells",Indian Ocean Eastern,0.695834229,0.813720164,0.889764223,0.971236969,1.16000706,0.118498153,0.899224875,193457.2147,1991,0.331840738,272904.4819,21955.47608,0.165920369,2513,Domestic
Anadara_granosa-Indian Ocean_Eastern,Anadara granosa,Blood cockle,"Clams, cockles, arkshells",Indian Ocean Eastern,0.640641489,0.747310582,0.823054429,0.908428225,1.096999715,0.118046922,0.833560321,193457.2147,1992,0.331840738,272904.4819,21955.47608,0.165920369,30279,Domestic
Anadara_granosa-Indian Ocean_Eastern,Anadara granosa,Blood cockle,"Clams, cockles, arkshells",Indian Ocean Eastern,0.633290252,0.744866277,0.818852545,0.900550356,1.087335311,0.115039978,0.828408036,193457.2147,1993,0.331840738,272904.4819,21955.47608,0.165920369,21648,Domestic
Anadara_granosa-Indian Ocean_Eastern,Anadara granosa,Blood cockle,"Clams, cockles, arkshells",Indian Ocean Eastern,0.604520601,0.714770252,0.780803809,0.862195602,1.045483532,0.112898459,0.794905696,193457.2147,1994,0.331840738,272904.4819,21955.47608,0.165920369,25209,Domestic
Anadara_granosa-Indian Ocean_Eastern,Anadara granosa,Blood cockle,"Clams, cockles, arkshells",Indian Ocean Eastern,0.642468966,0.745981316,0.810615251,0.889267247,1.076917745,0.111733945,0.824719616,193457.2147,1995,0.331840738,272904.4819,21955.47608,0.165920369,16712,Domestic
Anadara_granosa-Indian Ocean_Eastern,Anadara granosa,Blood cockle,"Clams, cockles, arkshells",Indian Ocean Eastern,0.649897801,0.746525164,0.808069785,0.883700823,1.068033466,0.108066194,0.821977063,193457.2147,1996,0.331840738,272904.4819,21955.47608,0.165920369,21227,Domestic
Anadara_granosa-Indian Ocean_Eastern,Anadara granosa,Blood cockle,"Clams, cockles, arkshells",Indian Ocean Eastern,0.567724876,0.6569638,0.716572832,0.794819079,0.988923853,0.107571086,0.733027969,193457.2147,1997,0.331840738,272904.4819,21955.47608,0.165920369,32692,Domestic
Anadara_granosa-Indian Ocean_Eastern,Anadara granosa,Blood cockle,"Clams, cockles, arkshells",Indian Ocean Eastern,0.538368695,0.626771748,0.684369618,0.761886266,0.952166338,0.106447441,0.7012788,193457.2147,1998,0.331840738,272904.4819,21955.47608,0.165920369,24012,Domestic
Anadara_granosa-Indian Ocean_Eastern,Anadara granosa,Blood cockle,"Clams, cockles, arkshells",Indian Ocean Eastern,0.495391834,0.582200301,0.639167679,0.717002393,0.908254498,0.107349247,0.656821503,193457.2147,1999,0.331840738,272904.4819,21955.47608,0.165920369,25349,Domestic
Anadara_granosa-Indian Ocean_Eastern,Anadara granosa,Blood cockle,"Clams, cockles, arkshells",Indian Ocean Eastern,0.422101153,0.516858354,0.581975402,0.658396602,0.854244505,0.111803211,0.596629786,193457.2147,2000,0.331840738,272904.4819,21955.47608,0.165920369,26885,Domestic
Anadara_granosa-Indian Ocean_Eastern,Anadara granosa,Blood cockle,"Clams, cockles, arkshells",Indian Ocean Eastern,0.477187305,0.572807314,0.634622817,0.712597181,0.911737945,0.112338391,0.651438921,193457.2147,2001,0.331840738,272904.4819,21955.47608,0.165920369,10201,Domestic
Anadara_granosa-Indian Ocean_Eastern,Anadara granosa,Blood cockle,"Clams, cockles, arkshells",Indian Ocean Eastern,0.5045851,0.595198645,0.660580438,0.737114256,0.944572081,0.111401529,0.675220558,193457.2147,2002,0.331840738,272904.4819,21955.47608,0.165920369,15353,Domestic
Anadara_granosa-Indian Ocean_Eastern,Anadara granosa,Blood cockle,"Clams, cockles, arkshells",Indian Ocean Eastern,0.562181544,0.653309191,0.714727846,0.783995334,0.985161769,0.109282528,0.729592042,193457.2147,2003,0.331840738,272904.4819,21955.47608,0.165920369,11527,Domestic
Anadara_granosa-Indian Ocean_Eastern,Anadara granosa,Blood cockle,"Clams, cockles, arkshells",Indian Ocean Eastern,0.555169344,0.642511224,0.701561092,0.779844398,0.963054894,0.107321118,0.719444956,193457.2147,2004,0.331840738,272904.4819,21955.47608,0.165920369,21036,Domestic
Anadara_granosa-Indian Ocean_Eastern,Anadara granosa,Blood cockle,"Clams, cockles, arkshells",Indian Ocean Eastern,0.540432141,0.625770511,0.685830953,0.761389508,0.947122757,0.104991522,0.701098282,193457.2147,2005,0.331840738,272904.4819,21955.47608,0.165920369,22119,Domestic
Anadara_granosa-Indian Ocean_Eastern,Anadara granosa,Blood cockle,"Clams, cockles, arkshells",Indian Ocean Eastern,0.509380559,0.589630498,0.654311969,0.734047778,0.911067146,0.105938197,0.669714532,193457.2147,2006,0.331840738,272904.4819,21955.47608,0.165920369,23521,Domestic
Anadara_granosa-Indian Ocean_Eastern,Anadara granosa,Blood cockle,"Clams, cockles, arkshells",Indian Ocean Eastern,0.417087142,0.499121759,0.566320557,0.653632721,0.828314715,0.110184811,0.58298224,193457.2147,2007,0.331840738,272904.4819,21955.47608,0.165920369,30510,Domestic
Anadara_granosa-Indian Ocean_Eastern,Anadara granosa,Blood cockle,"Clams, cockles, arkshells",Indian Ocean Eastern,0.319140966,0.414884715,0.492432876,0.583216192,0.770145303,0.120104348,0.50623622,193457.2147,2008,0.331840738,272904.4819,21955.47608,0.165920369,27659,Domestic
Anadara_granosa-Indian Ocean_Eastern,Anadara granosa,Blood cockle,"Clams, cockles, arkshells",Indian Ocean Eastern,0.385117586,0.48519891,0.574695614,0.669099491,0.860996187,0.127642245,0.584124225,193457.2147,2009,0.331840738,272904.4819,21955.47608,0.165920369,5444,Domestic
Anadara_granosa-Indian Ocean_Eastern,Anadara granosa,Blood cockle,"Clams, cockles, arkshells",Indian Ocean Eastern,0.441760759,0.552552705,0.650661397,0.753145782,0.938648988,0.134839665,0.65932679,193457.2147,2010,0.331840738,272904.4819,21955.47608,0.165920369,7295,Domestic
Anadara_granosa-Indian Ocean_Eastern,Anadara granosa,Blood cockle,"Clams, cockles, arkshells",Indian Ocean Eastern,0.424285324,0.549718826,0.657997604,0.763442314,0.944942871,0.142189922,0.662652072,193457.2147,2011,0.331840738,272904.4819,21955.47608,0.165920369,18064,Domestic
Anadara_granosa-Indian Ocean_Eastern,Anadara granosa,Blood cockle,"Clams, cockles, arkshells",Indian Ocean Eastern,0.404549232,0.550234115,0.667309822,0.7791287,0.941939328,0.149673239,0.666403967,193457.2147,2012,0.331840738,272904.4819,21955.47608,0.165920369,18076,Domestic
Anadara_granosa-Indian Ocean_Eastern,Anadara granosa,Blood cockle,"Clams, cockles, arkshells",Indian Ocean Eastern,0.350131636,0.51806015,0.650364898,0.76267324,0.920619627,0.159239165,0.639847609,193457.2147,2013,0.331840738,272904.4819,21955.47608,0.165920369,21859,Domestic
Anadara_granosa-Indian Ocean_Eastern,Anadara granosa,Blood cockle,"Clams, cockles, arkshells",Indian Ocean Eastern,0.287408158,0.483483188,0.637234481,0.754190898,0.899966614,0.172559353,0.616257547,193457.2147,2014,0.331840738,272904.4819,21955.47608,0.165920369,21201,Domestic
Anadara_granosa-Indian Ocean_Eastern,Anadara granosa,Blood cockle,"Clams, cockles, arkshells",Indian Ocean Eastern,0.143929023,0.372352766,0.549399254,0.682970899,0.801662606,0.191448896,0.51824656,193457.2147,2015,0.331840738,272904.4819,21955.47608,0.165920369,30701,Domestic
Anadara_granosa-Indian Ocean_Eastern,Anadara granosa,Blood cockle,"Clams, cockles, arkshells",Indian Ocean Eastern,0.057850638,0.338729968,0.55090382,0.697359025,0.79192503,0.219756133,0.504543803,193457.2147,2016,0.331840738,272904.4819,21955.47608,0.165920369,17403,Domestic
Anadara_granosa-Pacific_Western Central,Anadara granosa,Blood cockle,"Clams, cockles, arkshells",Pacific Western Central,1.024062221,1.218302598,1.37436088,1.561335535,1.831131467,0.223716035,1.389224998,189108.0117,1951,0.315607709,298828.3699,23414.13898,0.157803854,200,Domestic
Anadara_granosa-Pacific_Western Central,Anadara granosa,Blood cockle,"Clams, cockles, arkshells",Pacific Western Central,1.13587929,1.344678777,1.491790741,1.658573929,1.882610138,0.206608535,1.50014854,189108.0117,1952,0.315607709,298828.3699,23414.13898,0.157803854,200,Domestic
Anadara_granosa-Pacific_Western Central,Anadara granosa,Blood cockle,"Clams, cockles, arkshells",Pacific Western Central,1.257696832,1.473312453,1.596104703,1.735395183,1.912343332,0.181108493,1.59440046,189108.0117,1953,0.315607709,298828.3699,23414.13898,0.157803854,200,Domestic
Anadara_granosa-Pacific_Western Central,Anadara granosa,Blood cockle,"Clams, cockles, arkshells",Pacific Western Central,1.324185828,1.552920198,1.683831693,1.788973449,1.958601021,0.169293,1.666223043,189108.0117,1954,0.315607709,298828.3699,23414.13898,0.157803854,300,Domestic
Anadara_granosa-Pacific_Western Central,Anadara granosa,Blood cockle,"Clams, cockles, arkshells",Pacific Western Central,1.400532776,1.613545659,1.743568527,1.829877858,1.959718279,0.147056892,1.718673918,189108.0117,1955,0.315607709,298828.3699,23414.13898,0.157803854,300,Domestic
Anadara_granosa-Pacific_Western Central,Anadara granosa,Blood cockle,"Clams, cockles, arkshells",Pacific Western Central,1.464205312,1.681579711,1.780006801,1.858212147,1.975241112,0.131557216,1.761401996,189108.0117,1956,0.315607709,298828.3699,23414.13898,0.157803854,300,Domestic
Anadara_granosa-Pacific_Western Central,Anadara granosa,Blood cockle,"Clams, cockles, arkshells",Pacific Western Central,1.551395233,1.711861477,1.81069101,1.883150119,1.975139044,0.116894884,1.793500873,189108.0117,1957,0.315607709,298828.3699,23414.13898,0.157803854,300,Domestic
Anadara_granosa-Pacific_Western Central,Anadara granosa,Blood cockle,"Clams, cockles, arkshells",Pacific Western Central,1.558751644,1.739175722,1.813362158,1.874439841,1.977327756,0.107508745,1.800999307,189108.0117,1958,0.315607709,298828.3699,23414.13898,0.157803854,300,Domestic
Anadara_granosa-Pacific_Western Central,Anadara granosa,Blood cockle,"Clams, cockles, arkshells",Pacific Western Central,1.586348277,1.740147772,1.820819616,1.885533425,1.979957766,0.105799806,1.809738251,189108.0117,1959,0.315607709,298828.3699,23414.13898,0.157803854,300,Domestic
Anadara_granosa-Pacific_Western Central,Anadara granosa,Blood cockle,"Clams, cockles, arkshells",Pacific Western Central,1.582590624,1.745042013,1.826667817,1.894444317,1.978319036,0.103994748,1.815901119,189108.0117,1960,0.315607709,298828.3699,23414.13898,0.157803854,300,Domestic
Anadara_granosa-Pacific_Western Central,Anadara granosa,Blood cockle,"Clams, cockles, arkshells",Pacific Western Central,1.615075451,1.750823602,1.823129232,1.898317237,1.985617486,0.099623026,1.819825024,189108.0117,1961,0.315607709,298828.3699,23414.13898,0.157803854,300,Domestic
Anadara_granosa-Pacific_Western Central,Anadara granosa,Blood cockle,"Clams, cockles, arkshells",Pacific Western Central,1.635402295,1.769231392,1.835371461,1.905346653,1.985694391,0.095085005,1.831083601,189108.0117,1962,0.315607709,298828.3699,23414.13898,0.157803854,300,Domestic
Anadara_granosa-Pacific_Western Central,Anadara granosa,Blood cockle,"Clams, cockles, arkshells",Pacific Western Central,1.633468356,1.771933705,1.832979411,1.897537297,1.97568984,0.091049289,1.828714301,189108.0117,1963,0.315607709,298828.3699,23414.13898,0.157803854,400,Domestic
Anadara_granosa-Pacific_Western Central,Anadara granosa,Blood cockle,"Clams, cockles, arkshells",Pacific Western Central,1.616873513,1.774175395,1.842815205,1.897833387,1.990482918,0.094193372,1.83130832,189108.0117,1964,0.315607709,298828.3699,23414.13898,0.157803854,400,Domestic
Anadara_granosa-Pacific_Western Central,Anadara granosa,Blood cockle,"Clams, cockles, arkshells",Pacific Western Central,1.636468855,1.787769749,1.851622638,1.903848086,1.988344341,0.094442606,1.839630372,189108.0117,1965,0.315607709,298828.3699,23414.13898,0.157803854,400,Domestic
Anadara_granosa-Pacific_Western Central,Anadara granosa,Blood cockle,"Clams, cockles, arkshells",Pacific Western Central,1.651356472,1.768309541,1.829590479,1.897824679,1.9838347,0.091102176,1.828962741,189108.0117,1966,0.315607709,298828.3699,23414.13898,0.157803854,500,Domestic
Anadara_granosa-Pacific_Western Central,Anadara granosa,Blood cockle,"Clams, cockles, arkshells",Pacific Western Central,1.644497547,1.767084956,1.836813336,1.897784664,1.976347763,0.090631396,1.830256123,189108.0117,1967,0.315607709,298828.3699,23414.13898,0.157803854,400,Domestic
Anadara_granosa-Pacific_Western Central,Anadara granosa,Blood cockle,"Clams, cockles, arkshells",Pacific Western Central,1.636966779,1.767433709,1.827508534,1.897734056,1.976495856,0.092801395,1.827146754,189108.0117,1968,0.315607709,298828.3699,23414.13898,0.157803854,500,Domestic
Anadara_granosa-Pacific_Western Central,Anadara granosa,Blood cockle,"Clams, cockles, arkshells",Pacific Western Central,1.62880003,1.762449151,1.840578351,1.907920129,1.979100392,0.094205218,1.831652021,189108.0117,1969,0.315607709,298828.3699,23414.13898,0.157803854,500,Domestic
Anadara_granosa-Pacific_Western Central,Anadara granosa,Blood cockle,"Clams, cockles, arkshells",Pacific Western Central,1.623636835,1.766090656,1.841637199,1.901274527,1.987241477,0.094231798,1.830396364,189108.0117,1970,0.315607709,298828.3699,23414.13898,0.157803854,500,Domestic
Anadara_granosa-Pacific_Western Central,Anadara granosa,Blood cockle,"Clams, cockles, arkshells",Pacific Western Central,1.624474819,1.765176506,1.837366714,1.902304409,1.98039132,0.097081735,1.82606665,189108.0117,1971,0.315607709,298828.3699,23414.13898,0.157803854,500,Domestic
Anadara_granosa-Pacific_Western Central,Anadara granosa,Blood cockle,"Clams, cockles, arkshells",Pacific Western Central,1.628164377,1.770685329,1.837847272,1.897518788,1.985680066,0.092099141,1.829466112,189108.0117,1972,0.315607709,298828.3699,23414.13898,0.157803854,600,Domestic
Anadara_granosa-Pacific_Western Central,Anadara granosa,Blood cockle,"Clams, cockles, arkshells",Pacific Western Central,1.631076647,1.77735339,1.840612266,1.897785948,1.981217884,0.090530355,1.831711992,189108.0117,1973,0.315607709,298828.3699,23414.13898,0.157803854,500,Domestic
Anadara_granosa-Pacific_Western Central,Anadara granosa,Blood cockle,"Clams, cockles, arkshells",Pacific Western Central,1.650794452,1.764474683,1.839021617,1.9057317,1.980044006,0.090780885,1.832706756,189108.0117,1974,0.315607709,298828.3699,23414.13898,0.157803854,603,Domestic
Anadara_granosa-Pacific_Western Central,Anadara granosa,Blood cockle,"Clams, cockles, arkshells",Pacific Western Central,1.629749554,1.76075591,1.830366302,1.892036313,1.973879056,0.089834418,1.824323305,189108.0117,1975,0.315607709,298828.3699,23414.13898,0.157803854,2206,Domestic
Anadara_granosa-Pacific_Western Central,Anadara granosa,Blood cockle,"Clams, cockles, arkshells",Pacific Western Central,1.631731191,1.746334899,1.820275245,1.893567328,1.977415136,0.098502675,1.81682622,189108.0117,1976,0.315607709,298828.3699,23414.13898,0.157803854,2694,Domestic
Anadara_granosa-Pacific_Western Central,Anadara granosa,Blood cockle,"Clams, cockles, arkshells",Pacific Western Central,1.613267464,1.765582754,1.834556947,1.895227676,1.982581391,0.096764554,1.826587617,189108.0117,1977,0.315607709,298828.3699,23414.13898,0.157803854,2443,Domestic
Anadara_granosa-Pacific_Western Central,Anadara granosa,Blood cockle,"Clams, cockles, arkshells",Pacific Western Central,1.597894668,1.729213394,1.805546253,1.86887436,1.973208278,0.101220651,1.798758431,189108.0117,1978,0.315607709,298828.3699,23414.13898,0.157803854,8636,Domestic
Anadara_granosa-Pacific_Western Central,Anadara granosa,Blood cockle,"Clams, cockles, arkshells",Pacific Western Central,1.590846991,1.709848929,1.786117753,1.859475794,1.965454356,0.099742906,1.783758379,189108.0117,1979,0.315607709,298828.3699,23414.13898,0.157803854,6540,Domestic
Anadara_granosa-Pacific_Western Central,Anadara granosa,Blood cockle,"Clams, cockles, arkshells",Pacific Western Central,1.543430493,1.710611481,1.798709847,1.869783917,1.975498627,0.113829254,1.788762244,189108.0117,1980,0.315607709,298828.3699,23414.13898,0.157803854,4657,Domestic
Anadara_granosa-Pacific_Western Central,Anadara granosa,Blood cockle,"Clams, cockles, arkshells",Pacific Western Central,1.539759199,1.71665383,1.784572531,1.872337649,1.985353146,0.113965706,1.786788987,189108.0117,1981,0.315607709,298828.3699,23414.13898,0.157803854,5197,Domestic
Anadara_granosa-Pacific_Western Central,Anadara granosa,Blood cockle,"Clams, cockles, arkshells",Pacific Western Central,1.551817666,1.718723765,1.794670283,1.873724874,1.980410848,0.110708582,1.78861846,189108.0117,1982,0.315607709,298828.3699,23414.13898,0.157803854,5011,Domestic
Anadara_granosa-Pacific_Western Central,Anadara granosa,Blood cockle,"Clams, cockles, arkshells",Pacific Western Central,1.528985934,1.709131472,1.783938729,1.854161498,1.968879246,0.111082335,1.777030834,189108.0117,1983,0.315607709,298828.3699,23414.13898,0.157803854,7800,Domestic
Anadara_granosa-Pacific_Western Central,Anadara granosa,Blood cockle,"Clams, cockles, arkshells",Pacific Western Central,1.508975264,1.672291054,1.752055317,1.821253376,1.958082138,0.115803105,1.747064476,189108.0117,1984,0.315607709,298828.3699,23414.13898,0.157803854,12396,Domestic
Anadara_granosa-Pacific_Western Central,Anadara granosa,Blood cockle,"Clams, cockles, arkshells",Pacific Western Central,1.458058608,1.649178086,1.728225898,1.810034376,1.933579583,0.118386189,1.727021752,189108.0117,1985,0.315607709,298828.3699,23414.13898,0.157803854,11778,Domestic
Anadara_granosa-Pacific_Western Central,Anadara granosa,Blood cockle,"Clams, cockles, arkshells",Pacific Western Central,1.49489683,1.64940567,1.726005621,1.810031457,1.927996036,0.115509561,1.724422542,189108.0117,1986,0.315607709,298828.3699,23414.13898,0.157803854,10475,Domestic
Anadara_granosa-Pacific_Western Central,Anadara granosa,Blood cockle,"Clams, cockles, arkshells",Pacific Western Central,1.476192499,1.638777812,1.721030319,1.794100074,1.953086113,0.117819568,1.720185779,189108.0117,1987,0.315607709,298828.3699,23414.13898,0.157803854,11466,Domestic
Anadara_granosa-Pacific_Western Central,Anadara granosa,Blood cockle,"Clams, cockles, arkshells",Pacific Western Central,1.488967499,1.633048901,1.7164227,1.804092066,1.926335386,0.117072939,1.716705397,189108.0117,1988,0.315607709,298828.3699,23414.13898,0.157803854,10336,Domestic
Anadara_granosa-Pacific_Western Central,Anadara granosa,Blood cockle,"Clams, cockles, arkshells",Pacific Western Central,1.486810959,1.623478144,1.722200283,1.799187788,1.920922548,0.115654039,1.714469519,189108.0117,1989,0.315607709,298828.3699,23414.13898,0.157803854,11015,Domestic
Anadara_granosa-Pacific_Western Central,Anadara granosa,Blood cockle,"Clams, cockles, arkshells",Pacific Western Central,1.478650437,1.629287643,1.716515747,1.801973071,1.930145514,0.116739907,1.71386713,189108.0117,1990,0.315607709,298828.3699,23414.13898,0.157803854,11697,Domestic
Anadara_granosa-Pacific_Western Central,Anadara granosa,Blood cockle,"Clams, cockles, arkshells",Pacific Western Central,1.511657327,1.641640957,1.731229712,1.79765669,1.947786682,0.115003729,1.722386433,189108.0117,1991,0.315607709,298828.3699,23414.13898,0.157803854,10540,Domestic
Anadara_granosa-Pacific_Western Central,Anadara granosa,Blood cockle,"Clams, cockles, arkshells",Pacific Western Central,1.457032113,1.600757382,1.687873972,1.779557296,1.927651793,0.123584102,1.690934893,189108.0117,1992,0.315607709,298828.3699,23414.13898,0.157803854,15393,Domestic
Anadara_granosa-Pacific_Western Central,Anadara granosa,Blood cockle,"Clams, cockles, arkshells",Pacific Western Central,1.422917995,1.561829292,1.640480503,1.730840612,1.868988023,0.119838128,1.644924414,189108.0117,1993,0.315607709,298828.3699,23414.13898,0.157803854,20149,Domestic
Anadara_granosa-Pacific_Western Central,Anadara granosa,Blood cockle,"Clams, cockles, arkshells",Pacific Western Central,1.345716756,1.514149917,1.595998846,1.688232247,1.826386786,0.125205054,1.599305974,189108.0117,1994,0.315607709,298828.3699,23414.13898,0.157803854,21738,Domestic
Anadara_granosa-Pacific_Western Central,Anadara granosa,Blood cockle,"Clams, cockles, arkshells",Pacific Western Central,1.295398998,1.446281671,1.524500986,1.604842248,1.738085225,0.116954056,1.520310983,189108.0117,1995,0.315607709,298828.3699,23414.13898,0.157803854,26949,Domestic
Anadara_granosa-Pacific_Western Central,Anadara granosa,Blood cockle,"Clams, cockles, arkshells",Pacific Western Central,1.246962182,1.394044084,1.476589067,1.567918064,1.697630341,0.125491448,1.475812361,189108.0117,1996,0.315607709,298828.3699,23414.13898,0.157803854,24956,Domestic
Anadara_granosa-Pacific_Western Central,Anadara granosa,Blood cockle,"Clams, cockles, arkshells",Pacific Western Central,1.284261376,1.452868688,1.546577797,1.623029437,1.794089025,0.12552656,1.54242419,189108.0117,1997,0.315607709,298828.3699,23414.13898,0.157803854,9227,Domestic
Anadara_granosa-Pacific_Western Central,Anadara granosa,Blood cockle,"Clams, cockles, arkshells",Pacific Western Central,1.38325801,1.51451769,1.603858986,1.68437984,1.852373935,0.125377738,1.605369402,189108.0117,1998,0.315607709,298828.3699,23414.13898,0.157803854,8020,Domestic
Anadara_granosa-Pacific_Western Central,Anadara granosa,Blood cockle,"Clams, cockles, arkshells",Pacific Western Central,1.443449125,1.56713561,1.645763165,1.724750311,1.876540715,0.115696912,1.65059196,189108.0117,1999,0.315607709,298828.3699,23414.13898,0.157803854,10318,Domestic
Anadara_granosa-Pacific_Western Central,Anadara granosa,Blood cockle,"Clams, cockles, arkshells",Pacific Western Central,1.519698861,1.626921645,1.693449192,1.779853806,1.922245805,0.108303355,1.705196657,189108.0117,2000,0.315607709,298828.3699,23414.13898,0.157803854,8782,Domestic
Anadara_granosa-Pacific_Western Central,Anadara granosa,Blood cockle,"Clams, cockles, arkshells",Pacific Western Central,1.261841243,1.360002328,1.430791072,1.499167848,1.613497024,0.095048513,1.431320947,189108.0117,2001,0.315607709,298828.3699,23414.13898,0.157803854,55389,Domestic
Anadara_granosa-Pacific_Western Central,Anadara granosa,Blood cockle,"Clams, cockles, arkshells",Pacific Western Central,1.003443274,1.122231625,1.182832408,1.247832378,1.374793373,0.095114116,1.187084355,189108.0117,2002,0.315607709,298828.3699,23414.13898,0.157803854,57281,Domestic
Anadara_granosa-Pacific_Western Central,Anadara granosa,Blood cockle,"Clams, cockles, arkshells",Pacific Western Central,0.92524432,1.029684159,1.084309259,1.157104303,1.266309732,0.089011846,1.091561091,189108.0117,2003,0.315607709,298828.3699,23414.13898,0.157803854,38440,Domestic
Anadara_granosa-Pacific_Western Central,Anadara granosa,Blood cockle,"Clams, cockles, arkshells",Pacific Western Central,0.788420669,0.88429777,0.939482458,1.000593641,1.130068084,0.086950869,0.946530186,189108.0117,2004,0.315607709,298828.3699,23414.13898,0.157803854,46029,Domestic
Anadara_granosa-Pacific_Western Central,Anadara granosa,Blood cockle,"Clams, cockles, arkshells",Pacific Western Central,0.701624189,0.800907988,0.84874219,0.90797124,1.049984574,0.08272078,0.856027186,189108.0117,2005,0.315607709,298828.3699,23414.13898,0.157803854,37024,Domestic
Anadara_granosa-Pacific_Western Central,Anadara granosa,Blood cockle,"Clams, cockles, arkshells",Pacific Western Central,0.655204018,0.751234928,0.799790228,0.858204002,0.994171008,0.084000005,0.807237539,189108.0117,2006,0.315607709,298828.3699,23414.13898,0.157803854,30813,Domestic
Anadara_granosa-Pacific_Western Central,Anadara granosa,Blood cockle,"Clams, cockles, arkshells",Pacific Western Central,0.577519969,0.662007783,0.718288798,0.775474768,0.89989368,0.086324227,0.723806713,189108.0117,2007,0.315607709,298828.3699,23414.13898,0.157803854,35335,Domestic
Anadara_granosa-Pacific_Western Central,Anadara granosa,Blood cockle,"Clams, cockles, arkshells",Pacific Western Central,0.581717192,0.665739827,0.719238161,0.775554925,0.915123386,0.088596988,0.726907158,189108.0117,2008,0.315607709,298828.3699,23414.13898,0.157803854,20997,Domestic
Anadara_granosa-Pacific_Western Central,Anadara granosa,Blood cockle,"Clams, cockles, arkshells",Pacific Western Central,0.532328816,0.61924611,0.677129144,0.750355186,0.905678627,0.095738111,0.689282285,189108.0117,2009,0.315607709,298828.3699,23414.13898,0.157803854,27135,Domestic
Anadara_granosa-Pacific_Western Central,Anadara granosa,Blood cockle,"Clams, cockles, arkshells",Pacific Western Central,0.469314545,0.55824584,0.626655694,0.701957886,0.867753463,0.102028077,0.637353353,189108.0117,2010,0.315607709,298828.3699,23414.13898,0.157803854,28651,Domestic
Anadara_granosa-Pacific_Western Central,Anadara granosa,Blood cockle,"Clams, cockles, arkshells",Pacific Western Central,0.453173103,0.540645355,0.613473017,0.702630268,0.849299286,0.110009861,0.624148601,189108.0117,2011,0.315607709,298828.3699,23414.13898,0.157803854,22395,Domestic
Anadara_granosa-Pacific_Western Central,Anadara granosa,Blood cockle,"Clams, cockles, arkshells",Pacific Western Central,0.388224807,0.475909565,0.560722929,0.666292535,0.818593282,0.123359498,0.576009376,189108.0117,2012,0.315607709,298828.3699,23414.13898,0.157803854,27041,Domestic
Anadara_granosa-Pacific_Western Central,Anadara granosa,Blood cockle,"Clams, cockles, arkshells",Pacific Western Central,0.313556752,0.41640147,0.512970825,0.637541948,0.798721591,0.138853907,0.528905387,189108.0117,2013,0.315607709,298828.3699,23414.13898,0.157803854,25408,Domestic
Anadara_granosa-Pacific_Western Central,Anadara granosa,Blood cockle,"Clams, cockles, arkshells",Pacific Western Central,0.20760825,0.331253954,0.44070369,0.587692828,0.769545302,0.161134619,0.457617021,189108.0117,2014,0.315607709,298828.3699,23414.13898,0.157803854,28309,Domestic
Anadara_granosa-Pacific_Western Central,Anadara granosa,Blood cockle,"Clams, cockles, arkshells",Pacific Western Central,0.12486637,0.27822639,0.405744814,0.589274514,0.768103896,0.19072017,0.426137515,189108.0117,2015,0.315607709,298828.3699,23414.13898,0.157803854,20608,Domestic
Anadara_granosa-Pacific_Western Central,Anadara granosa,Blood cockle,"Clams, cockles, arkshells",Pacific Western Central,0.034139469,0.221136749,0.370902215,0.590410624,0.777453846,0.225224981,0.397779982,189108.0117,2016,0.315607709,298828.3699,23414.13898,0.157803854,19030,Domestic
Anarhichas_lupus-Atlantic_Northeast,Anarhichas lupus,Atlantic wolffish,Miscellaneous demersal fishes,Atlantic Northeast,0.616383216,0.904424869,1.056072026,1.185671415,1.404849087,0.203504066,1.040848341,288121.7777,1950,0.129008696,574942.2694,17468.23792,0.064504348,13400,CBA
Anarhichas_lupus-Atlantic_Northeast,Anarhichas lupus,Atlantic wolffish,Miscellaneous demersal fishes,Atlantic Northeast,0.620709813,0.907933632,1.05282147,1.184004191,1.410803444,0.204468098,1.043884659,288121.7777,1951,0.129008696,574942.2694,17468.23792,0.064504348,18500,CBA
Anarhichas_lupus-Atlantic_Northeast,Anarhichas lupus,Atlantic wolffish,Miscellaneous demersal fishes,Atlantic Northeast,0.60134556,0.884666846,1.026657206,1.159580013,1.396365058,0.201359824,1.018546181,288121.7777,1952,0.129008696,574942.2694,17468.23792,0.064504348,25900,CBA
Anarhichas_lupus-Atlantic_Northeast,Anarhichas lupus,Atlantic wolffish,Miscellaneous demersal fishes,Atlantic Northeast,0.588473536,0.871378568,1.008463782,1.134397337,1.379381141,0.200920053,1.001149945,288121.7777,1953,0.129008696,574942.2694,17468.23792,0.064504348,24100,CBA
Anarhichas_lupus-Atlantic_Northeast,Anarhichas lupus,Atlantic wolffish,Miscellaneous demersal fishes,Atlantic Northeast,0.610482211,0.880179668,1.020006154,1.14756877,1.399549563,0.201547212,1.01199653,288121.7777,1954,0.129008696,574942.2694,17468.23792,0.064504348,16700,CBA
Anarhichas_lupus-Atlantic_Northeast,Anarhichas lupus,Atlantic wolffish,Miscellaneous demersal fishes,Atlantic Northeast,0.625240462,0.891303663,1.026444057,1.162352593,1.404913687,0.201962544,1.023147175,288121.7777,1955,0.129008696,574942.2694,17468.23792,0.064504348,16200,CBA
Anarhichas_lupus-Atlantic_Northeast,Anarhichas lupus,Atlantic wolffish,Miscellaneous demersal fishes,Atlantic Northeast,0.632109981,0.885423194,1.016266019,1.150570104,1.407459524,0.199604026,1.016397578,288121.7777,1956,0.129008696,574942.2694,17468.23792,0.064504348,20400,CBA
Anarhichas_lupus-Atlantic_Northeast,Anarhichas lupus,Atlantic wolffish,Miscellaneous demersal fishes,Atlantic Northeast,0.617070553,0.865864017,1.001301747,1.124491505,1.387920491,0.196707411,0.997839116,288121.7777,1957,0.129008696,574942.2694,17468.23792,0.064504348,23800,CBA
Anarhichas_lupus-Atlantic_Northeast,Anarhichas lupus,Atlantic wolffish,Miscellaneous demersal fishes,Atlantic Northeast,0.586357893,0.828174673,0.954557768,1.084161091,1.357328513,0.193967011,0.958061099,288121.7777,1958,0.129008696,574942.2694,17468.23792,0.064504348,29300,CBA
Anarhichas_lupus-Atlantic_Northeast,Anarhichas lupus,Atlantic wolffish,Miscellaneous demersal fishes,Atlantic Northeast,0.57876046,0.80702958,0.938331834,1.061693867,1.334666991,0.190182163,0.940335167,288121.7777,1959,0.129008696,574942.2694,17468.23792,0.064504348,23100,CBA
Anarhichas_lupus-Atlantic_Northeast,Anarhichas lupus,Atlantic wolffish,Miscellaneous demersal fishes,Atlantic Northeast,0.587724321,0.794399621,0.9237116,1.047485951,1.307423866,0.187055078,0.927205706,288121.7777,1960,0.129008696,574942.2694,17468.23792,0.064504348,21400,CBA
Anarhichas_lupus-Atlantic_Northeast,Anarhichas lupus,Atlantic wolffish,Miscellaneous demersal fishes,Atlantic Northeast,0.562382401,0.768592284,0.889704287,1.012677847,1.284024887,0.18493592,0.897418629,288121.7777,1961,0.129008696,574942.2694,17468.23792,0.064504348,25800,CBA
Anarhichas_lupus-Atlantic_Northeast,Anarhichas lupus,Atlantic wolffish,Miscellaneous demersal fishes,Atlantic Northeast,0.52679637,0.7318251,0.852698961,0.974768581,1.242050089,0.182447088,0.859770669,288121.7777,1962,0.129008696,574942.2694,17468.23792,0.064504348,28100,CBA
Anarhichas_lupus-Atlantic_Northeast,Anarhichas lupus,Atlantic wolffish,Miscellaneous demersal fishes,Atlantic Northeast,0.484287762,0.674549155,0.791572731,0.914616359,1.183050159,0.180289772,0.801029146,288121.7777,1963,0.129008696,574942.2694,17468.23792,0.064504348,33400,CBA
Anarhichas_lupus-Atlantic_Northeast,Anarhichas lupus,Atlantic wolffish,Miscellaneous demersal fishes,Atlantic Northeast,0.468634343,0.658214496,0.776278559,0.899047944,1.158518209,0.180679509,0.784719245,288121.7777,1964,0.129008696,574942.2694,17468.23792,0.064504348,21200,CBA
Anarhichas_lupus-Atlantic_Northeast,Anarhichas lupus,Atlantic wolffish,Miscellaneous demersal fishes,Atlantic Northeast,0.455913309,0.637014772,0.75435785,0.882909004,1.146814087,0.180295332,0.767683198,288121.7777,1965,0.129008696,574942.2694,17468.23792,0.064504348,21000,CBA
Anarhichas_lupus-Atlantic_Northeast,Anarhichas lupus,Atlantic wolffish,Miscellaneous demersal fishes,Atlantic Northeast,0.452907849,0.633034534,0.745290627,0.877099472,1.150299117,0.180890091,0.762443598,288121.7777,1966,0.129008696,574942.2694,17468.23792,0.064504348,17800,CBA
Anarhichas_lupus-Atlantic_Northeast,Anarhichas lupus,Atlantic wolffish,Miscellaneous demersal fishes,Atlantic Northeast,0.44014123,0.622663097,0.731596227,0.865130741,1.125726191,0.179864667,0.748849006,288121.7777,1967,0.129008696,574942.2694,17468.23792,0.064504348,19800,CBA
Anarhichas_lupus-Atlantic_Northeast,Anarhichas lupus,Atlantic wolffish,Miscellaneous demersal fishes,Atlantic Northeast,0.437861955,0.618696921,0.726566522,0.85573848,1.137957996,0.178716916,0.742569898,288121.7777,1968,0.129008696,574942.2694,17468.23792,0.064504348,17400,CBA
Anarhichas_lupus-Atlantic_Northeast,Anarhichas lupus,Atlantic wolffish,Miscellaneous demersal fishes,Atlantic Northeast,0.448903524,0.616630996,0.726550938,0.856775641,1.145051625,0.17892293,0.744338478,288121.7777,1969,0.129008696,574942.2694,17468.23792,0.064504348,15400,CBA
Anarhichas_lupus-Atlantic_Northeast,Anarhichas lupus,Atlantic wolffish,Miscellaneous demersal fishes,Atlantic Northeast,0.454677873,0.623355139,0.73789036,0.859389864,1.138752639,0.177097753,0.751106707,288121.7777,1970,0.129008696,574942.2694,17468.23792,0.064504348,13600,CBA
Anarhichas_lupus-Atlantic_Northeast,Anarhichas lupus,Atlantic wolffish,Miscellaneous demersal fishes,Atlantic Northeast,0.456417235,0.628404069,0.736768979,0.865491204,1.142204299,0.176566878,0.755262408,288121.7777,1971,0.129008696,574942.2694,17468.23792,0.064504348,14500,CBA
Anarhichas_lupus-Atlantic_Northeast,Anarhichas lupus,Atlantic wolffish,Miscellaneous demersal fishes,Atlantic Northeast,0.452547027,0.620710929,0.731917533,0.860836586,1.136804081,0.176232583,0.748779728,288121.7777,1972,0.129008696,574942.2694,17468.23792,0.064504348,17900,CBA
Anarhichas_lupus-Atlantic_Northeast,Anarhichas lupus,Atlantic wolffish,Miscellaneous demersal fishes,Atlantic Northeast,0.446416724,0.607726188,0.720361443,0.853244225,1.114419889,0.176256389,0.738620803,288121.7777,1973,0.129008696,574942.2694,17468.23792,0.064504348,19000,CBA
Anarhichas_lupus-Atlantic_Northeast,Anarhichas lupus,Atlantic wolffish,Miscellaneous demersal fishes,Atlantic Northeast,0.435464281,0.598354224,0.704763964,0.839724885,1.114511104,0.176610926,0.725862488,288121.7777,1974,0.129008696,574942.2694,17468.23792,0.064504348,19494,CBA
Anarhichas_lupus-Atlantic_Northeast,Anarhichas lupus,Atlantic wolffish,Miscellaneous demersal fishes,Atlantic Northeast,0.417319701,0.584693556,0.693285708,0.824796239,1.09583423,0.177179377,0.713306405,288121.7777,1975,0.129008696,574942.2694,17468.23792,0.064504348,18853,CBA
Anarhichas_lupus-Atlantic_Northeast,Anarhichas lupus,Atlantic wolffish,Miscellaneous demersal fishes,Atlantic Northeast,0.412944129,0.575032894,0.684504952,0.817064127,1.088871402,0.17692,0.705296913,288121.7777,1976,0.129008696,574942.2694,17468.23792,0.064504348,17440,CBA
Anarhichas_lupus-Atlantic_Northeast,Anarhichas lupus,Atlantic wolffish,Miscellaneous demersal fishes,Atlantic Northeast,0.407072213,0.572361313,0.679618797,0.814377421,1.088940709,0.177101517,0.699953915,288121.7777,1977,0.129008696,574942.2694,17468.23792,0.064504348,16552,CBA
Anarhichas_lupus-Atlantic_Northeast,Anarhichas lupus,Atlantic wolffish,Miscellaneous demersal fishes,Atlantic Northeast,0.405199855,0.573639364,0.679947262,0.809796473,1.078259354,0.1763151,0.699748305,288121.7777,1978,0.129008696,574942.2694,17468.23792,0.064504348,15039,CBA
Anarhichas_lupus-Atlantic_Northeast,Anarhichas lupus,Atlantic wolffish,Miscellaneous demersal fishes,Atlantic Northeast,0.399703045,0.566060539,0.671956468,0.804638221,1.074498442,0.177366692,0.693343704,288121.7777,1979,0.129008696,574942.2694,17468.23792,0.064504348,16939,CBA
Anarhichas_lupus-Atlantic_Northeast,Anarhichas lupus,Atlantic wolffish,Miscellaneous demersal fishes,Atlantic Northeast,0.408891139,0.575532587,0.683105476,0.811729497,1.080124359,0.176244067,0.703285892,288121.7777,1980,0.129008696,574942.2694,17468.23792,0.064504348,11963,CBA
Anarhichas_lupus-Atlantic_Northeast,Anarhichas lupus,Atlantic wolffish,Miscellaneous demersal fishes,Atlantic Northeast,0.424214426,0.588047216,0.698391752,0.827054957,1.105670428,0.175364187,0.715748248,288121.7777,1981,0.129008696,574942.2694,17468.23792,0.064504348,11804,CBA
Anarhichas_lupus-Atlantic_Northeast,Anarhichas lupus,Atlantic wolffish,Miscellaneous demersal fishes,Atlantic Northeast,0.433561013,0.596378476,0.7070747,0.82515948,1.108809575,0.173952247,0.723293332,288121.7777,1982,0.129008696,574942.2694,17468.23792,0.064504348,12432,CBA
Anarhichas_lupus-Atlantic_Northeast,Anarhichas lupus,Atlantic wolffish,Miscellaneous demersal fishes,Atlantic Northeast,0.434625954,0.589004722,0.700316021,0.821525218,1.105492967,0.171987599,0.716963221,288121.7777,1983,0.129008696,574942.2694,17468.23792,0.064504348,16589,CBA
Anarhichas_lupus-Atlantic_Northeast,Anarhichas lupus,Atlantic wolffish,Miscellaneous demersal fishes,Atlantic Northeast,0.427382828,0.59779162,0.707740319,0.821911116,1.101987269,0.171498039,0.721318869,288121.7777,1984,0.129008696,574942.2694,17468.23792,0.064504348,14023,CBA
Anarhichas_lupus-Atlantic_Northeast,Anarhichas lupus,Atlantic wolffish,Miscellaneous demersal fishes,Atlantic Northeast,0.442444526,0.602686366,0.71498162,0.828738252,1.10888407,0.171542585,0.728970058,288121.7777,1985,0.129008696,574942.2694,17468.23792,0.064504348,13137,CBA
Anarhichas_lupus-Atlantic_Northeast,Anarhichas lupus,Atlantic wolffish,Miscellaneous demersal fishes,Atlantic Northeast,0.449808773,0.60292668,0.713247419,0.827757687,1.09274063,0.169771382,0.726496625,288121.7777,1986,0.129008696,574942.2694,17468.23792,0.064504348,15753,CBA
Anarhichas_lupus-Atlantic_Northeast,Anarhichas lupus,Atlantic wolffish,Miscellaneous demersal fishes,Atlantic Northeast,0.442780289,0.600790907,0.70890166,0.826162993,1.088055967,0.168266439,0.721721462,288121.7777,1987,0.129008696,574942.2694,17468.23792,0.064504348,16489,CBA
Anarhichas_lupus-Atlantic_Northeast,Anarhichas lupus,Atlantic wolffish,Miscellaneous demersal fishes,Atlantic Northeast,0.431666779,0.589699325,0.697123312,0.809367567,1.071497871,0.164801964,0.709688634,288121.7777,1988,0.129008696,574942.2694,17468.23792,0.064504348,18248,CBA
Anarhichas_lupus-Atlantic_Northeast,Anarhichas lupus,Atlantic wolffish,Miscellaneous demersal fishes,Atlantic Northeast,0.428227094,0.585213157,0.686426538,0.800694901,1.063914809,0.162789577,0.702601383,288121.7777,1989,0.129008696,574942.2694,17468.23792,0.064504348,16503,CBA
Anarhichas_lupus-Atlantic_Northeast,Anarhichas lupus,Atlantic wolffish,Miscellaneous demersal fishes,Atlantic Northeast,0.423780857,0.578851609,0.680750874,0.789882023,1.032185077,0.158781333,0.693551159,288121.7777,1990,0.129008696,574942.2694,17468.23792,0.064504348,17336,CBA
Anarhichas_lupus-Atlantic_Northeast,Anarhichas lupus,Atlantic wolffish,Miscellaneous demersal fishes,Atlantic Northeast,0.412420379,0.560974851,0.657412153,0.766828255,1.018178524,0.157817063,0.67282185,288121.7777,1991,0.129008696,574942.2694,17468.23792,0.064504348,20724,CBA
Anarhichas_lupus-Atlantic_Northeast,Anarhichas lupus,Atlantic wolffish,Miscellaneous demersal fishes,Atlantic Northeast,0.400424527,0.544853754,0.642374337,0.749123951,1.017059416,0.157444213,0.657096286,288121.7777,1992,0.129008696,574942.2694,17468.23792,0.064504348,18821,CBA
Anarhichas_lupus-Atlantic_Northeast,Anarhichas lupus,Atlantic wolffish,Miscellaneous demersal fishes,Atlantic Northeast,0.40016076,0.543915976,0.640212178,0.747965806,0.997240655,0.154749592,0.654405621,288121.7777,1993,0.129008696,574942.2694,17468.23792,0.064504348,14900,CBA
Anarhichas_lupus-Atlantic_Northeast,Anarhichas lupus,Atlantic wolffish,Miscellaneous demersal fishes,Atlantic Northeast,0.401468506,0.546120111,0.639078579,0.745751375,0.998742184,0.153834661,0.654216982,288121.7777,1994,0.129008696,574942.2694,17468.23792,0.064504348,14298,CBA
Anarhichas_lupus-Atlantic_Northeast,Anarhichas lupus,Atlantic wolffish,Miscellaneous demersal fishes,Atlantic Northeast,0.396784893,0.545264101,0.638537039,0.751723412,0.997953538,0.153143131,0.655912849,288121.7777,1995,0.129008696,574942.2694,17468.23792,0.064504348,13825,CBA
Anarhichas_lupus-Atlantic_Northeast,Anarhichas lupus,Atlantic wolffish,Miscellaneous demersal fishes,Atlantic Northeast,0.395234122,0.53860417,0.63320306,0.738868174,0.984043479,0.151266367,0.648095594,288121.7777,1996,0.129008696,574942.2694,17468.23792,0.064504348,16474,CBA
Anarhichas_lupus-Atlantic_Northeast,Anarhichas lupus,Atlantic wolffish,Miscellaneous demersal fishes,Atlantic Northeast,0.403366323,0.547953382,0.638109262,0.741343987,0.985074678,0.14974589,0.652590434,288121.7777,1997,0.129008696,574942.2694,17468.23792,0.064504348,12672,CBA
Anarhichas_lupus-Atlantic_Northeast,Anarhichas lupus,Atlantic wolffish,Miscellaneous demersal fishes,Atlantic Northeast,0.402988906,0.548540465,0.641871387,0.74540401,0.974019993,0.149801404,0.654583673,288121.7777,1998,0.129008696,574942.2694,17468.23792,0.064504348,13776,CBA
Anarhichas_lupus-Atlantic_Northeast,Anarhichas lupus,Atlantic wolffish,Miscellaneous demersal fishes,Atlantic Northeast,0.398088772,0.543095144,0.633504175,0.739956084,0.986098815,0.147366543,0.647810202,288121.7777,1999,0.129008696,574942.2694,17468.23792,0.064504348,15773,CBA
Anarhichas_lupus-Atlantic_Northeast,Anarhichas lupus,Atlantic wolffish,Miscellaneous demersal fishes,Atlantic Northeast,0.392149087,0.529879264,0.621354126,0.723915085,0.959724707,0.145634827,0.634098223,288121.7777,2000,0.129008696,574942.2694,17468.23792,0.064504348,17788,CBA
Anarhichas_lupus-Atlantic_Northeast,Anarhichas lupus,Atlantic wolffish,Miscellaneous demersal fishes,Atlantic Northeast,0.375674212,0.508123095,0.598086694,0.706003798,0.932032434,0.144016782,0.612201147,288121.7777,2001,0.129008696,574942.2694,17468.23792,0.064504348,20087,CBA
Anarhichas_lupus-Atlantic_Northeast,Anarhichas lupus,Atlantic wolffish,Miscellaneous demersal fishes,Atlantic Northeast,0.365718951,0.498080671,0.590136477,0.695902552,0.921464782,0.144165737,0.602677951,288121.7777,2002,0.129008696,574942.2694,17468.23792,0.064504348,16173,CBA
Anarhichas_lupus-Atlantic_Northeast,Anarhichas lupus,Atlantic wolffish,Miscellaneous demersal fishes,Atlantic Northeast,0.346392993,0.48249458,0.574800908,0.678064019,0.891535728,0.143447943,0.585910304,288121.7777,2003,0.129008696,574942.2694,17468.23792,0.064504348,18125,CBA
Anarhichas_lupus-Atlantic_Northeast,Anarhichas lupus,Atlantic wolffish,Miscellaneous demersal fishes,Atlantic Northeast,0.339674651,0.475366498,0.571361276,0.67549737,0.886087072,0.145493338,0.581500244,288121.7777,2004,0.129008696,574942.2694,17468.23792,0.064504348,14720,CBA
Anarhichas_lupus-Atlantic_Northeast,Anarhichas lupus,Atlantic wolffish,Miscellaneous demersal fishes,Atlantic Northeast,0.322332102,0.45813387,0.558183918,0.666184474,0.87888253,0.145813796,0.568504599,288121.7777,2005,0.129008696,574942.2694,17468.23792,0.064504348,16521,CBA
Anarhichas_lupus-Atlantic_Northeast,Anarhichas lupus,Atlantic wolffish,Miscellaneous demersal fishes,Atlantic Northeast,0.299809344,0.43878878,0.542637319,0.648402371,0.857154555,0.14546635,0.550220735,288121.7777,2006,0.129008696,574942.2694,17468.23792,0.064504348,17887,CBA
Anarhichas_lupus-Atlantic_Northeast,Anarhichas lupus,Atlantic wolffish,Miscellaneous demersal fishes,Atlantic Northeast,0.278848316,0.417988225,0.524582415,0.637379088,0.838123836,0.148877107,0.532505003,288121.7777,2007,0.129008696,574942.2694,17468.23792,0.064504348,17719,CBA
Anarhichas_lupus-Atlantic_Northeast,Anarhichas lupus,Atlantic wolffish,Miscellaneous demersal fishes,Atlantic Northeast,0.257344999,0.396579438,0.517065791,0.630048642,0.821641519,0.152218335,0.519736246,288121.7777,2008,0.129008696,574942.2694,17468.23792,0.064504348,15876,CBA
Anarhichas_lupus-Atlantic_Northeast,Anarhichas lupus,Atlantic wolffish,Miscellaneous demersal fishes,Atlantic Northeast,0.229984524,0.374221746,0.504585337,0.62115278,0.807511081,0.158084509,0.500969226,288121.7777,2009,0.129008696,574942.2694,17468.23792,0.064504348,17426,CBA
Anarhichas_lupus-Atlantic_Northeast,Anarhichas lupus,Atlantic wolffish,Miscellaneous demersal fishes,Atlantic Northeast,0.203895576,0.356806728,0.492389951,0.615059052,0.795536192,0.163477821,0.48948996,288121.7777,2010,0.129008696,574942.2694,17468.23792,0.064504348,15049,CBA
Anarhichas_lupus-Atlantic_Northeast,Anarhichas lupus,Atlantic wolffish,Miscellaneous demersal fishes,Atlantic Northeast,0.183544537,0.345029416,0.491292513,0.616455144,0.781943609,0.169882274,0.481809137,288121.7777,2011,0.129008696,574942.2694,17468.23792,0.064504348,13588,CBA
Anarhichas_lupus-Atlantic_Northeast,Anarhichas lupus,Atlantic wolffish,Miscellaneous demersal fishes,Atlantic Northeast,0.159371916,0.335654767,0.490627642,0.625947857,0.779582318,0.178419177,0.478691756,288121.7777,2012,0.129008696,574942.2694,17468.23792,0.064504348,12469,CBA
Anarhichas_lupus-Atlantic_Northeast,Anarhichas lupus,Atlantic wolffish,Miscellaneous demersal fishes,Atlantic Northeast,0.140778233,0.327221259,0.494399423,0.635600244,0.786299675,0.187298409,0.479870446,288121.7777,2013,0.129008696,574942.2694,17468.23792,0.064504348,11125,CBA
Anarhichas_lupus-Atlantic_Northeast,Anarhichas lupus,Atlantic wolffish,Miscellaneous demersal fishes,Atlantic Northeast,0.121626152,0.331769658,0.507879441,0.655426647,0.793476459,0.196955806,0.486815193,288121.7777,2014,0.129008696,574942.2694,17468.23792,0.064504348,9633,CBA
Anarhichas_lupus-Atlantic_Northeast,Anarhichas lupus,Atlantic wolffish,Miscellaneous demersal fishes,Atlantic Northeast,0.092410299,0.324317497,0.516627537,0.671007611,0.797280685,0.208276479,0.48918195,288121.7777,2015,0.129008696,574942.2694,17468.23792,0.064504348,11092,CBA
Anarhichas_lupus-Atlantic_Northeast,Anarhichas lupus,Atlantic wolffish,Miscellaneous demersal fishes,Atlantic Northeast,0.064472826,0.313258348,0.521049686,0.684575006,0.789864614,0.21982644,0.487629232,288121.7777,2016,0.129008696,574942.2694,17468.23792,0.064504348,11732,CBA
Anarhichas_minor-Atlantic_Northeast,Anarhichas minor,Spotted wolffish,Miscellaneous demersal fishes,Atlantic Northeast,0.980814653,1.183108639,1.344696277,1.539626513,1.845786811,0.235680587,1.369309024,68804.45726,1974,0.272264124,109413.7295,7152.450237,0.136132062,43,Domestic
Anarhichas_minor-Atlantic_Northeast,Anarhichas minor,Spotted wolffish,Miscellaneous demersal fishes,Atlantic Northeast,1.063453715,1.292533337,1.463550984,1.638200474,1.897060024,0.226212733,1.467480681,68804.45726,1975,0.272264124,109413.7295,7152.450237,0.136132062,29,Domestic
Anarhichas_minor-Atlantic_Northeast,Anarhichas minor,Spotted wolffish,Miscellaneous demersal fishes,Atlantic Northeast,1.131810963,1.383217686,1.554335514,1.71258829,1.922890019,0.215598697,1.544525702,68804.45726,1976,0.272264124,109413.7295,7152.450237,0.136132062,354,Domestic
Anarhichas_minor-Atlantic_Northeast,Anarhichas minor,Spotted wolffish,Miscellaneous demersal fishes,Atlantic Northeast,1.177847914,1.454466758,1.619925744,1.759059037,1.940077459,0.205284844,1.600191392,68804.45726,1977,0.272264124,109413.7295,7152.450237,0.136132062,758,Domestic
Anarhichas_minor-Atlantic_Northeast,Anarhichas minor,Spotted wolffish,Miscellaneous demersal fishes,Atlantic Northeast,1.224047625,1.510503003,1.668252305,1.791593353,1.953898852,0.194797146,1.64226811,68804.45726,1978,0.272264124,109413.7295,7152.450237,0.136132062,857,Domestic
Anarhichas_minor-Atlantic_Northeast,Anarhichas minor,Spotted wolffish,Miscellaneous demersal fishes,Atlantic Northeast,1.270774874,1.557960406,1.701404773,1.817297254,1.958596924,0.184244383,1.674706629,68804.45726,1979,0.272264124,109413.7295,7152.450237,0.136132062,843,Domestic
Anarhichas_minor-Atlantic_Northeast,Anarhichas minor,Spotted wolffish,Miscellaneous demersal fishes,Atlantic Northeast,1.303872,1.591968891,1.72794222,1.833658815,1.966691044,0.175068314,1.700445565,68804.45726,1980,0.272264124,109413.7295,7152.450237,0.136132062,826,Domestic
Anarhichas_minor-Atlantic_Northeast,Anarhichas minor,Spotted wolffish,Miscellaneous demersal fishes,Atlantic Northeast,1.336279246,1.620976574,1.744293207,1.845501717,1.968361531,0.165968205,1.719314784,68804.45726,1981,0.272264124,109413.7295,7152.450237,0.136132062,869,Domestic
Anarhichas_minor-Atlantic_Northeast,Anarhichas minor,Spotted wolffish,Miscellaneous demersal fishes,Atlantic Northeast,1.357882668,1.643106297,1.758232721,1.850755071,1.971135538,0.157525863,1.734432234,68804.45726,1982,0.272264124,109413.7295,7152.450237,0.136132062,897,Domestic
Anarhichas_minor-Atlantic_Northeast,Anarhichas minor,Spotted wolffish,Miscellaneous demersal fishes,Atlantic Northeast,1.390978309,1.656486953,1.768693123,1.857092656,1.968959788,0.152190053,1.745026827,68804.45726,1983,0.272264124,109413.7295,7152.450237,0.136132062,928,Domestic
Anarhichas_minor-Atlantic_Northeast,Anarhichas minor,Spotted wolffish,Miscellaneous demersal fishes,Atlantic Northeast,1.401039909,1.667989182,1.772789845,1.858314197,1.972731531,0.146207706,1.751911271,68804.45726,1984,0.272264124,109413.7295,7152.450237,0.136132062,1040,Domestic
Anarhichas_minor-Atlantic_Northeast,Anarhichas minor,Spotted wolffish,Miscellaneous demersal fishes,Atlantic Northeast,1.421368905,1.681407194,1.775307599,1.860640598,1.973510719,0.140929156,1.75770082,68804.45726,1985,0.272264124,109413.7295,7152.450237,0.136132062,1019,Domestic
Anarhichas_minor-Atlantic_Northeast,Anarhichas minor,Spotted wolffish,Miscellaneous demersal fishes,Atlantic Northeast,1.434192708,1.684027417,1.78195729,1.865229299,1.974698291,0.137740158,1.763163506,68804.45726,1986,0.272264124,109413.7295,7152.450237,0.136132062,934,Domestic
Anarhichas_minor-Atlantic_Northeast,Anarhichas minor,Spotted wolffish,Miscellaneous demersal fishes,Atlantic Northeast,1.449422107,1.68741488,1.782588451,1.863419114,1.970518006,0.134494367,1.764610192,68804.45726,1987,0.272264124,109413.7295,7152.450237,0.136132062,1206,Domestic
Anarhichas_minor-Atlantic_Northeast,Anarhichas minor,Spotted wolffish,Miscellaneous demersal fishes,Atlantic Northeast,1.458840586,1.688247078,1.781010352,1.861147233,1.974078208,0.132811832,1.764956668,68804.45726,1988,0.272264124,109413.7295,7152.450237,0.136132062,1206,Domestic
Anarhichas_minor-Atlantic_Northeast,Anarhichas minor,Spotted wolffish,Miscellaneous demersal fishes,Atlantic Northeast,1.475237279,1.699856148,1.788761302,1.869402675,1.975462309,0.129425823,1.774550023,68804.45726,1989,0.272264124,109413.7295,7152.450237,0.136132062,631,Domestic
Anarhichas_minor-Atlantic_Northeast,Anarhichas minor,Spotted wolffish,Miscellaneous demersal fishes,Atlantic Northeast,1.486891305,1.702048536,1.795424373,1.873687192,1.97817492,0.127298187,1.779047933,68804.45726,1990,0.272264124,109413.7295,7152.450237,0.136132062,772,Domestic
Anarhichas_minor-Atlantic_Northeast,Anarhichas minor,Spotted wolffish,Miscellaneous demersal fishes,Atlantic Northeast,1.501313898,1.708724917,1.796020046,1.874539162,1.977109744,0.123646738,1.782431998,68804.45726,1991,0.272264124,109413.7295,7152.450237,0.136132062,851,Domestic
Anarhichas_minor-Atlantic_Northeast,Anarhichas minor,Spotted wolffish,Miscellaneous demersal fishes,Atlantic Northeast,1.503957755,1.710968958,1.799865585,1.876419459,1.980366951,0.122677179,1.785236373,68804.45726,1992,0.272264124,109413.7295,7152.450237,0.136132062,851,Domestic
Anarhichas_minor-Atlantic_Northeast,Anarhichas minor,Spotted wolffish,Miscellaneous demersal fishes,Atlantic Northeast,1.515858332,1.706730278,1.7924275,1.86865214,1.976914277,0.119954987,1.781048561,68804.45726,1993,0.272264124,109413.7295,7152.450237,0.136132062,1244,Domestic
Anarhichas_minor-Atlantic_Northeast,Anarhichas minor,Spotted wolffish,Miscellaneous demersal fishes,Atlantic Northeast,1.523577153,1.711988759,1.796469558,1.871613318,1.978190545,0.117962288,1.784935848,68804.45726,1994,0.272264124,109413.7295,7152.450237,0.136132062,916,Domestic
Anarhichas_minor-Atlantic_Northeast,Anarhichas minor,Spotted wolffish,Miscellaneous demersal fishes,Atlantic Northeast,1.535976835,1.722510708,1.803349033,1.87790142,1.977614914,0.115466133,1.792588055,68804.45726,1995,0.272264124,109413.7295,7152.450237,0.136132062,700,Domestic
Anarhichas_minor-Atlantic_Northeast,Anarhichas minor,Spotted wolffish,Miscellaneous demersal fishes,Atlantic Northeast,1.53268508,1.722129819,1.80462237,1.878208319,1.976800774,0.115041793,1.792871596,68804.45726,1996,0.272264124,109413.7295,7152.450237,0.136132062,1109,Domestic
Anarhichas_minor-Atlantic_Northeast,Anarhichas minor,Spotted wolffish,Miscellaneous demersal fishes,Atlantic Northeast,1.543503592,1.722541894,1.804861316,1.876588333,1.979709386,0.113824289,1.794267261,68804.45726,1997,0.272264124,109413.7295,7152.450237,0.136132062,1180,Domestic
Anarhichas_minor-Atlantic_Northeast,Anarhichas minor,Spotted wolffish,Miscellaneous demersal fishes,Atlantic Northeast,1.543661842,1.720580822,1.804433478,1.873760401,1.975579645,0.111934957,1.792132676,68804.45726,1998,0.272264124,109413.7295,7152.450237,0.136132062,1599,Domestic
Anarhichas_minor-Atlantic_Northeast,Anarhichas minor,Spotted wolffish,Miscellaneous demersal fishes,Atlantic Northeast,1.551563193,1.724689249,1.807125878,1.880626374,1.978095364,0.111952635,1.796017613,68804.45726,1999,0.272264124,109413.7295,7152.450237,0.136132062,1545,Domestic
Anarhichas_minor-Atlantic_Northeast,Anarhichas minor,Spotted wolffish,Miscellaneous demersal fishes,Atlantic Northeast,1.533090014,1.705124057,1.78715749,1.863316637,1.973696197,0.114100784,1.778835701,68804.45726,2000,0.272264124,109413.7295,7152.450237,0.136132062,2987,Domestic
Anarhichas_minor-Atlantic_Northeast,Anarhichas minor,Spotted wolffish,Miscellaneous demersal fishes,Atlantic Northeast,1.517702879,1.68752391,1.770968661,1.849921828,1.96554467,0.116116501,1.763966664,68804.45726,2001,0.272264124,109413.7295,7152.450237,0.136132062,3260,Domestic
Anarhichas_minor-Atlantic_Northeast,Anarhichas minor,Spotted wolffish,Miscellaneous demersal fishes,Atlantic Northeast,1.499576543,1.673154464,1.757228259,1.837819525,1.964425391,0.119393287,1.751042973,68804.45726,2002,0.272264124,109413.7295,7152.450237,0.136132062,3532,Domestic
Anarhichas_minor-Atlantic_Northeast,Anarhichas minor,Spotted wolffish,Miscellaneous demersal fishes,Atlantic Northeast,1.471418185,1.646099626,1.732325431,1.815480233,1.949378473,0.122379085,1.727505885,68804.45726,2003,0.272264124,109413.7295,7152.450237,0.136132062,4392,Domestic
Anarhichas_minor-Atlantic_Northeast,Anarhichas minor,Spotted wolffish,Miscellaneous demersal fishes,Atlantic Northeast,1.434116006,1.607828123,1.696932044,1.781815317,1.931975627,0.126240774,1.693128119,68804.45726,2004,0.272264124,109413.7295,7152.450237,0.136132062,5497,Domestic
Anarhichas_minor-Atlantic_Northeast,Anarhichas minor,Spotted wolffish,Miscellaneous demersal fishes,Atlantic Northeast,1.410770127,1.585561349,1.674835797,1.765728609,1.920704755,0.13001256,1.673681111,68804.45726,2005,0.272264124,109413.7295,7152.450237,0.136132062,5101,Domestic
Anarhichas_minor-Atlantic_Northeast,Anarhichas minor,Spotted wolffish,Miscellaneous demersal fishes,Atlantic Northeast,1.380563194,1.553725159,1.644897592,1.735028134,1.902515872,0.132357606,1.643675877,68804.45726,2006,0.272264124,109413.7295,7152.450237,0.136132062,5963,Domestic
Anarhichas_minor-Atlantic_Northeast,Anarhichas minor,Spotted wolffish,Miscellaneous demersal fishes,Atlantic Northeast,1.37508003,1.546210034,1.635253087,1.729426916,1.894069751,0.132999218,1.636291933,68804.45726,2007,0.272264124,109413.7295,7152.450237,0.136132062,5053,Domestic
Anarhichas_minor-Atlantic_Northeast,Anarhichas minor,Spotted wolffish,Miscellaneous demersal fishes,Atlantic Northeast,1.383869436,1.549169514,1.640640202,1.736110035,1.907321287,0.134677446,1.642235066,68804.45726,2008,0.272264124,109413.7295,7152.450237,0.136132062,4482,Domestic
Anarhichas_minor-Atlantic_Northeast,Anarhichas minor,Spotted wolffish,Miscellaneous demersal fishes,Atlantic Northeast,1.279000457,1.434803108,1.523051116,1.614586051,1.787410196,0.131274272,1.526228554,68804.45726,2009,0.272264124,109413.7295,7152.450237,0.136132062,10971,Domestic
Anarhichas_minor-Atlantic_Northeast,Anarhichas minor,Spotted wolffish,Miscellaneous demersal fishes,Atlantic Northeast,1.217136672,1.365738176,1.455166657,1.548309136,1.731566632,0.132946973,1.460671163,68804.45726,2010,0.272264124,109413.7295,7152.450237,0.136132062,9251,Domestic
Anarhichas_minor-Atlantic_Northeast,Anarhichas minor,Spotted wolffish,Miscellaneous demersal fishes,Atlantic Northeast,1.127607202,1.270475202,1.355606189,1.452193457,1.643784601,0.132884629,1.364828889,68804.45726,2011,0.272264124,109413.7295,7152.450237,0.136132062,11315,Domestic
Anarhichas_minor-Atlantic_Northeast,Anarhichas minor,Spotted wolffish,Miscellaneous demersal fishes,Atlantic Northeast,1.045003628,1.174154555,1.258006686,1.359937482,1.563424891,0.135231404,1.272624508,68804.45726,2012,0.272264124,109413.7295,7152.450237,0.136132062,11587,Domestic
Anarhichas_minor-Atlantic_Northeast,Anarhichas minor,Spotted wolffish,Miscellaneous demersal fishes,Atlantic Northeast,0.908194012,1.025361149,1.111789742,1.223588528,1.44571337,0.141942045,1.132220566,68804.45726,2013,0.272264124,109413.7295,7152.450237,0.136132062,14422,Domestic
Anarhichas_minor-Atlantic_Northeast,Anarhichas minor,Spotted wolffish,Miscellaneous demersal fishes,Atlantic Northeast,0.803905635,0.910566836,1.007922777,1.13522548,1.377976486,0.156232293,1.033887863,68804.45726,2014,0.272264124,109413.7295,7152.450237,0.136132062,12463,Domestic
Anarhichas_minor-Atlantic_Northeast,Anarhichas minor,Spotted wolffish,Miscellaneous demersal fishes,Atlantic Northeast,0.699697602,0.794808201,0.905293364,1.054393435,1.324344862,0.175136851,0.939052287,68804.45726,2015,0.272264124,109413.7295,7152.450237,0.136132062,12290,Domestic
Anarhichas_minor-Atlantic_Northeast,Anarhichas minor,Spotted wolffish,Miscellaneous demersal fishes,Atlantic Northeast,0.609463597,0.700879279,0.828116159,1.005494474,1.309547708,0.198205662,0.868645306,68804.45726,2016,0.272264124,109413.7295,7152.450237,0.136132062,10888,Domestic
Anguilla_anguilla-Atlantic_Northeast,Anguilla anguilla,European eel,River eels,Atlantic Northeast,0.657346674,0.938863852,1.072787865,1.189910484,1.38799536,0.186715511,1.058376706,109437.2681,1950,0.118630521,206904.4454,5965.865493,0.05931526,8200,CBA
Anguilla_anguilla-Atlantic_Northeast,Anguilla anguilla,European eel,River eels,Atlantic Northeast,0.657407169,0.929792181,1.060680921,1.183775674,1.404162237,0.188189654,1.050680454,109437.2681,1951,0.118630521,206904.4454,5965.865493,0.05931526,7800,CBA
Anguilla_anguilla-Atlantic_Northeast,Anguilla anguilla,European eel,River eels,Atlantic Northeast,0.666573273,0.919271275,1.055530306,1.174520301,1.391693612,0.184033002,1.043346165,109437.2681,1952,0.118630521,206904.4454,5965.865493,0.05931526,7000,CBA
Anguilla_anguilla-Atlantic_Northeast,Anguilla anguilla,European eel,River eels,Atlantic Northeast,0.666068362,0.907591164,1.03399788,1.149069309,1.356779292,0.179422516,1.025611758,109437.2681,1953,0.118630521,206904.4454,5965.865493,0.05931526,8500,CBA
Anguilla_anguilla-Atlantic_Northeast,Anguilla anguilla,European eel,River eels,Atlantic Northeast,0.646345655,0.898268023,1.02528401,1.132189216,1.335993772,0.176944134,1.014437052,109437.2681,1954,0.118630521,206904.4454,5965.865493,0.05931526,7600,CBA
Anguilla_anguilla-Atlantic_Northeast,Anguilla anguilla,European eel,River eels,Atlantic Northeast,0.635274956,0.871546361,0.990305904,1.094151221,1.292037518,0.171246082,0.983836954,109437.2681,1955,0.118630521,206904.4454,5965.865493,0.05931526,9600,CBA
Anguilla_anguilla-Atlantic_Northeast,Anguilla anguilla,European eel,River eels,Atlantic Northeast,0.630661897,0.860833213,0.990421649,1.085334154,1.288759013,0.169278639,0.976689164,109437.2681,1956,0.118630521,206904.4454,5965.865493,0.05931526,7100,CBA
Anguilla_anguilla-Atlantic_Northeast,Anguilla anguilla,European eel,River eels,Atlantic Northeast,0.63821125,0.854822445,0.970128031,1.07021833,1.279609164,0.166122554,0.963480699,109437.2681,1957,0.118630521,206904.4454,5965.865493,0.05931526,7600,CBA
Anguilla_anguilla-Atlantic_Northeast,Anguilla anguilla,European eel,River eels,Atlantic Northeast,0.636187041,0.844138948,0.962434342,1.058344532,1.280839928,0.16581916,0.956336212,109437.2681,1958,0.118630521,206904.4454,5965.865493,0.05931526,7100,CBA
Anguilla_anguilla-Atlantic_Northeast,Anguilla anguilla,European eel,River eels,Atlantic Northeast,0.62643514,0.836525798,0.931599876,1.03549264,1.26995467,0.161601299,0.936435876,109437.2681,1959,0.118630521,206904.4454,5965.865493,0.05931526,8600,CBA
Anguilla_anguilla-Atlantic_Northeast,Anguilla anguilla,European eel,River eels,Atlantic Northeast,0.622324457,0.814279607,0.913004189,1.027680724,1.229814775,0.157709108,0.918187597,109437.2681,1960,0.118630521,206904.4454,5965.865493,0.05931526,8200,CBA
Anguilla_anguilla-Atlantic_Northeast,Anguilla anguilla,European eel,River eels,Atlantic Northeast,0.609570933,0.800318019,0.890658134,1.002678238,1.225783812,0.155286512,0.899800976,109437.2681,1961,0.118630521,206904.4454,5965.865493,0.05931526,8100,CBA
Anguilla_anguilla-Atlantic_Northeast,Anguilla anguilla,European eel,River eels,Atlantic Northeast,0.601047333,0.787635302,0.886048516,0.986565228,1.21729777,0.152756503,0.889215373,109437.2681,1962,0.118630521,206904.4454,5965.865493,0.05931526,7600,CBA
Anguilla_anguilla-Atlantic_Northeast,Anguilla anguilla,European eel,River eels,Atlantic Northeast,0.598415883,0.763865287,0.853211184,0.954009573,1.179376119,0.149182221,0.86196653,109437.2681,1963,0.118630521,206904.4454,5965.865493,0.05931526,9200,CBA
Anguilla_anguilla-Atlantic_Northeast,Anguilla anguilla,European eel,River eels,Atlantic Northeast,0.568531715,0.737593746,0.829162534,0.925129248,1.134052373,0.147217001,0.835351072,109437.2681,1964,0.118630521,206904.4454,5965.865493,0.05931526,8900,CBA
Anguilla_anguilla-Atlantic_Northeast,Anguilla anguilla,European eel,River eels,Atlantic Northeast,0.567636948,0.722191392,0.816394295,0.908109435,1.128064094,0.143167669,0.820369869,109437.2681,1965,0.118630521,206904.4454,5965.865493,0.05931526,7800,CBA
Anguilla_anguilla-Atlantic_Northeast,Anguilla anguilla,European eel,River eels,Atlantic Northeast,0.546339615,0.695856316,0.783814011,0.87225177,1.064360481,0.136516662,0.788704413,109437.2681,1966,0.118630521,206904.4454,5965.865493,0.05931526,9000,CBA
Anguilla_anguilla-Atlantic_Northeast,Anguilla anguilla,European eel,River eels,Atlantic Northeast,0.533588213,0.669933966,0.76008868,0.846708249,1.029597074,0.132268078,0.762226857,109437.2681,1967,0.118630521,206904.4454,5965.865493,0.05931526,8400,CBA
Anguilla_anguilla-Atlantic_Northeast,Anguilla anguilla,European eel,River eels,Atlantic Northeast,0.497266249,0.625848046,0.716955465,0.796240391,0.987231626,0.127837951,0.717789753,109437.2681,1968,0.118630521,206904.4454,5965.865493,0.05931526,10200,CBA
Anguilla_anguilla-Atlantic_Northeast,Anguilla anguilla,European eel,River eels,Atlantic Northeast,0.45986383,0.592951966,0.671262869,0.752857974,0.935176018,0.123718017,0.678058271,109437.2681,1969,0.118630521,206904.4454,5965.865493,0.05931526,9100,CBA
Anguilla_anguilla-Atlantic_Northeast,Anguilla anguilla,European eel,River eels,Atlantic Northeast,0.458190687,0.572322552,0.653178222,0.738034901,0.901706987,0.120712389,0.657683894,109437.2681,1970,0.118630521,206904.4454,5965.865493,0.05931526,7300,CBA
Anguilla_anguilla-Atlantic_Northeast,Anguilla anguilla,European eel,River eels,Atlantic Northeast,0.436718493,0.556254308,0.624240217,0.705183334,0.866168758,0.114113525,0.631687322,109437.2681,1971,0.118630521,206904.4454,5965.865493,0.05931526,7700,CBA
Anguilla_anguilla-Atlantic_Northeast,Anguilla anguilla,European eel,River eels,Atlantic Northeast,0.412834872,0.533463734,0.595499364,0.674869736,0.827321881,0.108650593,0.605438724,109437.2681,1972,0.118630521,206904.4454,5965.865493,0.05931526,7700,CBA
Anguilla_anguilla-Atlantic_Northeast,Anguilla anguilla,European eel,River eels,Atlantic Northeast,0.372747613,0.489957932,0.549316254,0.62018186,0.772889642,0.103475332,0.557876314,109437.2681,1973,0.118630521,206904.4454,5965.865493,0.05931526,9517,CBA
Anguilla_anguilla-Atlantic_Northeast,Anguilla anguilla,European eel,River eels,Atlantic Northeast,0.359258741,0.464013744,0.523989787,0.595266752,0.750509942,0.10049526,0.534286156,109437.2681,1974,0.118630521,206904.4454,5965.865493,0.05931526,6905,CBA
Anguilla_anguilla-Atlantic_Northeast,Anguilla anguilla,European eel,River eels,Atlantic Northeast,0.337769,0.438608499,0.496279235,0.562239716,0.711209467,0.096954839,0.505580165,109437.2681,1975,0.118630521,206904.4454,5965.865493,0.05931526,7351,CBA
Anguilla_anguilla-Atlantic_Northeast,Anguilla anguilla,European eel,River eels,Atlantic Northeast,0.317301253,0.415907286,0.47087855,0.534481151,0.679920284,0.092757631,0.479682494,109437.2681,1976,0.118630521,206904.4454,5965.865493,0.05931526,6996,CBA
Anguilla_anguilla-Atlantic_Northeast,Anguilla anguilla,European eel,River eels,Atlantic Northeast,0.311053162,0.407081124,0.46624223,0.518943947,0.672498799,0.09090496,0.469679626,109437.2681,1977,0.118630521,206904.4454,5965.865493,0.05931526,5275,CBA
Anguilla_anguilla-Atlantic_Northeast,Anguilla anguilla,European eel,River eels,Atlantic Northeast,0.303054856,0.394793038,0.445215125,0.506908063,0.665387833,0.089369751,0.454680491,109437.2681,1978,0.118630521,206904.4454,5965.865493,0.05931526,5604,CBA
Anguilla_anguilla-Atlantic_Northeast,Anguilla anguilla,European eel,River eels,Atlantic Northeast,0.289848952,0.377862186,0.430732055,0.489572733,0.64557179,0.087725736,0.439072978,109437.2681,1979,0.118630521,206904.4454,5965.865493,0.05931526,5596,CBA
Anguilla_anguilla-Atlantic_Northeast,Anguilla anguilla,European eel,River eels,Atlantic Northeast,0.275344852,0.36121341,0.407584769,0.460717061,0.609121948,0.083485495,0.416913993,109437.2681,1980,0.118630521,206904.4454,5965.865493,0.05931526,5963,CBA
Anguilla_anguilla-Atlantic_Northeast,Anguilla anguilla,European eel,River eels,Atlantic Northeast,0.270513029,0.35477284,0.39493803,0.451884234,0.595521945,0.080528943,0.407148506,109437.2681,1981,0.118630521,206904.4454,5965.865493,0.05931526,4668,CBA
Anguilla_anguilla-Atlantic_Northeast,Anguilla anguilla,European eel,River eels,Atlantic Northeast,0.257052029,0.33540209,0.37653894,0.432804834,0.575048725,0.078930667,0.38766708,109437.2681,1982,0.118630521,206904.4454,5965.865493,0.05931526,5643,CBA
Anguilla_anguilla-Atlantic_Northeast,Anguilla anguilla,European eel,River eels,Atlantic Northeast,0.25213511,0.313705235,0.357650864,0.413567926,0.552074523,0.078820887,0.368824488,109437.2681,1983,0.118630521,206904.4454,5965.865493,0.05931526,5416,CBA
Anguilla_anguilla-Atlantic_Northeast,Anguilla anguilla,European eel,River eels,Atlantic Northeast,0.237363933,0.302493083,0.344800522,0.40096566,0.528420438,0.076320748,0.356475703,109437.2681,1984,0.118630521,206904.4454,5965.865493,0.05931526,4465,CBA
Anguilla_anguilla-Atlantic_Northeast,Anguilla anguilla,European eel,River eels,Atlantic Northeast,0.230279367,0.291778241,0.33282094,0.389556337,0.526913727,0.075941193,0.346568257,109437.2681,1985,0.118630521,206904.4454,5965.865493,0.05931526,4285,CBA
Anguilla_anguilla-Atlantic_Northeast,Anguilla anguilla,European eel,River eels,Atlantic Northeast,0.219768152,0.280550062,0.321478336,0.377635648,0.518376402,0.076201053,0.334496088,109437.2681,1986,0.118630521,206904.4454,5965.865493,0.05931526,4411,CBA
Anguilla_anguilla-Atlantic_Northeast,Anguilla anguilla,European eel,River eels,Atlantic Northeast,0.214079705,0.272101953,0.311494414,0.369550418,0.509556022,0.07662586,0.327244859,109437.2681,1987,0.118630521,206904.4454,5965.865493,0.05931526,3794,CBA
Anguilla_anguilla-Atlantic_Northeast,Anguilla anguilla,European eel,River eels,Atlantic Northeast,0.199712154,0.255433582,0.298334205,0.354432173,0.504374941,0.077111623,0.312824072,109437.2681,1988,0.118630521,206904.4454,5965.865493,0.05931526,4542,CBA
Anguilla_anguilla-Atlantic_Northeast,Anguilla anguilla,European eel,River eels,Atlantic Northeast,0.190887497,0.246846857,0.28636516,0.34069005,0.491418757,0.077143147,0.301794649,109437.2681,1989,0.118630521,206904.4454,5965.865493,0.05931526,4045,CBA
Anguilla_anguilla-Atlantic_Northeast,Anguilla anguilla,European eel,River eels,Atlantic Northeast,0.185466592,0.238687964,0.277313069,0.332440607,0.48500442,0.076059986,0.293478466,109437.2681,1990,0.118630521,206904.4454,5965.865493,0.05931526,3632,CBA
Anguilla_anguilla-Atlantic_Northeast,Anguilla anguilla,European eel,River eels,Atlantic Northeast,0.178427547,0.232564456,0.268278207,0.320727891,0.481901463,0.076427268,0.285133092,109437.2681,1991,0.118630521,206904.4454,5965.865493,0.05931526,3604,CBA
Anguilla_anguilla-Atlantic_Northeast,Anguilla anguilla,European eel,River eels,Atlantic Northeast,0.169457362,0.222393375,0.257286219,0.312899951,0.475211215,0.077340418,0.27497595,109437.2681,1992,0.118630521,206904.4454,5965.865493,0.05931526,3770,CBA
Anguilla_anguilla-Atlantic_Northeast,Anguilla anguilla,European eel,River eels,Atlantic Northeast,0.163466313,0.212915669,0.250311239,0.306166221,0.474428721,0.079186199,0.267745627,109437.2681,1993,0.118630521,206904.4454,5965.865493,0.05931526,3356,CBA
Anguilla_anguilla-Atlantic_Northeast,Anguilla anguilla,European eel,River eels,Atlantic Northeast,0.150820863,0.198541595,0.23889277,0.295897768,0.464715663,0.081174218,0.256992866,109437.2681,1994,0.118630521,206904.4454,5965.865493,0.05931526,3564,CBA
Anguilla_anguilla-Atlantic_Northeast,Anguilla anguilla,European eel,River eels,Atlantic Northeast,0.141431638,0.189676239,0.233254919,0.293830251,0.454267117,0.083116761,0.25119618,109437.2681,1995,0.118630521,206904.4454,5965.865493,0.05931526,2996,CBA
Anguilla_anguilla-Atlantic_Northeast,Anguilla anguilla,European eel,River eels,Atlantic Northeast,0.136749208,0.182037249,0.227930944,0.292181021,0.46573839,0.086215968,0.247065115,109437.2681,1996,0.118630521,206904.4454,5965.865493,0.05931526,2808,CBA
Anguilla_anguilla-Atlantic_Northeast,Anguilla anguilla,European eel,River eels,Atlantic Northeast,0.124959225,0.171874688,0.220709098,0.286468053,0.4575702,0.08850666,0.239777445,109437.2681,1997,0.118630521,206904.4454,5965.865493,0.05931526,2983,CBA
Anguilla_anguilla-Atlantic_Northeast,Anguilla anguilla,European eel,River eels,Atlantic Northeast,0.122542546,0.171586051,0.225096436,0.290569377,0.459639873,0.091319436,0.242397467,109437.2681,1998,0.118630521,206904.4454,5965.865493,0.05931526,2039,CBA
Anguilla_anguilla-Atlantic_Northeast,Anguilla anguilla,European eel,River eels,Atlantic Northeast,0.117310817,0.167712471,0.223437554,0.298875507,0.466163369,0.094445322,0.241944622,109437.2681,1999,0.118630521,206904.4454,5965.865493,0.05931526,2368,CBA
Anguilla_anguilla-Atlantic_Northeast,Anguilla anguilla,European eel,River eels,Atlantic Northeast,0.113983946,0.166369342,0.225701959,0.30435137,0.475484655,0.09834134,0.244773149,109437.2681,2000,0.118630521,206904.4454,5965.865493,0.05931526,1983,CBA
Anguilla_anguilla-Atlantic_Northeast,Anguilla anguilla,European eel,River eels,Atlantic Northeast,0.108400373,0.164787484,0.228939757,0.312865091,0.481548172,0.103101838,0.246748468,109437.2681,2001,0.118630521,206904.4454,5965.865493,0.05931526,2097,CBA
Anguilla_anguilla-Atlantic_Northeast,Anguilla anguilla,European eel,River eels,Atlantic Northeast,0.102729448,0.161549913,0.230687598,0.319148346,0.498717798,0.109253915,0.250313747,109437.2681,2002,0.118630521,206904.4454,5965.865493,0.05931526,2002,CBA
Anguilla_anguilla-Atlantic_Northeast,Anguilla anguilla,European eel,River eels,Atlantic Northeast,0.097739069,0.163623618,0.239413285,0.327327546,0.507515645,0.113684925,0.25502178,109437.2681,2003,0.118630521,206904.4454,5965.865493,0.05931526,1865,CBA
Anguilla_anguilla-Atlantic_Northeast,Anguilla anguilla,European eel,River eels,Atlantic Northeast,0.095377626,0.163051681,0.245221057,0.336798963,0.519257825,0.119482564,0.262180305,109437.2681,2004,0.118630521,206904.4454,5965.865493,0.05931526,1670,CBA
Anguilla_anguilla-Atlantic_Northeast,Anguilla anguilla,European eel,River eels,Atlantic Northeast,0.089405759,0.165218802,0.25412736,0.353726005,0.531595387,0.126033234,0.269485485,109437.2681,2005,0.118630521,206904.4454,5965.865493,0.05931526,1708,CBA
Anguilla_anguilla-Atlantic_Northeast,Anguilla anguilla,European eel,River eels,Atlantic Northeast,0.083560624,0.165546674,0.261067446,0.361137188,0.548766213,0.131857923,0.275268503,109437.2681,2006,0.118630521,206904.4454,5965.865493,0.05931526,1909,CBA
Anguilla_anguilla-Atlantic_Northeast,Anguilla anguilla,European eel,River eels,Atlantic Northeast,0.074782372,0.168965811,0.277965807,0.374395072,0.560795804,0.137912357,0.28334531,109437.2681,2007,0.118630521,206904.4454,5965.865493,0.05931526,1660,CBA
Anguilla_anguilla-Atlantic_Northeast,Anguilla anguilla,European eel,River eels,Atlantic Northeast,0.069348112,0.172304912,0.287819435,0.4003191,0.573453285,0.144259627,0.293677728,109437.2681,2008,0.118630521,206904.4454,5965.865493,0.05931526,1552,CBA
Anguilla_anguilla-Atlantic_Northeast,Anguilla anguilla,European eel,River eels,Atlantic Northeast,0.063984211,0.180860312,0.304445639,0.416818859,0.597578621,0.151375105,0.308334217,109437.2681,2009,0.118630521,206904.4454,5965.865493,0.05931526,1218,CBA
Anguilla_anguilla-Atlantic_Northeast,Anguilla anguilla,European eel,River eels,Atlantic Northeast,0.061231791,0.191053759,0.325264452,0.448439906,0.624855738,0.159677004,0.324449398,109437.2681,2010,0.118630521,206904.4454,5965.865493,0.05931526,1156,CBA
Anguilla_anguilla-Atlantic_Northeast,Anguilla anguilla,European eel,River eels,Atlantic Northeast,0.060231525,0.202863438,0.348173468,0.480696884,0.647909787,0.168563307,0.34443063,109437.2681,2011,0.118630521,206904.4454,5965.865493,0.05931526,920,CBA
Anguilla_anguilla-Atlantic_Northeast,Anguilla anguilla,European eel,River eels,Atlantic Northeast,0.059909753,0.217826062,0.372951139,0.513523696,0.674935687,0.178178756,0.36656579,109437.2681,2012,0.118630521,206904.4454,5965.865493,0.05931526,753,CBA
Anguilla_anguilla-Atlantic_Northeast,Anguilla anguilla,European eel,River eels,Atlantic Northeast,0.055797258,0.238168506,0.399527886,0.548634986,0.695928446,0.187877477,0.38952555,109437.2681,2013,0.118630521,206904.4454,5965.865493,0.05931526,819,CBA
Anguilla_anguilla-Atlantic_Northeast,Anguilla anguilla,European eel,River eels,Atlantic Northeast,0.057499429,0.252391884,0.437545956,0.580642519,0.72556309,0.19706336,0.413420191,109437.2681,2014,0.118630521,206904.4454,5965.865493,0.05931526,744,CBA
Anguilla_anguilla-Atlantic_Northeast,Anguilla anguilla,European eel,River eels,Atlantic Northeast,0.057618895,0.270389079,0.468213481,0.621514565,0.75571767,0.207686316,0.44116621,109437.2681,2015,0.118630521,206904.4454,5965.865493,0.05931526,604,CBA
Anguilla_anguilla-Atlantic_Northeast,Anguilla anguilla,European eel,River eels,Atlantic Northeast,0.054460206,0.288776245,0.503321804,0.66287671,0.788777965,0.220910412,0.472064979,109437.2681,2016,0.118630521,206904.4454,5965.865493,0.05931526,645,CBA
Anguilla_anguilla-Mediterranean and Black Sea,Anguilla anguilla,European eel,River eels,Mediterranean and Black Sea,0.998331048,1.228771121,1.429042477,1.611197044,1.859841273,0.241425276,1.424432737,51745.82841,1950,0.122648867,74635.87808,2197.439128,0.061324433,500,CBA
Anguilla_anguilla-Mediterranean and Black Sea,Anguilla anguilla,European eel,River eels,Mediterranean and Black Sea,1.028797379,1.276632771,1.459057019,1.629494557,1.878453481,0.232220628,1.45557027,51745.82841,1951,0.122648867,74635.87808,2197.439128,0.061324433,600,CBA
Anguilla_anguilla-Mediterranean and Black Sea,Anguilla anguilla,European eel,River eels,Mediterranean and Black Sea,1.073243487,1.316534895,1.492454907,1.652161918,1.879902527,0.221426337,1.481865424,51745.82841,1952,0.122648867,74635.87808,2197.439128,0.061324433,800,CBA
Anguilla_anguilla-Mediterranean and Black Sea,Anguilla anguilla,European eel,River eels,Mediterranean and Black Sea,1.100488044,1.352513668,1.508414454,1.66857387,1.894062324,0.213697044,1.507998192,51745.82841,1953,0.122648867,74635.87808,2197.439128,0.061324433,700,CBA
Anguilla_anguilla-Mediterranean and Black Sea,Anguilla anguilla,European eel,River eels,Mediterranean and Black Sea,1.134320105,1.388553706,1.539781537,1.692979204,1.899178572,0.204864888,1.535479793,51745.82841,1954,0.122648867,74635.87808,2197.439128,0.061324433,600,CBA
Anguilla_anguilla-Mediterranean and Black Sea,Anguilla anguilla,European eel,River eels,Mediterranean and Black Sea,1.166094825,1.421604038,1.571551926,1.714839466,1.921338908,0.199896124,1.563806677,51745.82841,1955,0.122648867,74635.87808,2197.439128,0.061324433,600,CBA
Anguilla_anguilla-Mediterranean and Black Sea,Anguilla anguilla,European eel,River eels,Mediterranean and Black Sea,1.188263963,1.425530076,1.569847812,1.713260442,1.915997049,0.194744696,1.565210801,51745.82841,1956,0.122648867,74635.87808,2197.439128,0.061324433,1600,CBA
Anguilla_anguilla-Mediterranean and Black Sea,Anguilla anguilla,European eel,River eels,Mediterranean and Black Sea,1.185946523,1.431651894,1.573462378,1.70971697,1.896303992,0.191076374,1.566032939,51745.82841,1957,0.122648867,74635.87808,2197.439128,0.061324433,1600,CBA
Anguilla_anguilla-Mediterranean and Black Sea,Anguilla anguilla,European eel,River eels,Mediterranean and Black Sea,1.188506729,1.436377815,1.569935487,1.702135145,1.906527181,0.188405577,1.565160914,51745.82841,1958,0.122648867,74635.87808,2197.439128,0.061324433,1700,CBA
Anguilla_anguilla-Mediterranean and Black Sea,Anguilla anguilla,European eel,River eels,Mediterranean and Black Sea,1.185302197,1.417137298,1.556281256,1.688716963,1.896068638,0.187269282,1.551459259,51745.82841,1959,0.122648867,74635.87808,2197.439128,0.061324433,2200,CBA
Anguilla_anguilla-Mediterranean and Black Sea,Anguilla anguilla,European eel,River eels,Mediterranean and Black Sea,1.170605656,1.401414465,1.534961319,1.663526323,1.885880234,0.185736142,1.531225238,51745.82841,1960,0.122648867,74635.87808,2197.439128,0.061324433,2600,CBA
Anguilla_anguilla-Mediterranean and Black Sea,Anguilla anguilla,European eel,River eels,Mediterranean and Black Sea,1.152233162,1.386580783,1.511575628,1.638244536,1.851964694,0.183232515,1.511267052,51745.82841,1961,0.122648867,74635.87808,2197.439128,0.061324433,2600,CBA
Anguilla_anguilla-Mediterranean and Black Sea,Anguilla anguilla,European eel,River eels,Mediterranean and Black Sea,1.134578015,1.357691807,1.483733245,1.617421792,1.827896376,0.182089302,1.485883676,51745.82841,1962,0.122648867,74635.87808,2197.439128,0.061324433,2900,CBA
Anguilla_anguilla-Mediterranean and Black Sea,Anguilla anguilla,European eel,River eels,Mediterranean and Black Sea,1.108787821,1.329668194,1.456431093,1.579314201,1.807700849,0.180144463,1.456626281,51745.82841,1963,0.122648867,74635.87808,2197.439128,0.061324433,3000,CBA
Anguilla_anguilla-Mediterranean and Black Sea,Anguilla anguilla,European eel,River eels,Mediterranean and Black Sea,1.093204004,1.303302149,1.425498015,1.550680624,1.774214424,0.176642522,1.427451764,51745.82841,1964,0.122648867,74635.87808,2197.439128,0.061324433,3100,CBA
Anguilla_anguilla-Mediterranean and Black Sea,Anguilla anguilla,European eel,River eels,Mediterranean and Black Sea,1.069386698,1.273650251,1.390507545,1.508923137,1.755331429,0.174803106,1.396186341,51745.82841,1965,0.122648867,74635.87808,2197.439128,0.061324433,3200,CBA
Anguilla_anguilla-Mediterranean and Black Sea,Anguilla anguilla,European eel,River eels,Mediterranean and Black Sea,1.064536267,1.258684256,1.376652211,1.49674535,1.737368732,0.173560979,1.381733839,51745.82841,1966,0.122648867,74635.87808,2197.439128,0.061324433,2700,CBA
Anguilla_anguilla-Mediterranean and Black Sea,Anguilla anguilla,European eel,River eels,Mediterranean and Black Sea,1.038648846,1.222569806,1.336293307,1.457545253,1.68486505,0.170799111,1.343230523,51745.82841,1967,0.122648867,74635.87808,2197.439128,0.061324433,3500,CBA
Anguilla_anguilla-Mediterranean and Black Sea,Anguilla anguilla,European eel,River eels,Mediterranean and Black Sea,1.015153653,1.196299236,1.304122173,1.422841319,1.664725694,0.167018035,1.313759445,51745.82841,1968,0.122648867,74635.87808,2197.439128,0.061324433,3300,CBA
Anguilla_anguilla-Mediterranean and Black Sea,Anguilla anguilla,European eel,River eels,Mediterranean and Black Sea,1.004209235,1.181722062,1.2788914,1.392957026,1.635032748,0.161229108,1.290363379,51745.82841,1969,0.122648867,74635.87808,2197.439128,0.061324433,3100,CBA
Anguilla_anguilla-Mediterranean and Black Sea,Anguilla anguilla,European eel,River eels,Mediterranean and Black Sea,0.93106832,1.094466922,1.189015748,1.301131226,1.529168052,0.154331464,1.201764451,51745.82841,1970,0.122648867,74635.87808,2197.439128,0.061324433,5494,CBA
Anguilla_anguilla-Mediterranean and Black Sea,Anguilla anguilla,European eel,River eels,Mediterranean and Black Sea,0.834915553,0.984068555,1.072928765,1.180475956,1.414863875,0.150113312,1.088043881,51745.82841,1971,0.122648867,74635.87808,2197.439128,0.061324433,6425,CBA
Anguilla_anguilla-Mediterranean and Black Sea,Anguilla anguilla,European eel,River eels,Mediterranean and Black Sea,0.789515176,0.927195731,1.018372908,1.123863742,1.351433089,0.145995202,1.03196418,51745.82841,1972,0.122648867,74635.87808,2197.439128,0.061324433,4360,CBA
Anguilla_anguilla-Mediterranean and Black Sea,Anguilla anguilla,European eel,River eels,Mediterranean and Black Sea,0.763760423,0.89697267,0.984906205,1.087100304,1.312886844,0.142782643,1.000655191,51745.82841,1973,0.122648867,74635.87808,2197.439128,0.061324433,3530,CBA
Anguilla_anguilla-Mediterranean and Black Sea,Anguilla anguilla,European eel,River eels,Mediterranean and Black Sea,0.716279881,0.846183034,0.931161638,1.024770679,1.261610835,0.139378551,0.944629084,51745.82841,1974,0.122648867,74635.87808,2197.439128,0.061324433,4301,CBA
Anguilla_anguilla-Mediterranean and Black Sea,Anguilla anguilla,European eel,River eels,Mediterranean and Black Sea,0.697937555,0.826008731,0.906980205,0.998838327,1.228435514,0.134278314,0.920146324,51745.82841,1975,0.122648867,74635.87808,2197.439128,0.061324433,3183,CBA
Anguilla_anguilla-Mediterranean and Black Sea,Anguilla anguilla,European eel,River eels,Mediterranean and Black Sea,0.667000429,0.785035682,0.864100228,0.950805611,1.182873809,0.130022052,0.876962708,51745.82841,1976,0.122648867,74635.87808,2197.439128,0.061324433,3868,CBA
Anguilla_anguilla-Mediterranean and Black Sea,Anguilla anguilla,European eel,River eels,Mediterranean and Black Sea,0.642421154,0.759165444,0.831401936,0.914756903,1.13952987,0.124249671,0.844821025,51745.82841,1977,0.122648867,74635.87808,2197.439128,0.061324433,3366,CBA
Anguilla_anguilla-Mediterranean and Black Sea,Anguilla anguilla,European eel,River eels,Mediterranean and Black Sea,0.609128056,0.720774136,0.789413023,0.869182167,1.083542599,0.11777762,0.802346663,51745.82841,1978,0.122648867,74635.87808,2197.439128,0.061324433,3702,CBA
Anguilla_anguilla-Mediterranean and Black Sea,Anguilla anguilla,European eel,River eels,Mediterranean and Black Sea,0.568017597,0.671266559,0.736515277,0.810217375,1.006247213,0.111572439,0.749504143,51745.82841,1979,0.122648867,74635.87808,2197.439128,0.061324433,4024,CBA
Anguilla_anguilla-Mediterranean and Black Sea,Anguilla anguilla,European eel,River eels,Mediterranean and Black Sea,0.546916194,0.647308985,0.709070858,0.778989584,0.96908762,0.106963932,0.720047968,51745.82841,1980,0.122648867,74635.87808,2197.439128,0.061324433,3156,CBA
Anguilla_anguilla-Mediterranean and Black Sea,Anguilla anguilla,European eel,River eels,Mediterranean and Black Sea,0.517194389,0.613919461,0.671044618,0.737808099,0.920663602,0.101545956,0.683609686,51745.82841,1981,0.122648867,74635.87808,2197.439128,0.061324433,3341,CBA
Anguilla_anguilla-Mediterranean and Black Sea,Anguilla anguilla,European eel,River eels,Mediterranean and Black Sea,0.500442669,0.590009451,0.644367742,0.708026582,0.885892068,0.095906715,0.656278742,51745.82841,1982,0.122648867,74635.87808,2197.439128,0.061324433,2933,CBA
Anguilla_anguilla-Mediterranean and Black Sea,Anguilla anguilla,European eel,River eels,Mediterranean and Black Sea,0.469956007,0.554614141,0.60402942,0.664493751,0.825755247,0.089971163,0.615710647,51745.82841,1983,0.122648867,74635.87808,2197.439128,0.061324433,3370,CBA
Anguilla_anguilla-Mediterranean and Black Sea,Anguilla anguilla,European eel,River eels,Mediterranean and Black Sea,0.424716832,0.502628994,0.548266238,0.607169515,0.765212661,0.085464416,0.56055085,51745.82841,1984,0.122648867,74635.87808,2197.439128,0.061324433,3815,CBA
Anguilla_anguilla-Mediterranean and Black Sea,Anguilla anguilla,European eel,River eels,Mediterranean and Black Sea,0.395128023,0.469085064,0.512032869,0.564943934,0.721444682,0.08198862,0.524209413,51745.82841,1985,0.122648867,74635.87808,2197.439128,0.061324433,3042,CBA
Anguilla_anguilla-Mediterranean and Black Sea,Anguilla anguilla,European eel,River eels,Mediterranean and Black Sea,0.368183324,0.434983751,0.476373604,0.527116957,0.680954401,0.078182692,0.488109692,51745.82841,1986,0.122648867,74635.87808,2197.439128,0.061324433,2937,CBA
Anguilla_anguilla-Mediterranean and Black Sea,Anguilla anguilla,European eel,River eels,Mediterranean and Black Sea,0.335248778,0.393666709,0.432485899,0.482531438,0.640416571,0.0751814,0.445521578,51745.82841,1987,0.122648867,74635.87808,2197.439128,0.061324433,3127,CBA
Anguilla_anguilla-Mediterranean and Black Sea,Anguilla anguilla,European eel,River eels,Mediterranean and Black Sea,0.288594086,0.342806073,0.376891269,0.427072871,0.584535147,0.073173697,0.392231273,51745.82841,1988,0.122648867,74635.87808,2197.439128,0.061324433,3405,CBA
Anguilla_anguilla-Mediterranean and Black Sea,Anguilla anguilla,European eel,River eels,Mediterranean and Black Sea,0.260527455,0.310184185,0.341781204,0.389471506,0.550545337,0.071332838,0.357685459,51745.82841,1989,0.122648867,74635.87808,2197.439128,0.061324433,2570,CBA
Anguilla_anguilla-Mediterranean and Black Sea,Anguilla anguilla,European eel,River eels,Mediterranean and Black Sea,0.226769527,0.269460137,0.301299726,0.35055771,0.514618209,0.071654795,0.319008942,51745.82841,1990,0.122648867,74635.87808,2197.439128,0.061324433,2638,CBA
Anguilla_anguilla-Mediterranean and Black Sea,Anguilla anguilla,European eel,River eels,Mediterranean and Black Sea,0.19443829,0.234519537,0.265646204,0.315364644,0.474422584,0.072649456,0.284130785,51745.82841,1991,0.122648867,74635.87808,2197.439128,0.061324433,2389,CBA
Anguilla_anguilla-Mediterranean and Black Sea,Anguilla anguilla,European eel,River eels,Mediterranean and Black Sea,0.168205072,0.204581837,0.238021614,0.28906147,0.452103087,0.074435162,0.257335657,51745.82841,1992,0.122648867,74635.87808,2197.439128,0.061324433,1989,CBA
Anguilla_anguilla-Mediterranean and Black Sea,Anguilla anguilla,European eel,River eels,Mediterranean and Black Sea,0.148520119,0.185842117,0.22137221,0.274363045,0.437121676,0.076197044,0.240310902,51745.82841,1993,0.122648867,74635.87808,2197.439128,0.061324433,1531,CBA
Anguilla_anguilla-Mediterranean and Black Sea,Anguilla anguilla,European eel,River eels,Mediterranean and Black Sea,0.139033192,0.17479589,0.211868038,0.266353711,0.436465148,0.0789085,0.231742781,51745.82841,1994,0.122648867,74635.87808,2197.439128,0.061324433,1165,CBA
Anguilla_anguilla-Mediterranean and Black Sea,Anguilla anguilla,European eel,River eels,Mediterranean and Black Sea,0.133188322,0.171449668,0.209940848,0.266939811,0.437773807,0.081363798,0.230379289,51745.82841,1995,0.122648867,74635.87808,2197.439128,0.061324433,887,CBA
Anguilla_anguilla-Mediterranean and Black Sea,Anguilla anguilla,European eel,River eels,Mediterranean and Black Sea,0.126561917,0.164570365,0.205036746,0.267064934,0.444251286,0.083445261,0.226176762,51745.82841,1996,0.122648867,74635.87808,2197.439128,0.061324433,962,CBA
Anguilla_anguilla-Mediterranean and Black Sea,Anguilla anguilla,European eel,River eels,Mediterranean and Black Sea,0.109089951,0.148594218,0.192479444,0.256273798,0.435759811,0.087226487,0.213695467,51745.82841,1997,0.122648867,74635.87808,2197.439128,0.061324433,1257,CBA
Anguilla_anguilla-Mediterranean and Black Sea,Anguilla anguilla,European eel,River eels,Mediterranean and Black Sea,0.098518311,0.140227091,0.187023959,0.257644479,0.44276724,0.091914787,0.209761041,51745.82841,1998,0.122648867,74635.87808,2197.439128,0.061324433,917,CBA
Anguilla_anguilla-Mediterranean and Black Sea,Anguilla anguilla,European eel,River eels,Mediterranean and Black Sea,0.093414342,0.138180105,0.188619487,0.260048014,0.455138695,0.095386816,0.211110327,51745.82841,1999,0.122648867,74635.87808,2197.439128,0.061324433,682,CBA
Anguilla_anguilla-Mediterranean and Black Sea,Anguilla anguilla,European eel,River eels,Mediterranean and Black Sea,0.094734035,0.141851873,0.196541092,0.271592339,0.465253818,0.098922325,0.218762735,51745.82841,2000,0.122648867,74635.87808,2197.439128,0.061324433,464,CBA
Anguilla_anguilla-Mediterranean and Black Sea,Anguilla anguilla,European eel,River eels,Mediterranean and Black Sea,0.091197695,0.142969975,0.203187543,0.280410408,0.471229772,0.103188576,0.223370332,51745.82841,2001,0.122648867,74635.87808,2197.439128,0.061324433,602,CBA
Anguilla_anguilla-Mediterranean and Black Sea,Anguilla anguilla,European eel,River eels,Mediterranean and Black Sea,0.086292603,0.141058074,0.206723518,0.290689524,0.48523099,0.107538267,0.227121801,51745.82841,2002,0.122648867,74635.87808,2197.439128,0.061324433,646,CBA
Anguilla_anguilla-Mediterranean and Black Sea,Anguilla anguilla,European eel,River eels,Mediterranean and Black Sea,0.078932502,0.139041631,0.210116597,0.297383997,0.495650667,0.113578109,0.230914326,51745.82841,2003,0.122648867,74635.87808,2197.439128,0.061324433,651,CBA
Anguilla_anguilla-Mediterranean and Black Sea,Anguilla anguilla,European eel,River eels,Mediterranean and Black Sea,0.07577573,0.141880199,0.220353548,0.310848517,0.516991311,0.119594892,0.238617377,51745.82841,2004,0.122648867,74635.87808,2197.439128,0.061324433,524,CBA
Anguilla_anguilla-Mediterranean and Black Sea,Anguilla anguilla,European eel,River eels,Mediterranean and Black Sea,0.077771281,0.150767937,0.236512043,0.33373823,0.53463307,0.125333692,0.253625342,51745.82841,2005,0.122648867,74635.87808,2197.439128,0.061324433,270,CBA
Anguilla_anguilla-Mediterranean and Black Sea,Anguilla anguilla,European eel,River eels,Mediterranean and Black Sea,0.080257486,0.162150483,0.253935858,0.356063517,0.554874831,0.131410311,0.26905474,51745.82841,2006,0.122648867,74635.87808,2197.439128,0.061324433,305,CBA
Anguilla_anguilla-Mediterranean and Black Sea,Anguilla anguilla,European eel,River eels,Mediterranean and Black Sea,0.080211191,0.172194446,0.268751715,0.380255834,0.586422983,0.138516403,0.284834758,51745.82841,2007,0.122648867,74635.87808,2197.439128,0.061324433,344,CBA
Anguilla_anguilla-Mediterranean and Black Sea,Anguilla anguilla,European eel,River eels,Mediterranean and Black Sea,0.079326135,0.182800196,0.290376815,0.40313033,0.60323914,0.145236397,0.301455161,51745.82841,2008,0.122648867,74635.87808,2197.439128,0.061324433,365,CBA
Anguilla_anguilla-Mediterranean and Black Sea,Anguilla anguilla,European eel,River eels,Mediterranean and Black Sea,0.080485192,0.196738354,0.312335776,0.430120082,0.628290186,0.152128861,0.319629341,51745.82841,2009,0.122648867,74635.87808,2197.439128,0.061324433,320,CBA
Anguilla_anguilla-Mediterranean and Black Sea,Anguilla anguilla,European eel,River eels,Mediterranean and Black Sea,0.080970731,0.208229185,0.334300304,0.45968205,0.657420502,0.160004918,0.338564287,51745.82841,2010,0.122648867,74635.87808,2197.439128,0.061324433,377,CBA
Anguilla_anguilla-Mediterranean and Black Sea,Anguilla anguilla,European eel,River eels,Mediterranean and Black Sea,0.078215515,0.218300351,0.352818388,0.486676245,0.673263141,0.167202535,0.355128347,51745.82841,2011,0.122648867,74635.87808,2197.439128,0.061324433,480,CBA
Anguilla_anguilla-Mediterranean and Black Sea,Anguilla anguilla,European eel,River eels,Mediterranean and Black Sea,0.075650912,0.231587823,0.377144588,0.520768192,0.693077734,0.176796953,0.376847908,51745.82841,2012,0.122648867,74635.87808,2197.439128,0.061324433,375,CBA
Anguilla_anguilla-Mediterranean and Black Sea,Anguilla anguilla,European eel,River eels,Mediterranean and Black Sea,0.070407132,0.240420317,0.401858238,0.549246086,0.716009089,0.186684943,0.395405245,51745.82841,2013,0.122648867,74635.87808,2197.439128,0.061324433,521,CBA
Anguilla_anguilla-Mediterranean and Black Sea,Anguilla anguilla,European eel,River eels,Mediterranean and Black Sea,0.064831942,0.253806473,0.428466658,0.585198321,0.745284592,0.197238435,0.417188016,51745.82841,2014,0.122648867,74635.87808,2197.439128,0.061324433,468,CBA
Anguilla_anguilla-Mediterranean and Black Sea,Anguilla anguilla,European eel,River eels,Mediterranean and Black Sea,0.05718851,0.266819634,0.455849162,0.6216589,0.757824185,0.208896577,0.439720337,51745.82841,2015,0.122648867,74635.87808,2197.439128,0.061324433,481,CBA
Anguilla_anguilla-Mediterranean and Black Sea,Anguilla anguilla,European eel,River eels,Mediterranean and Black Sea,0.049581593,0.277205885,0.483484,0.659985703,0.786411507,0.221725926,0.462400221,51745.82841,2016,0.122648867,74635.87808,2197.439128,0.061324433,532,CBA
Argopecten_purpuratus-Pacific_Southeast,Argopecten purpuratus,Peruvian calico scallop,"Scallops, pectens",Pacific Southeast,1.020519772,1.223287829,1.361895637,1.555810468,1.868633808,0.228727478,1.393856672,173736.7499,1954,0.311184536,272735.8212,21046.82384,0.155592268,200,Domestic
Argopecten_purpuratus-Pacific_Southeast,Argopecten purpuratus,Peruvian calico scallop,"Scallops, pectens",Pacific Southeast,1.105041609,1.333711404,1.483755892,1.625238591,1.884943776,0.207495146,1.484886112,173736.7499,1958,0.311184536,272735.8212,21046.82384,0.155592268,2700,Domestic
Argopecten_purpuratus-Pacific_Southeast,Argopecten purpuratus,Peruvian calico scallop,"Scallops, pectens",Pacific Southeast,1.183192165,1.417369882,1.557862225,1.704448506,1.90590694,0.188529774,1.56106015,173736.7499,1959,0.311184536,272735.8212,21046.82384,0.155592268,2400,Domestic
Argopecten_purpuratus-Pacific_Southeast,Argopecten purpuratus,Peruvian calico scallop,"Scallops, pectens",Pacific Southeast,1.285347515,1.507370685,1.639657186,1.760450615,1.922558641,0.169769374,1.633545421,173736.7499,1960,0.311184536,272735.8212,21046.82384,0.155592268,900,Domestic
Argopecten_purpuratus-Pacific_Southeast,Argopecten purpuratus,Peruvian calico scallop,"Scallops, pectens",Pacific Southeast,1.36903356,1.586012265,1.712613027,1.814623443,1.945934547,0.151218528,1.697514855,173736.7499,1961,0.311184536,272735.8212,21046.82384,0.155592268,300,Domestic
Argopecten_purpuratus-Pacific_Southeast,Argopecten purpuratus,Peruvian calico scallop,"Scallops, pectens",Pacific Southeast,1.459421075,1.644290538,1.756731846,1.844781814,1.969751693,0.135664085,1.741057587,173736.7499,1962,0.311184536,272735.8212,21046.82384,0.155592268,200,Domestic
Argopecten_purpuratus-Pacific_Southeast,Argopecten purpuratus,Peruvian calico scallop,"Scallops, pectens",Pacific Southeast,1.524013545,1.692487589,1.789061654,1.864976549,1.978815542,0.121583996,1.775170981,173736.7499,1963,0.311184536,272735.8212,21046.82384,0.155592268,100,Domestic
Argopecten_purpuratus-Pacific_Southeast,Argopecten purpuratus,Peruvian calico scallop,"Scallops, pectens",Pacific Southeast,1.568186854,1.728811236,1.803206246,1.882369746,1.984523861,0.11108334,1.797786927,173736.7499,1964,0.311184536,272735.8212,21046.82384,0.155592268,200,Domestic
Argopecten_purpuratus-Pacific_Southeast,Argopecten purpuratus,Peruvian calico scallop,"Scallops, pectens",Pacific Southeast,1.567654925,1.735176547,1.809065768,1.89026127,1.984643604,0.10887699,1.806052106,173736.7499,1965,0.311184536,272735.8212,21046.82384,0.155592268,200,Domestic
Argopecten_purpuratus-Pacific_Southeast,Argopecten purpuratus,Peruvian calico scallop,"Scallops, pectens",Pacific Southeast,1.599206934,1.742412962,1.827695119,1.894020623,1.981289822,0.103297061,1.814939304,173736.7499,1966,0.311184536,272735.8212,21046.82384,0.155592268,700,Domestic
Argopecten_purpuratus-Pacific_Southeast,Argopecten purpuratus,Peruvian calico scallop,"Scallops, pectens",Pacific Southeast,1.616818856,1.765820495,1.835868061,1.899506884,1.988596614,0.09971732,1.827178861,173736.7499,1967,0.311184536,272735.8212,21046.82384,0.155592268,300,Domestic
Argopecten_purpuratus-Pacific_Southeast,Argopecten purpuratus,Peruvian calico scallop,"Scallops, pectens",Pacific Southeast,1.609184887,1.765995852,1.841794007,1.903805335,1.988730142,0.097446634,1.830721186,173736.7499,1968,0.311184536,272735.8212,21046.82384,0.155592268,400,Domestic
Argopecten_purpuratus-Pacific_Southeast,Argopecten purpuratus,Peruvian calico scallop,"Scallops, pectens",Pacific Southeast,1.612146723,1.765688715,1.837615451,1.898271566,1.981288497,0.095132582,1.829092985,173736.7499,1969,0.311184536,272735.8212,21046.82384,0.155592268,300,Domestic
Argopecten_purpuratus-Pacific_Southeast,Argopecten purpuratus,Peruvian calico scallop,"Scallops, pectens",Pacific Southeast,1.637956354,1.775023441,1.846864066,1.908546384,1.988533376,0.093595283,1.838253981,173736.7499,1970,0.311184536,272735.8212,21046.82384,0.155592268,400,Domestic
Argopecten_purpuratus-Pacific_Southeast,Argopecten purpuratus,Peruvian calico scallop,"Scallops, pectens",Pacific Southeast,1.637632767,1.778020148,1.841930355,1.905114129,1.984354048,0.092479468,1.834726104,173736.7499,1971,0.311184536,272735.8212,21046.82384,0.155592268,500,Domestic
Argopecten_purpuratus-Pacific_Southeast,Argopecten purpuratus,Peruvian calico scallop,"Scallops, pectens",Pacific Southeast,1.64367444,1.768541398,1.838314288,1.909385994,1.987074186,0.093267982,1.833645528,173736.7499,1972,0.311184536,272735.8212,21046.82384,0.155592268,400,Domestic
Argopecten_purpuratus-Pacific_Southeast,Argopecten purpuratus,Peruvian calico scallop,"Scallops, pectens",Pacific Southeast,1.619110861,1.761982331,1.824885131,1.892328201,1.975208333,0.093623778,1.81968638,173736.7499,1973,0.311184536,272735.8212,21046.82384,0.155592268,3200,Domestic
Argopecten_purpuratus-Pacific_Southeast,Argopecten purpuratus,Peruvian calico scallop,"Scallops, pectens",Pacific Southeast,1.617714189,1.759245294,1.83153706,1.906702853,1.989168888,0.099659079,1.827880368,173736.7499,1974,0.311184536,272735.8212,21046.82384,0.155592268,1010,Domestic
Argopecten_purpuratus-Pacific_Southeast,Argopecten purpuratus,Peruvian calico scallop,"Scallops, pectens",Pacific Southeast,1.613504735,1.757797862,1.831492201,1.900839456,1.982216013,0.097965196,1.823248934,173736.7499,1975,0.311184536,272735.8212,21046.82384,0.155592268,2461,Domestic
Argopecten_purpuratus-Pacific_Southeast,Argopecten purpuratus,Peruvian calico scallop,"Scallops, pectens",Pacific Southeast,1.60233063,1.747488737,1.825984165,1.891212109,1.981867834,0.102520877,1.813609726,173736.7499,1976,0.311184536,272735.8212,21046.82384,0.155592268,3502,Domestic
Argopecten_purpuratus-Pacific_Southeast,Argopecten purpuratus,Peruvian calico scallop,"Scallops, pectens",Pacific Southeast,1.596692106,1.748400045,1.826725559,1.893515012,1.979345593,0.102936351,1.816399811,173736.7499,1977,0.311184536,272735.8212,21046.82384,0.155592268,2968,Domestic
Argopecten_purpuratus-Pacific_Southeast,Argopecten purpuratus,Peruvian calico scallop,"Scallops, pectens",Pacific Southeast,1.584940829,1.751831842,1.831112471,1.895547893,1.983658067,0.102813802,1.817921488,173736.7499,1978,0.311184536,272735.8212,21046.82384,0.155592268,4123,Domestic
Argopecten_purpuratus-Pacific_Southeast,Argopecten purpuratus,Peruvian calico scallop,"Scallops, pectens",Pacific Southeast,1.562180307,1.726347176,1.801965534,1.87761457,1.969403409,0.107317078,1.794541631,173736.7499,1979,0.311184536,272735.8212,21046.82384,0.155592268,7727,Domestic
Argopecten_purpuratus-Pacific_Southeast,Argopecten purpuratus,Peruvian calico scallop,"Scallops, pectens",Pacific Southeast,1.571477962,1.724699329,1.807740202,1.880223588,1.979192951,0.107580831,1.798409346,173736.7499,1980,0.311184536,272735.8212,21046.82384,0.155592268,4211,Domestic
Argopecten_purpuratus-Pacific_Southeast,Argopecten purpuratus,Peruvian calico scallop,"Scallops, pectens",Pacific Southeast,1.580574826,1.733087921,1.809538025,1.879818773,1.976695396,0.103883743,1.800154832,173736.7499,1981,0.311184536,272735.8212,21046.82384,0.155592268,5099,Domestic
Argopecten_purpuratus-Pacific_Southeast,Argopecten purpuratus,Peruvian calico scallop,"Scallops, pectens",Pacific Southeast,1.578510912,1.726586953,1.802899752,1.870495708,1.971637129,0.104103665,1.795045026,173736.7499,1982,0.311184536,272735.8212,21046.82384,0.155592268,5160,Domestic
Argopecten_purpuratus-Pacific_Southeast,Argopecten purpuratus,Peruvian calico scallop,"Scallops, pectens",Pacific Southeast,1.500753319,1.663488906,1.745084292,1.825660641,1.943531692,0.116988639,1.740067838,173736.7499,1983,0.311184536,272735.8212,21046.82384,0.155592268,14146,Domestic
Argopecten_purpuratus-Pacific_Southeast,Argopecten purpuratus,Peruvian calico scallop,"Scallops, pectens",Pacific Southeast,1.390273027,1.552089958,1.635595465,1.723209428,1.890549468,0.125558696,1.637686468,173736.7499,1984,0.311184536,272735.8212,21046.82384,0.155592268,22403,Domestic
Argopecten_purpuratus-Pacific_Southeast,Argopecten purpuratus,Peruvian calico scallop,"Scallops, pectens",Pacific Southeast,1.14462793,1.307133366,1.384308401,1.470157703,1.629290337,0.123751483,1.387097117,173736.7499,1985,0.311184536,272735.8212,21046.82384,0.155592268,46068,Domestic
Argopecten_purpuratus-Pacific_Southeast,Argopecten purpuratus,Peruvian calico scallop,"Scallops, pectens",Pacific Southeast,1.153450423,1.304385563,1.389791641,1.480975715,1.664832155,0.133837546,1.394475346,173736.7499,1986,0.311184536,272735.8212,21046.82384,0.155592268,16019,Domestic
Argopecten_purpuratus-Pacific_Southeast,Argopecten purpuratus,Peruvian calico scallop,"Scallops, pectens",Pacific Southeast,1.216044423,1.381388114,1.476347539,1.581077941,1.762777811,0.144528008,1.479691975,173736.7499,1987,0.311184536,272735.8212,21046.82384,0.155592268,5184,Domestic
Argopecten_purpuratus-Pacific_Southeast,Argopecten purpuratus,Peruvian calico scallop,"Scallops, pectens",Pacific Southeast,1.243851255,1.431603479,1.528625501,1.625365225,1.830115437,0.14808226,1.530629384,173736.7499,1988,0.311184536,272735.8212,21046.82384,0.155592268,6722,Domestic
Argopecten_purpuratus-Pacific_Southeast,Argopecten purpuratus,Peruvian calico scallop,"Scallops, pectens",Pacific Southeast,1.313176288,1.491737102,1.598987041,1.706792558,1.885574189,0.152977254,1.60008796,173736.7499,1989,0.311184536,272735.8212,21046.82384,0.155592268,3251,Domestic
Argopecten_purpuratus-Pacific_Southeast,Argopecten purpuratus,Peruvian calico scallop,"Scallops, pectens",Pacific Southeast,1.392599983,1.578588555,1.678487907,1.782793945,1.949183454,0.145893057,1.675390535,173736.7499,1990,0.311184536,272735.8212,21046.82384,0.155592268,900,Domestic
Argopecten_purpuratus-Pacific_Southeast,Argopecten purpuratus,Peruvian calico scallop,"Scallops, pectens",Pacific Southeast,1.443716818,1.631949653,1.736813631,1.840925117,1.966057699,0.140516216,1.72734827,173736.7499,1991,0.311184536,272735.8212,21046.82384,0.155592268,1632,Domestic
Argopecten_purpuratus-Pacific_Southeast,Argopecten purpuratus,Peruvian calico scallop,"Scallops, pectens",Pacific Southeast,1.469960901,1.641712772,1.739556629,1.838161234,1.965286941,0.132395379,1.735560058,173736.7499,1992,0.311184536,272735.8212,21046.82384,0.155592268,5446,Domestic
Argopecten_purpuratus-Pacific_Southeast,Argopecten purpuratus,Peruvian calico scallop,"Scallops, pectens",Pacific Southeast,1.50145992,1.677910174,1.760690345,1.848183997,1.969291207,0.123879181,1.758403529,173736.7499,1993,0.311184536,272735.8212,21046.82384,0.155592268,2732,Domestic
Argopecten_purpuratus-Pacific_Southeast,Argopecten purpuratus,Peruvian calico scallop,"Scallops, pectens",Pacific Southeast,1.518407575,1.727592337,1.809656782,1.880426775,1.974369094,0.116295292,1.793118541,173736.7499,1994,0.311184536,272735.8212,21046.82384,0.155592268,842,Domestic
Argopecten_purpuratus-Pacific_Southeast,Argopecten purpuratus,Peruvian calico scallop,"Scallops, pectens",Pacific Southeast,1.581388711,1.724360812,1.80611802,1.879151711,1.977977947,0.108533387,1.797875944,173736.7499,1995,0.311184536,272735.8212,21046.82384,0.155592268,3113,Domestic
Argopecten_purpuratus-Pacific_Southeast,Argopecten purpuratus,Peruvian calico scallop,"Scallops, pectens",Pacific Southeast,1.583424322,1.744536163,1.823983966,1.900157763,1.990028742,0.111110105,1.816001592,173736.7499,1996,0.311184536,272735.8212,21046.82384,0.155592268,2095,Domestic
Argopecten_purpuratus-Pacific_Southeast,Argopecten purpuratus,Peruvian calico scallop,"Scallops, pectens",Pacific Southeast,1.607251329,1.753508986,1.831643677,1.898636805,1.9879702,0.102833465,1.82291259,173736.7499,1997,0.311184536,272735.8212,21046.82384,0.155592268,4013,Domestic
Argopecten_purpuratus-Pacific_Southeast,Argopecten purpuratus,Peruvian calico scallop,"Scallops, pectens",Pacific Southeast,1.470357606,1.61757199,1.697462782,1.769785118,1.908361787,0.112523131,1.695091896,173736.7499,1998,0.311184536,272735.8212,21046.82384,0.155592268,24567,Domestic
Argopecten_purpuratus-Pacific_Southeast,Argopecten purpuratus,Peruvian calico scallop,"Scallops, pectens",Pacific Southeast,1.332130686,1.47498178,1.557990726,1.630578529,1.761040873,0.114697301,1.554681922,173736.7499,1999,0.311184536,272735.8212,21046.82384,0.155592268,30141,Domestic
Argopecten_purpuratus-Pacific_Southeast,Argopecten purpuratus,Peruvian calico scallop,"Scallops, pectens",Pacific Southeast,1.328293184,1.496605508,1.574751891,1.671549431,1.808239121,0.125352215,1.581130142,173736.7499,2000,0.311184536,272735.8212,21046.82384,0.155592268,11830,Domestic
Argopecten_purpuratus-Pacific_Southeast,Argopecten purpuratus,Peruvian calico scallop,"Scallops, pectens",Pacific Southeast,1.429562401,1.586719856,1.666587325,1.746610212,1.898243514,0.123331696,1.666141797,173736.7499,2001,0.311184536,272735.8212,21046.82384,0.155592268,2631,Domestic
Argopecten_purpuratus-Pacific_Southeast,Argopecten purpuratus,Peruvian calico scallop,"Scallops, pectens",Pacific Southeast,1.456165811,1.612870733,1.700290239,1.78266193,1.937718157,0.123401907,1.698639792,173736.7499,2002,0.311184536,272735.8212,21046.82384,0.155592268,7787,Domestic
Argopecten_purpuratus-Pacific_Southeast,Argopecten purpuratus,Peruvian calico scallop,"Scallops, pectens",Pacific Southeast,1.433420563,1.593806203,1.676685526,1.767870595,1.915736165,0.124263275,1.678637537,173736.7499,2003,0.311184536,272735.8212,21046.82384,0.155592268,14673,Domestic
Argopecten_purpuratus-Pacific_Southeast,Argopecten purpuratus,Peruvian calico scallop,"Scallops, pectens",Pacific Southeast,1.42797696,1.578961405,1.655448607,1.74073831,1.897225869,0.121268938,1.657624054,173736.7499,2004,0.311184536,272735.8212,21046.82384,0.155592268,15596,Domestic
Argopecten_purpuratus-Pacific_Southeast,Argopecten purpuratus,Peruvian calico scallop,"Scallops, pectens",Pacific Southeast,1.396262426,1.56550958,1.656473914,1.732240101,1.893292996,0.123401928,1.650907719,173736.7499,2005,0.311184536,272735.8212,21046.82384,0.155592268,15228,Domestic
Argopecten_purpuratus-Pacific_Southeast,Argopecten purpuratus,Peruvian calico scallop,"Scallops, pectens",Pacific Southeast,1.385372244,1.533789664,1.626045997,1.707220579,1.85580782,0.122234269,1.621155181,173736.7499,2006,0.311184536,272735.8212,21046.82384,0.155592268,18763,Domestic
Argopecten_purpuratus-Pacific_Southeast,Argopecten purpuratus,Peruvian calico scallop,"Scallops, pectens",Pacific Southeast,1.34477489,1.47272514,1.556713121,1.634304706,1.792488893,0.116885203,1.557193535,173736.7499,2007,0.311184536,272735.8212,21046.82384,0.155592268,24768,Domestic
Argopecten_purpuratus-Pacific_Southeast,Argopecten purpuratus,Peruvian calico scallop,"Scallops, pectens",Pacific Southeast,1.333414071,1.468281869,1.547972344,1.621304909,1.796575173,0.115132212,1.547834709,173736.7499,2008,0.311184536,272735.8212,21046.82384,0.155592268,19618,Domestic
Argopecten_purpuratus-Pacific_Southeast,Argopecten purpuratus,Peruvian calico scallop,"Scallops, pectens",Pacific Southeast,1.302561496,1.40937365,1.480750898,1.543703121,1.705901613,0.104677073,1.482177559,173736.7499,2009,0.311184536,272735.8212,21046.82384,0.155592268,26667,Domestic
Argopecten_purpuratus-Pacific_Southeast,Argopecten purpuratus,Peruvian calico scallop,"Scallops, pectens",Pacific Southeast,1.018072798,1.090334352,1.143463961,1.208023124,1.36134845,0.088794709,1.156351531,173736.7499,2010,0.311184536,272735.8212,21046.82384,0.155592268,62827,Domestic
Argopecten_purpuratus-Pacific_Southeast,Argopecten purpuratus,Peruvian calico scallop,"Scallops, pectens",Pacific Southeast,0.498584797,0.565262171,0.609735659,0.67326545,0.821919697,0.082751742,0.625122813,173736.7499,2011,0.311184536,272735.8212,21046.82384,0.155592268,93050,Domestic
Argopecten_purpuratus-Pacific_Southeast,Argopecten purpuratus,Peruvian calico scallop,"Scallops, pectens",Pacific Southeast,0.513764497,0.580577357,0.634128389,0.710185286,0.874236021,0.094717966,0.652504532,173736.7499,2012,0.311184536,272735.8212,21046.82384,0.155592268,14896,Domestic
Argopecten_purpuratus-Pacific_Southeast,Argopecten purpuratus,Peruvian calico scallop,"Scallops, pectens",Pacific Southeast,0.480147886,0.539700196,0.607531543,0.701271281,0.870449646,0.109413564,0.629218267,173736.7499,2013,0.311184536,272735.8212,21046.82384,0.155592268,22178,Domestic
Argopecten_purpuratus-Pacific_Southeast,Argopecten purpuratus,Peruvian calico scallop,"Scallops, pectens",Pacific Southeast,0.184335592,0.241037411,0.329786359,0.435640449,0.632704565,0.127588737,0.349902665,173736.7499,2014,0.311184536,272735.8212,21046.82384,0.155592268,56002,Domestic
Argopecten_purpuratus-Pacific_Southeast,Argopecten purpuratus,Peruvian calico scallop,"Scallops, pectens",Pacific Southeast,0.10595916,0.178451075,0.288827874,0.418523174,0.663135662,0.159014972,0.312284176,173736.7499,2015,0.311184536,272735.8212,21046.82384,0.155592268,17176,Domestic
Argopecten_purpuratus-Pacific_Southeast,Argopecten purpuratus,Peruvian calico scallop,"Scallops, pectens",Pacific Southeast,0.034902637,0.127228257,0.259728968,0.434277149,0.739652296,0.197471365,0.294082984,173736.7499,2016,0.311184536,272735.8212,21046.82384,0.155592268,13343,Domestic
Argopecten_ventricosus-Pacific_Eastern Central,Argopecten ventricosus,Pacific calico scallop,"Scallops, pectens",Pacific Eastern Central,1.028573286,1.245710865,1.414066326,1.610561564,1.87063854,0.232406026,1.429456192,53894.1955,1984,0.545395729,81865.49905,10224.98107,0.272697864,4800,CBA
Argopecten_ventricosus-Pacific_Eastern Central,Argopecten ventricosus,Pacific calico scallop,"Scallops, pectens",Pacific Eastern Central,1.147196674,1.393841194,1.557226557,1.710468578,1.912812614,0.207533102,1.548501275,53894.1955,1985,0.545395729,81865.49905,10224.98107,0.272697864,3400,CBA
Argopecten_ventricosus-Pacific_Eastern Central,Argopecten ventricosus,Pacific calico scallop,"Scallops, pectens",Pacific Eastern Central,1.192193589,1.439039867,1.576864993,1.692617198,1.866602299,0.176838161,1.561068547,53894.1955,1986,0.545395729,81865.49905,10224.98107,0.272697864,6300,CBA
Argopecten_ventricosus-Pacific_Eastern Central,Argopecten ventricosus,Pacific calico scallop,"Scallops, pectens",Pacific Eastern Central,1.239589106,1.477292221,1.593820004,1.694455613,1.851735626,0.157677552,1.579450645,53894.1955,1987,0.545395729,81865.49905,10224.98107,0.272697864,6200,CBA
Argopecten_ventricosus-Pacific_Eastern Central,Argopecten ventricosus,Pacific calico scallop,"Scallops, pectens",Pacific Eastern Central,1.226443852,1.434256702,1.527771257,1.611977628,1.761790642,0.13513276,1.518547149,53894.1955,1988,0.545395729,81865.49905,10224.98107,0.272697864,9200,CBA
Argopecten_ventricosus-Pacific_Eastern Central,Argopecten ventricosus,Pacific calico scallop,"Scallops, pectens",Pacific Eastern Central,1.156032879,1.324514757,1.401252862,1.471265956,1.619558477,0.115530023,1.396508635,53894.1955,1989,0.545395729,81865.49905,10224.98107,0.272697864,12500,CBA
Argopecten_ventricosus-Pacific_Eastern Central,Argopecten ventricosus,Pacific calico scallop,"Scallops, pectens",Pacific Eastern Central,0.653323793,0.766564656,0.850276618,0.942139741,1.142694895,0.129030394,0.862529125,53894.1955,1990,0.545395729,81865.49905,10224.98107,0.272697864,29471,CBA
Argopecten_ventricosus-Pacific_Eastern Central,Argopecten ventricosus,Pacific calico scallop,"Scallops, pectens",Pacific Eastern Central,0.326525608,0.507496727,0.61719119,0.728224465,0.949413353,0.161470705,0.621289975,53894.1955,1991,0.545395729,81865.49905,10224.98107,0.272697864,19428,CBA
Argopecten_ventricosus-Pacific_Eastern Central,Argopecten ventricosus,Pacific calico scallop,"Scallops, pectens",Pacific Eastern Central,0.38200547,0.586791576,0.702618484,0.81749688,1.04049349,0.168746615,0.703370057,53894.1955,1992,0.545395729,81865.49905,10224.98107,0.272697864,5290,CBA
Argopecten_ventricosus-Pacific_Eastern Central,Argopecten ventricosus,Pacific calico scallop,"Scallops, pectens",Pacific Eastern Central,0.440920228,0.666936507,0.785448058,0.907544501,1.139190236,0.177788121,0.786983577,53894.1955,1993,0.545395729,81865.49905,10224.98107,0.272697864,5883,CBA
Argopecten_ventricosus-Pacific_Eastern Central,Argopecten ventricosus,Pacific calico scallop,"Scallops, pectens",Pacific Eastern Central,0.424713005,0.681864829,0.813807177,0.9426337,1.196208588,0.194522211,0.813958822,53894.1955,1994,0.545395729,81865.49905,10224.98107,0.272697864,8570,CBA
Argopecten_ventricosus-Pacific_Eastern Central,Argopecten ventricosus,Pacific calico scallop,"Scallops, pectens",Pacific Eastern Central,0.634252283,0.880138183,1.024174387,1.178665343,1.486111471,0.217130398,1.034266283,53894.1955,1995,0.545395729,81865.49905,10224.98107,0.272697864,1256,CBA
Argopecten_ventricosus-Pacific_Eastern Central,Argopecten ventricosus,Pacific calico scallop,"Scallops, pectens",Pacific Eastern Central,0.394525357,0.697124165,0.845463135,0.997224972,1.255394677,0.219311598,0.844654386,53894.1955,1996,0.545395729,81865.49905,10224.98107,0.272697864,17290,CBA
Argopecten_ventricosus-Pacific_Eastern Central,Argopecten ventricosus,Pacific calico scallop,"Scallops, pectens",Pacific Eastern Central,0.541033723,0.858414163,1.031465318,1.214500947,1.543845103,0.258965446,1.036811386,53894.1955,1997,0.545395729,81865.49905,10224.98107,0.272697864,2320,CBA
Argopecten_ventricosus-Pacific_Eastern Central,Argopecten ventricosus,Pacific calico scallop,"Scallops, pectens",Pacific Eastern Central,0.696067059,1.013263872,1.200998117,1.420420432,1.770545781,0.28412365,1.216928489,53894.1955,1998,0.545395729,81865.49905,10224.98107,0.272697864,2726,CBA
Argopecten_ventricosus-Pacific_Eastern Central,Argopecten ventricosus,Pacific calico scallop,"Scallops, pectens",Pacific Eastern Central,0.877968739,1.183941291,1.387656099,1.620595219,1.911307109,0.283692482,1.397274218,53894.1955,1999,0.545395729,81865.49905,10224.98107,0.272697864,1864,CBA
Argopecten_ventricosus-Pacific_Eastern Central,Argopecten ventricosus,Pacific calico scallop,"Scallops, pectens",Pacific Eastern Central,0.955815073,1.244188199,1.435967242,1.62416173,1.835324646,0.24346661,1.426386442,53894.1955,2000,0.545395729,81865.49905,10224.98107,0.272697864,6287,CBA
Argopecten_ventricosus-Pacific_Eastern Central,Argopecten ventricosus,Pacific calico scallop,"Scallops, pectens",Pacific Eastern Central,1.086189898,1.368791291,1.557452229,1.726173795,1.924114692,0.231259036,1.539700378,53894.1955,2001,0.545395729,81865.49905,10224.98107,0.272697864,3100,CBA
Argopecten_ventricosus-Pacific_Eastern Central,Argopecten ventricosus,Pacific calico scallop,"Scallops, pectens",Pacific Eastern Central,1.070892646,1.317797857,1.469358629,1.581130037,1.743191104,0.178886797,1.44548282,53894.1955,2002,0.545395729,81865.49905,10224.98107,0.272697864,9875,CBA
Argopecten_ventricosus-Pacific_Eastern Central,Argopecten ventricosus,Pacific calico scallop,"Scallops, pectens",Pacific Eastern Central,1.137048528,1.372660502,1.516067699,1.632880453,1.799277637,0.1770826,1.498561134,53894.1955,2003,0.545395729,81865.49905,10224.98107,0.272697864,5763,CBA
Argopecten_ventricosus-Pacific_Eastern Central,Argopecten ventricosus,Pacific calico scallop,"Scallops, pectens",Pacific Eastern Central,1.211387106,1.430087506,1.564123893,1.676251874,1.853049717,0.169748073,1.550512932,53894.1955,2004,0.545395729,81865.49905,10224.98107,0.272697864,5151,CBA
Argopecten_ventricosus-Pacific_Eastern Central,Argopecten ventricosus,Pacific calico scallop,"Scallops, pectens",Pacific Eastern Central,1.083742241,1.253660692,1.327711872,1.395203096,1.515781687,0.108938598,1.320312132,53894.1955,2005,0.545395729,81865.49905,10224.98107,0.272697864,15348,CBA
Argopecten_ventricosus-Pacific_Eastern Central,Argopecten ventricosus,Pacific calico scallop,"Scallops, pectens",Pacific Eastern Central,0.957962281,1.084906029,1.140833628,1.196827204,1.306550412,0.086216611,1.13918414,53894.1955,2006,0.545395729,81865.49905,10224.98107,0.272697864,16027,CBA
Argopecten_ventricosus-Pacific_Eastern Central,Argopecten ventricosus,Pacific calico scallop,"Scallops, pectens",Pacific Eastern Central,0.859003144,0.969326206,1.018482854,1.066962547,1.158481711,0.074934506,1.016491212,53894.1955,2007,0.545395729,81865.49905,10224.98107,0.272697864,14761,CBA
Argopecten_ventricosus-Pacific_Eastern Central,Argopecten ventricosus,Pacific calico scallop,"Scallops, pectens",Pacific Eastern Central,0.725899779,0.815786896,0.85826312,0.897847412,0.975186485,0.062309771,0.855427034,53894.1955,2008,0.545395729,81865.49905,10224.98107,0.272697864,16522,CBA
Argopecten_ventricosus-Pacific_Eastern Central,Argopecten ventricosus,Pacific calico scallop,"Scallops, pectens",Pacific Eastern Central,0.582343138,0.663141083,0.699445826,0.730204631,0.792767039,0.052415281,0.69583134,53894.1955,2009,0.545395729,81865.49905,10224.98107,0.272697864,16284,CBA
Argopecten_ventricosus-Pacific_Eastern Central,Argopecten ventricosus,Pacific calico scallop,"Scallops, pectens",Pacific Eastern Central,0.412428051,0.485640543,0.515525989,0.541979634,0.609439544,0.047341472,0.513628687,53894.1955,2010,0.545395729,81865.49905,10224.98107,0.272697864,16499,CBA
Argopecten_ventricosus-Pacific_Eastern Central,Argopecten ventricosus,Pacific calico scallop,"Scallops, pectens",Pacific Eastern Central,0.164057698,0.195006804,0.228754121,0.280377325,0.396823129,0.062711628,0.2442208,53894.1955,2011,0.545395729,81865.49905,10224.98107,0.272697864,18392,CBA
Argopecten_ventricosus-Pacific_Eastern Central,Argopecten ventricosus,Pacific calico scallop,"Scallops, pectens",Pacific Eastern Central,0.079959933,0.121438958,0.170808786,0.240197022,0.379616032,0.083018266,0.188500497,53894.1955,2012,0.545395729,81865.49905,10224.98107,0.272697864,6407,CBA
Argopecten_ventricosus-Pacific_Eastern Central,Argopecten ventricosus,Pacific calico scallop,"Scallops, pectens",Pacific Eastern Central,0.067024897,0.132015956,0.202180087,0.286592457,0.4418214,0.104020391,0.216960146,53894.1955,2013,0.545395729,81865.49905,10224.98107,0.272697864,2126,CBA
Argopecten_ventricosus-Pacific_Eastern Central,Argopecten ventricosus,Pacific calico scallop,"Scallops, pectens",Pacific Eastern Central,0.035647869,0.137026795,0.23892091,0.344767219,0.513955977,0.133310149,0.24678273,53894.1955,2014,0.545395729,81865.49905,10224.98107,0.272697864,2499,CBA
Argopecten_ventricosus-Pacific_Eastern Central,Argopecten ventricosus,Pacific calico scallop,"Scallops, pectens",Pacific Eastern Central,0.033272123,0.189343769,0.338531728,0.469324918,0.627066672,0.171050113,0.330538439,53894.1955,2015,0.545395729,81865.49905,10224.98107,0.272697864,805,CBA
Argopecten_ventricosus-Pacific_Eastern Central,Argopecten ventricosus,Pacific calico scallop,"Scallops, pectens",Pacific Eastern Central,0.046807533,0.274177707,0.482744545,0.657944617,0.788268338,0.225141904,0.46041906,53894.1955,2016,0.545395729,81865.49905,10224.98107,0.272697864,239,CBA
Argyrosomus_regius-Atlantic_Eastern Central,Argyrosomus regius,Meagre,Miscellaneous coastal fishes,Atlantic Eastern Central,0.937949865,1.11501432,1.247507924,1.436839496,1.810434083,0.231664844,1.289692041,19171.32523,1950,0.325554464,32229.35781,2307.847321,0.162777232,800,Domestic
Argyrosomus_regius-Atlantic_Eastern Central,Argyrosomus regius,Meagre,Miscellaneous coastal fishes,Atlantic Eastern Central,0.972211823,1.184624254,1.338395143,1.517525169,1.821974375,0.226991585,1.357498813,19171.32523,1951,0.325554464,32229.35781,2307.847321,0.162777232,1000,Domestic
Argyrosomus_regius-Atlantic_Eastern Central,Argyrosomus regius,Meagre,Miscellaneous coastal fishes,Atlantic Eastern Central,1.012398686,1.258983694,1.428531913,1.598669497,1.857091078,0.227089098,1.429901698,19171.32523,1952,0.325554464,32229.35781,2307.847321,0.162777232,800,Domestic
Argyrosomus_regius-Atlantic_Eastern Central,Argyrosomus regius,Meagre,Miscellaneous coastal fishes,Atlantic Eastern Central,1.050151287,1.33329385,1.50927328,1.670839876,1.892778189,0.225779739,1.496822854,19171.32523,1953,0.325554464,32229.35781,2307.847321,0.162777232,700,Domestic
Argyrosomus_regius-Atlantic_Eastern Central,Argyrosomus regius,Meagre,Miscellaneous coastal fishes,Atlantic Eastern Central,1.084263017,1.380545368,1.558013649,1.708641721,1.904772993,0.220703016,1.536810401,19171.32523,1954,0.325554464,32229.35781,2307.847321,0.162777232,900,Domestic
Argyrosomus_regius-Atlantic_Eastern Central,Argyrosomus regius,Meagre,Miscellaneous coastal fishes,Atlantic Eastern Central,1.116069826,1.434742089,1.614472785,1.749808048,1.93039803,0.217369688,1.583462595,19171.32523,1955,0.325554464,32229.35781,2307.847321,0.162777232,700,Domestic
Argyrosomus_regius-Atlantic_Eastern Central,Argyrosomus regius,Meagre,Miscellaneous coastal fishes,Atlantic Eastern Central,1.139706236,1.463905848,1.632286171,1.758093119,1.924812157,0.208467428,1.599157277,19171.32523,1956,0.325554464,32229.35781,2307.847321,0.162777232,1000,Domestic
Argyrosomus_regius-Atlantic_Eastern Central,Argyrosomus regius,Meagre,Miscellaneous coastal fishes,Atlantic Eastern Central,1.170569748,1.503021824,1.668040033,1.78754962,1.946847394,0.205199098,1.633140425,19171.32523,1957,0.325554464,32229.35781,2307.847321,0.162777232,700,Domestic
Argyrosomus_regius-Atlantic_Eastern Central,Argyrosomus regius,Meagre,Miscellaneous coastal fishes,Atlantic Eastern Central,1.189737169,1.521425989,1.674042064,1.784360109,1.939754299,0.194987895,1.640098573,19171.32523,1958,0.325554464,32229.35781,2307.847321,0.162777232,1000,Domestic
Argyrosomus_regius-Atlantic_Eastern Central,Argyrosomus regius,Meagre,Miscellaneous coastal fishes,Atlantic Eastern Central,1.196511556,1.524990541,1.663501761,1.76615395,1.924588833,0.186484904,1.63319918,19171.32523,1959,0.325554464,32229.35781,2307.847321,0.162777232,1200,Domestic
Argyrosomus_regius-Atlantic_Eastern Central,Argyrosomus regius,Meagre,Miscellaneous coastal fishes,Atlantic Eastern Central,1.213940183,1.536386446,1.669625933,1.775115448,1.930604017,0.18282791,1.642680466,19171.32523,1960,0.325554464,32229.35781,2307.847321,0.162777232,1000,Domestic
Argyrosomus_regius-Atlantic_Eastern Central,Argyrosomus regius,Meagre,Miscellaneous coastal fishes,Atlantic Eastern Central,1.232527729,1.548250638,1.677299669,1.77901925,1.935826965,0.179615429,1.650592844,19171.32523,1961,0.325554464,32229.35781,2307.847321,0.162777232,1000,Domestic
Argyrosomus_regius-Atlantic_Eastern Central,Argyrosomus regius,Meagre,Miscellaneous coastal fishes,Atlantic Eastern Central,1.247360593,1.555161489,1.680670996,1.780533024,1.933812839,0.175409629,1.655810209,19171.32523,1962,0.325554464,32229.35781,2307.847321,0.162777232,1000,Domestic
Argyrosomus_regius-Atlantic_Eastern Central,Argyrosomus regius,Meagre,Miscellaneous coastal fishes,Atlantic Eastern Central,1.257386077,1.562303947,1.68350515,1.783098146,1.935421412,0.171395538,1.659807337,19171.32523,1963,0.325554464,32229.35781,2307.847321,0.162777232,1000,Domestic
Argyrosomus_regius-Atlantic_Eastern Central,Argyrosomus regius,Meagre,Miscellaneous coastal fishes,Atlantic Eastern Central,1.272871327,1.567194169,1.683960382,1.781351115,1.929146861,0.166096686,1.662241821,19171.32523,1964,0.325554464,32229.35781,2307.847321,0.162777232,1000,Domestic
Argyrosomus_regius-Atlantic_Eastern Central,Argyrosomus regius,Meagre,Miscellaneous coastal fishes,Atlantic Eastern Central,1.300542629,1.591903601,1.705734464,1.801344897,1.943241458,0.1633666,1.684038513,19171.32523,1965,0.325554464,32229.35781,2307.847321,0.162777232,700,Domestic
Argyrosomus_regius-Atlantic_Eastern Central,Argyrosomus regius,Meagre,Miscellaneous coastal fishes,Atlantic Eastern Central,1.323886264,1.604846119,1.717995235,1.811595351,1.951542635,0.158779355,1.697072438,19171.32523,1966,0.325554464,32229.35781,2307.847321,0.162777232,700,Domestic
Argyrosomus_regius-Atlantic_Eastern Central,Argyrosomus regius,Meagre,Miscellaneous coastal fishes,Atlantic Eastern Central,1.358064966,1.644583477,1.753885444,1.844890902,1.967471753,0.155113208,1.731734306,19171.32523,1967,0.325554464,32229.35781,2307.847321,0.162777232,300,Domestic
Argyrosomus_regius-Atlantic_Eastern Central,Argyrosomus regius,Meagre,Miscellaneous coastal fishes,Atlantic Eastern Central,1.398616598,1.675213988,1.778064024,1.86272243,1.973283765,0.146974102,1.755521036,19171.32523,1968,0.325554464,32229.35781,2307.847321,0.162777232,300,Domestic
Argyrosomus_regius-Atlantic_Eastern Central,Argyrosomus regius,Meagre,Miscellaneous coastal fishes,Atlantic Eastern Central,1.436065322,1.697514497,1.79579671,1.876378421,1.977850206,0.139612455,1.773990932,19171.32523,1969,0.325554464,32229.35781,2307.847321,0.162777232,300,Domestic
Argyrosomus_regius-Atlantic_Eastern Central,Argyrosomus regius,Meagre,Miscellaneous coastal fishes,Atlantic Eastern Central,1.472001285,1.723944014,1.820222044,1.8976006,1.985810739,0.134272132,1.797598209,19171.32523,1970,0.325554464,32229.35781,2307.847321,0.162777232,200,Domestic
Argyrosomus_regius-Atlantic_Eastern Central,Argyrosomus regius,Meagre,Miscellaneous coastal fishes,Atlantic Eastern Central,1.448406231,1.663508567,1.751295815,1.829850955,1.953497238,0.127831047,1.739326074,19171.32523,1972,0.325554464,32229.35781,2307.847321,0.162777232,1530,Domestic
Argyrosomus_regius-Atlantic_Eastern Central,Argyrosomus regius,Meagre,Miscellaneous coastal fishes,Atlantic Eastern Central,1.46363941,1.681331974,1.773106787,1.854107449,1.971792652,0.130235286,1.759915467,19171.32523,1973,0.325554464,32229.35781,2307.847321,0.162777232,647,Domestic
Argyrosomus_regius-Atlantic_Eastern Central,Argyrosomus regius,Meagre,Miscellaneous coastal fishes,Atlantic Eastern Central,1.382485469,1.559651736,1.64494707,1.730668323,1.886606431,0.12808099,1.642862066,19171.32523,1974,0.325554464,32229.35781,2307.847321,0.162777232,2668,Domestic
Argyrosomus_regius-Atlantic_Eastern Central,Argyrosomus regius,Meagre,Miscellaneous coastal fishes,Atlantic Eastern Central,1.303854917,1.469931965,1.556403874,1.646948018,1.827071787,0.132405911,1.558710321,19171.32523,1975,0.325554464,32229.35781,2307.847321,0.162777232,2640,Domestic
Argyrosomus_regius-Atlantic_Eastern Central,Argyrosomus regius,Meagre,Miscellaneous coastal fishes,Atlantic Eastern Central,1.218336079,1.376721298,1.466607727,1.560725484,1.758382686,0.137432877,1.472007891,19171.32523,1976,0.325554464,32229.35781,2307.847321,0.162777232,2940,Domestic
Argyrosomus_regius-Atlantic_Eastern Central,Argyrosomus regius,Meagre,Miscellaneous coastal fishes,Atlantic Eastern Central,1.174421262,1.340870303,1.433090799,1.531489008,1.734035792,0.142279748,1.438695333,19171.32523,1977,0.325554464,32229.35781,2307.847321,0.162777232,2366,Domestic
Argyrosomus_regius-Atlantic_Eastern Central,Argyrosomus regius,Meagre,Miscellaneous coastal fishes,Atlantic Eastern Central,0.937012583,1.111397124,1.214738371,1.328423434,1.558669367,0.159751551,1.223894977,19171.32523,1978,0.325554464,32229.35781,2307.847321,0.162777232,5081,Domestic
Argyrosomus_regius-Atlantic_Eastern Central,Argyrosomus regius,Meagre,Miscellaneous coastal fishes,Atlantic Eastern Central,0.868165519,1.055613886,1.167936449,1.284042637,1.517150761,0.167341025,1.173618238,19171.32523,1979,0.325554464,32229.35781,2307.847321,0.162777232,3007,Domestic
Argyrosomus_regius-Atlantic_Eastern Central,Argyrosomus regius,Meagre,Miscellaneous coastal fishes,Atlantic Eastern Central,0.934447333,1.130103627,1.245187369,1.361420315,1.584000347,0.167639581,1.247943144,19171.32523,1980,0.325554464,32229.35781,2307.847321,0.162777232,1223,Domestic
Argyrosomus_regius-Atlantic_Eastern Central,Argyrosomus regius,Meagre,Miscellaneous coastal fishes,Atlantic Eastern Central,1.003667538,1.213057478,1.334302352,1.453129816,1.673586546,0.172519151,1.334256352,19171.32523,1981,0.325554464,32229.35781,2307.847321,0.162777232,958,Domestic
Argyrosomus_regius-Atlantic_Eastern Central,Argyrosomus regius,Meagre,Miscellaneous coastal fishes,Atlantic Eastern Central,1.070502896,1.297466943,1.425029307,1.550124151,1.771542918,0.180818083,1.423660443,19171.32523,1982,0.325554464,32229.35781,2307.847321,0.162777232,772,Domestic
Argyrosomus_regius-Atlantic_Eastern Central,Argyrosomus regius,Meagre,Miscellaneous coastal fishes,Atlantic Eastern Central,1.134407144,1.37301237,1.509748869,1.642403661,1.863341096,0.189331044,1.506267063,19171.32523,1983,0.325554464,32229.35781,2307.847321,0.162777232,659,Domestic
Argyrosomus_regius-Atlantic_Eastern Central,Argyrosomus regius,Meagre,Miscellaneous coastal fishes,Atlantic Eastern Central,1.071967638,1.295555578,1.421613419,1.538826625,1.740528867,0.173597407,1.416346674,19171.32523,1984,0.325554464,32229.35781,2307.847321,0.162777232,2956,Domestic
Argyrosomus_regius-Atlantic_Eastern Central,Argyrosomus regius,Meagre,Miscellaneous coastal fishes,Atlantic Eastern Central,1.018697851,1.232744605,1.353089399,1.469188421,1.670593798,0.16938004,1.349957175,19171.32523,1985,0.325554464,32229.35781,2307.847321,0.162777232,2865,Domestic
Argyrosomus_regius-Atlantic_Eastern Central,Argyrosomus regius,Meagre,Miscellaneous coastal fishes,Atlantic Eastern Central,0.992668509,1.2071822,1.328945434,1.44614022,1.6531916,0.171473473,1.326332954,19171.32523,1986,0.325554464,32229.35781,2307.847321,0.162777232,2382,Domestic
Argyrosomus_regius-Atlantic_Eastern Central,Argyrosomus regius,Meagre,Miscellaneous coastal fishes,Atlantic Eastern Central,0.944358429,1.158973446,1.282549167,1.403520633,1.613948838,0.17391321,1.280682521,19171.32523,1987,0.325554464,32229.35781,2307.847321,0.162777232,2739,Domestic
Argyrosomus_regius-Atlantic_Eastern Central,Argyrosomus regius,Meagre,Miscellaneous coastal fishes,Atlantic Eastern Central,0.702085925,0.909347097,1.032394711,1.155477944,1.395631675,0.178588978,1.035338062,19171.32523,1988,0.325554464,32229.35781,2307.847321,0.162777232,5707,Domestic
Argyrosomus_regius-Atlantic_Eastern Central,Argyrosomus regius,Meagre,Miscellaneous coastal fishes,Atlantic Eastern Central,0.539071177,0.774306514,0.914018941,1.052286053,1.313455941,0.199901285,0.915372539,19171.32523,1989,0.325554464,32229.35781,2307.847321,0.162777232,4086,Domestic
Argyrosomus_regius-Atlantic_Eastern Central,Argyrosomus regius,Meagre,Miscellaneous coastal fishes,Atlantic Eastern Central,0.500427933,0.768879844,0.925531901,1.078028269,1.346796156,0.220150527,0.924122629,19171.32523,1990,0.325554464,32229.35781,2307.847321,0.162777232,2165,Domestic
Argyrosomus_regius-Atlantic_Eastern Central,Argyrosomus regius,Meagre,Miscellaneous coastal fishes,Atlantic Eastern Central,0.57525903,0.862084587,1.041606676,1.210791031,1.484801785,0.241130352,1.036772295,19171.32523,1991,0.325554464,32229.35781,2307.847321,0.162777232,619,Domestic
Argyrosomus_regius-Atlantic_Eastern Central,Argyrosomus regius,Meagre,Miscellaneous coastal fishes,Atlantic Eastern Central,0.651499055,0.959316255,1.158007533,1.348458275,1.63605799,0.263173462,1.151763862,19171.32523,1992,0.325554464,32229.35781,2307.847321,0.162777232,572,Domestic
Argyrosomus_regius-Atlantic_Eastern Central,Argyrosomus regius,Meagre,Miscellaneous coastal fishes,Atlantic Eastern Central,0.724449245,1.049941977,1.270200236,1.474053863,1.76012132,0.280459563,1.259110406,19171.32523,1993,0.325554464,32229.35781,2307.847321,0.162777232,569,Domestic
Argyrosomus_regius-Atlantic_Eastern Central,Argyrosomus regius,Meagre,Miscellaneous coastal fishes,Atlantic Eastern Central,0.777545405,1.113631206,1.347880867,1.552492222,1.818261664,0.285777028,1.329166735,19171.32523,1994,0.325554464,32229.35781,2307.847321,0.162777232,932,Domestic
Argyrosomus_regius-Atlantic_Eastern Central,Argyrosomus regius,Meagre,Miscellaneous coastal fishes,Atlantic Eastern Central,0.825449225,1.174567717,1.418633037,1.617332317,1.861800479,0.285816915,1.390806682,19171.32523,1995,0.325554464,32229.35781,2307.847321,0.162777232,917,Domestic
Argyrosomus_regius-Atlantic_Eastern Central,Argyrosomus regius,Meagre,Miscellaneous coastal fishes,Atlantic Eastern Central,0.866085505,1.223891575,1.467873719,1.65321421,1.878451799,0.279724349,1.431010003,19171.32523,1996,0.325554464,32229.35781,2307.847321,0.162777232,1097,Domestic
Argyrosomus_regius-Atlantic_Eastern Central,Argyrosomus regius,Meagre,Miscellaneous coastal fishes,Atlantic Eastern Central,0.905473181,1.272682429,1.511666362,1.684594653,1.8884029,0.271362631,1.469390935,19171.32523,1997,0.325554464,32229.35781,2307.847321,0.162777232,1032,Domestic
Argyrosomus_regius-Atlantic_Eastern Central,Argyrosomus regius,Meagre,Miscellaneous coastal fishes,Atlantic Eastern Central,0.94489675,1.318402053,1.553701582,1.712806016,1.903437087,0.263202407,1.50539395,19171.32523,1998,0.325554464,32229.35781,2307.847321,0.162777232,993,Domestic
Argyrosomus_regius-Atlantic_Eastern Central,Argyrosomus regius,Meagre,Miscellaneous coastal fishes,Atlantic Eastern Central,0.978548273,1.357267847,1.579630032,1.727109129,1.91132938,0.252378125,1.530887984,19171.32523,1999,0.325554464,32229.35781,2307.847321,0.162777232,1080,Domestic
Argyrosomus_regius-Atlantic_Eastern Central,Argyrosomus regius,Meagre,Miscellaneous coastal fishes,Atlantic Eastern Central,1.016368217,1.395425867,1.60635195,1.742938319,1.91641798,0.242421817,1.556322527,19171.32523,2000,0.325554464,32229.35781,2307.847321,0.162777232,1017,Domestic
Argyrosomus_regius-Atlantic_Eastern Central,Argyrosomus regius,Meagre,Miscellaneous coastal fishes,Atlantic Eastern Central,1.044709908,1.426371914,1.624692168,1.754406236,1.928536227,0.233855308,1.577410765,19171.32523,2001,0.325554464,32229.35781,2307.847321,0.162777232,1030,Domestic
Argyrosomus_regius-Atlantic_Eastern Central,Argyrosomus regius,Meagre,Miscellaneous coastal fishes,Atlantic Eastern Central,1.03721899,1.400432078,1.571898404,1.690266587,1.865504715,0.215302554,1.532301997,19171.32523,2002,0.325554464,32229.35781,2307.847321,0.162777232,1976,Domestic
Argyrosomus_regius-Atlantic_Eastern Central,Argyrosomus regius,Meagre,Miscellaneous coastal fishes,Atlantic Eastern Central,1.051415044,1.414411712,1.576259543,1.690383616,1.872077528,0.210460763,1.53965525,19171.32523,2003,0.325554464,32229.35781,2307.847321,0.162777232,1388,Domestic
Argyrosomus_regius-Atlantic_Eastern Central,Argyrosomus regius,Meagre,Miscellaneous coastal fishes,Atlantic Eastern Central,1.05473401,1.403492818,1.552401261,1.664244402,1.845866496,0.201266108,1.521388763,19171.32523,2004,0.325554464,32229.35781,2307.847321,0.162777232,1755,Domestic
Argyrosomus_regius-Atlantic_Eastern Central,Argyrosomus regius,Meagre,Miscellaneous coastal fishes,Atlantic Eastern Central,1.039564553,1.377408465,1.513827107,1.621945095,1.802984401,0.192043098,1.486999604,19171.32523,2005,0.325554464,32229.35781,2307.847321,0.162777232,2078,Domestic
Argyrosomus_regius-Atlantic_Eastern Central,Argyrosomus regius,Meagre,Miscellaneous coastal fishes,Atlantic Eastern Central,1.036194554,1.368955944,1.502551688,1.609755823,1.791697196,0.190009737,1.477471891,19171.32523,2006,0.325554464,32229.35781,2307.847321,0.162777232,1821,Domestic
Argyrosomus_regius-Atlantic_Eastern Central,Argyrosomus regius,Meagre,Miscellaneous coastal fishes,Atlantic Eastern Central,0.99748612,1.309539216,1.433959785,1.534979095,1.710380141,0.177821344,1.411880862,19171.32523,2007,0.325554464,32229.35781,2307.847321,0.162777232,2644,Domestic
Argyrosomus_regius-Atlantic_Eastern Central,Argyrosomus regius,Meagre,Miscellaneous coastal fishes,Atlantic Eastern Central,0.89581455,1.161404511,1.264936667,1.358023368,1.534457047,0.15710548,1.252962207,19171.32523,2008,0.325554464,32229.35781,2307.847321,0.162777232,4175,Domestic
Argyrosomus_regius-Atlantic_Eastern Central,Argyrosomus regius,Meagre,Miscellaneous coastal fishes,Atlantic Eastern Central,0.862681731,1.136585165,1.24551495,1.339468875,1.516812548,0.161201738,1.230622219,19171.32523,2009,0.325554464,32229.35781,2307.847321,0.162777232,2485,Domestic
Argyrosomus_regius-Atlantic_Eastern Central,Argyrosomus regius,Meagre,Miscellaneous coastal fishes,Atlantic Eastern Central,0.779515929,1.039670219,1.143617684,1.239446739,1.412759186,0.156390735,1.13214313,19171.32523,2010,0.325554464,32229.35781,2307.847321,0.162777232,3595,Domestic
Argyrosomus_regius-Atlantic_Eastern Central,Argyrosomus regius,Meagre,Miscellaneous coastal fishes,Atlantic Eastern Central,0.765270416,1.054206131,1.171256005,1.268830467,1.446769858,0.168982647,1.153552214,19171.32523,2011,0.325554464,32229.35781,2307.847321,0.162777232,1952,Domestic
Argyrosomus_regius-Atlantic_Eastern Central,Argyrosomus regius,Meagre,Miscellaneous coastal fishes,Atlantic Eastern Central,0.686385792,0.973684093,1.089073975,1.186974191,1.353951367,0.166370648,1.070789106,19171.32523,2012,0.325554464,32229.35781,2307.847321,0.162777232,3414,Domestic
Argyrosomus_regius-Atlantic_Eastern Central,Argyrosomus regius,Meagre,Miscellaneous coastal fishes,Atlantic Eastern Central,0.569835356,0.840148425,0.953981681,1.055216004,1.205804238,0.16167692,0.937896934,19171.32523,2013,0.325554464,32229.35781,2307.847321,0.162777232,4192,Domestic
Argyrosomus_regius-Atlantic_Eastern Central,Argyrosomus regius,Meagre,Miscellaneous coastal fishes,Atlantic Eastern Central,0.348103262,0.543221592,0.684154834,0.808864725,0.94086583,0.164435933,0.673109593,19171.32523,2014,0.325554464,32229.35781,2307.847321,0.162777232,6159,Domestic
Argyrosomus_regius-Atlantic_Eastern Central,Argyrosomus regius,Meagre,Miscellaneous coastal fishes,Atlantic Eastern Central,0.175899584,0.346816975,0.526167931,0.683997779,0.81612181,0.194182714,0.512940018,19171.32523,2015,0.325554464,32229.35781,2307.847321,0.162777232,4389,Domestic
Argyrosomus_regius-Atlantic_Eastern Central,Argyrosomus regius,Meagre,Miscellaneous coastal fishes,Atlantic Eastern Central,0.039677297,0.246685188,0.471883566,0.662366777,0.787467092,0.233776728,0.450066844,19171.32523,2016,0.325554464,32229.35781,2307.847321,0.162777232,2610,Domestic
Argyrosomus_regius-Atlantic_Northeast,Argyrosomus regius,Meagre,Miscellaneous coastal fishes,Atlantic Northeast,0.885836659,1.095004005,1.191961208,1.282514423,1.470905948,0.146870866,1.189303841,24026.2316,1950,0.121968536,41807.42119,1263.295436,0.060984268,1300,Domestic
Argyrosomus_regius-Atlantic_Northeast,Argyrosomus regius,Meagre,Miscellaneous coastal fishes,Atlantic Northeast,0.886014736,1.080979015,1.17260738,1.264130606,1.465582564,0.146402425,1.174849968,24026.2316,1951,0.121968536,41807.42119,1263.295436,0.060984268,1900,Domestic
Argyrosomus_regius-Atlantic_Northeast,Argyrosomus regius,Meagre,Miscellaneous coastal fishes,Atlantic Northeast,0.830653984,1.003177964,1.093597784,1.185732795,1.373142209,0.139229163,1.09610966,24026.2316,1952,0.121968536,41807.42119,1263.295436,0.060984268,3200,Domestic
Argyrosomus_regius-Atlantic_Northeast,Argyrosomus regius,Meagre,Miscellaneous coastal fishes,Atlantic Northeast,0.766976926,0.924149635,1.010264485,1.102418068,1.293083829,0.134288157,1.016484486,24026.2316,1953,0.121968536,41807.42119,1263.295436,0.060984268,3200,Domestic
Argyrosomus_regius-Atlantic_Northeast,Argyrosomus regius,Meagre,Miscellaneous coastal fishes,Atlantic Northeast,0.747179581,0.890742108,0.973589311,1.056260446,1.247336595,0.127058107,0.976171348,24026.2316,1954,0.121968536,41807.42119,1263.295436,0.060984268,2300,Domestic
Argyrosomus_regius-Atlantic_Northeast,Argyrosomus regius,Meagre,Miscellaneous coastal fishes,Atlantic Northeast,0.702001013,0.831531708,0.912441188,0.989891059,1.181212377,0.123858174,0.918094965,24026.2316,1955,0.121968536,41807.42119,1263.295436,0.060984268,2700,Domestic
Argyrosomus_regius-Atlantic_Northeast,Argyrosomus regius,Meagre,Miscellaneous coastal fishes,Atlantic Northeast,0.614559825,0.737630917,0.810187935,0.881078424,1.062371255,0.112432996,0.816737903,24026.2316,1956,0.121968536,41807.42119,1263.295436,0.060984268,3500,Domestic
Argyrosomus_regius-Atlantic_Northeast,Argyrosomus regius,Meagre,Miscellaneous coastal fishes,Atlantic Northeast,0.598770285,0.706108757,0.775147579,0.84044217,1.000393981,0.106337273,0.779472315,24026.2316,1957,0.121968536,41807.42119,1263.295436,0.060984268,2100,Domestic
Argyrosomus_regius-Atlantic_Northeast,Argyrosomus regius,Meagre,Miscellaneous coastal fishes,Atlantic Northeast,0.543889672,0.636732568,0.698295572,0.761279762,0.934471829,0.098708942,0.704974009,24026.2316,1958,0.121968536,41807.42119,1263.295436,0.060984268,2800,Domestic
Argyrosomus_regius-Atlantic_Northeast,Argyrosomus regius,Meagre,Miscellaneous coastal fishes,Atlantic Northeast,0.413353187,0.496065713,0.548262849,0.610518424,0.773610022,0.090871891,0.55902462,24026.2316,1959,0.121968536,41807.42119,1263.295436,0.060984268,4200,Domestic
Argyrosomus_regius-Atlantic_Northeast,Argyrosomus regius,Meagre,Miscellaneous coastal fishes,Atlantic Northeast,0.308500528,0.378981583,0.428419171,0.485060308,0.634394785,0.086275134,0.440132101,24026.2316,1960,0.121968536,41807.42119,1263.295436,0.060984268,3500,Domestic
Argyrosomus_regius-Atlantic_Northeast,Argyrosomus regius,Meagre,Miscellaneous coastal fishes,Atlantic Northeast,0.157527908,0.217488489,0.265689407,0.321664094,0.473474209,0.084599075,0.278268541,24026.2316,1961,0.121968536,41807.42119,1263.295436,0.060984268,4200,Domestic
Argyrosomus_regius-Atlantic_Northeast,Argyrosomus regius,Meagre,Miscellaneous coastal fishes,Atlantic Northeast,0.159385872,0.219637112,0.269471325,0.325640792,0.492576648,0.087426428,0.282275625,24026.2316,1962,0.121968536,41807.42119,1263.295436,0.060984268,500,Domestic
Argyrosomus_regius-Atlantic_Northeast,Argyrosomus regius,Meagre,Miscellaneous coastal fishes,Atlantic Northeast,0.161973947,0.223472356,0.272145413,0.328517975,0.496066785,0.088563401,0.285358605,24026.2316,1963,0.121968536,41807.42119,1263.295436,0.060984268,500,Domestic
Argyrosomus_regius-Atlantic_Northeast,Argyrosomus regius,Meagre,Miscellaneous coastal fishes,Atlantic Northeast,0.169475615,0.22958143,0.278565342,0.336094458,0.502834934,0.089089521,0.293758771,24026.2316,1964,0.121968536,41807.42119,1263.295436,0.060984268,400,Domestic
Argyrosomus_regius-Atlantic_Northeast,Argyrosomus regius,Meagre,Miscellaneous coastal fishes,Atlantic Northeast,0.144197434,0.207517841,0.253723395,0.313280176,0.498282044,0.090672579,0.269664945,24026.2316,1965,0.121968536,41807.42119,1263.295436,0.060984268,1100,Domestic
Argyrosomus_regius-Atlantic_Northeast,Argyrosomus regius,Meagre,Miscellaneous coastal fishes,Atlantic Northeast,0.151964761,0.2169114,0.264560078,0.324112958,0.513226902,0.092270728,0.281113679,24026.2316,1966,0.121968536,41807.42119,1263.295436,0.060984268,300,Domestic
Argyrosomus_regius-Atlantic_Northeast,Argyrosomus regius,Meagre,Miscellaneous coastal fishes,Atlantic Northeast,0.163723091,0.229540693,0.277100994,0.337441502,0.521412362,0.093422569,0.294068444,24026.2316,1967,0.121968536,41807.42119,1263.295436,0.060984268,300,Domestic
Argyrosomus_regius-Atlantic_Northeast,Argyrosomus regius,Meagre,Miscellaneous coastal fishes,Atlantic Northeast,0.171963976,0.236543072,0.285731331,0.34888617,0.536259649,0.094629948,0.303216008,24026.2316,1968,0.121968536,41807.42119,1263.295436,0.060984268,400,Domestic
Argyrosomus_regius-Atlantic_Northeast,Argyrosomus regius,Meagre,Miscellaneous coastal fishes,Atlantic Northeast,0.184302489,0.246002536,0.295604625,0.355744748,0.554138509,0.095743849,0.312895572,24026.2316,1969,0.121968536,41807.42119,1263.295436,0.060984268,400,Domestic
Argyrosomus_regius-Atlantic_Northeast,Argyrosomus regius,Meagre,Miscellaneous coastal fishes,Atlantic Northeast,0.194777303,0.256293805,0.305179561,0.36974345,0.564410433,0.097168995,0.323552046,24026.2316,1970,0.121968536,41807.42119,1263.295436,0.060984268,400,Domestic
Argyrosomus_regius-Atlantic_Northeast,Argyrosomus regius,Meagre,Miscellaneous coastal fishes,Atlantic Northeast,0.163195906,0.223853206,0.270823666,0.335899576,0.543257038,0.0979407,0.291286172,24026.2316,1971,0.121968536,41807.42119,1263.295436,0.060984268,1300,Domestic
Argyrosomus_regius-Atlantic_Northeast,Argyrosomus regius,Meagre,Miscellaneous coastal fishes,Atlantic Northeast,0.138592402,0.196872217,0.245035371,0.310220636,0.521836811,0.100390201,0.266686791,24026.2316,1972,0.121968536,41807.42119,1263.295436,0.060984268,1100,Domestic
Argyrosomus_regius-Atlantic_Northeast,Argyrosomus regius,Meagre,Miscellaneous coastal fishes,Atlantic Northeast,0.152532206,0.211859097,0.259327686,0.327968769,0.546284153,0.104264258,0.282724397,24026.2316,1975,0.121968536,41807.42119,1263.295436,0.060984268,201,Domestic
Argyrosomus_regius-Atlantic_Northeast,Argyrosomus regius,Meagre,Miscellaneous coastal fishes,Atlantic Northeast,0.162618729,0.218874804,0.267905032,0.337385374,0.567891485,0.106828449,0.292952425,24026.2316,1976,0.121968536,41807.42119,1263.295436,0.060984268,346,Domestic
Argyrosomus_regius-Atlantic_Northeast,Argyrosomus regius,Meagre,Miscellaneous coastal fishes,Atlantic Northeast,0.159620823,0.211888143,0.260826787,0.332936729,0.559333679,0.10853997,0.288254756,24026.2316,1977,0.121968536,41807.42119,1263.295436,0.060984268,678,Domestic
Argyrosomus_regius-Atlantic_Northeast,Argyrosomus regius,Meagre,Miscellaneous coastal fishes,Atlantic Northeast,0.101183436,0.152578352,0.205984482,0.278952167,0.509137502,0.11169849,0.232774572,24026.2316,1978,0.121968536,41807.42119,1263.295436,0.060984268,1717,Domestic
Argyrosomus_regius-Atlantic_Northeast,Argyrosomus regius,Meagre,Miscellaneous coastal fishes,Atlantic Northeast,0.117252134,0.171164839,0.226231435,0.300518354,0.536576936,0.115398394,0.253127424,24026.2316,1979,0.121968536,41807.42119,1263.295436,0.060984268,38,Domestic
Argyrosomus_regius-Atlantic_Northeast,Argyrosomus regius,Meagre,Miscellaneous coastal fishes,Atlantic Northeast,0.114434216,0.166512593,0.226055117,0.303996733,0.551412384,0.118960429,0.253578389,24026.2316,1980,0.121968536,41807.42119,1263.295436,0.060984268,484,Domestic
Argyrosomus_regius-Atlantic_Northeast,Argyrosomus regius,Meagre,Miscellaneous coastal fishes,Atlantic Northeast,0.087364108,0.142518493,0.205761157,0.284129946,0.538730183,0.122769096,0.232518337,24026.2316,1981,0.121968536,41807.42119,1263.295436,0.060984268,943,Domestic
Argyrosomus_regius-Atlantic_Northeast,Argyrosomus regius,Meagre,Miscellaneous coastal fishes,Atlantic Northeast,0.069731,0.127112946,0.192372256,0.27697414,0.535574495,0.128334976,0.221433708,24026.2316,1982,0.121968536,41807.42119,1263.295436,0.060984268,681,Domestic
Argyrosomus_regius-Atlantic_Northeast,Argyrosomus regius,Meagre,Miscellaneous coastal fishes,Atlantic Northeast,0.067399763,0.12821914,0.200309534,0.286946482,0.57621529,0.133945417,0.228093564,24026.2316,1983,0.121968536,41807.42119,1263.295436,0.060984268,288,Domestic
Argyrosomus_regius-Atlantic_Northeast,Argyrosomus regius,Meagre,Miscellaneous coastal fishes,Atlantic Northeast,0.06514743,0.132290349,0.208602385,0.302412959,0.600095141,0.141924803,0.236893996,24026.2316,1984,0.121968536,41807.42119,1263.295436,0.060984268,265,Domestic
Argyrosomus_regius-Atlantic_Northeast,Argyrosomus regius,Meagre,Miscellaneous coastal fishes,Atlantic Northeast,0.070516953,0.145124576,0.223763006,0.322298707,0.621307095,0.149484599,0.252841113,24026.2316,1985,0.121968536,41807.42119,1263.295436,0.060984268,116,Domestic
Argyrosomus_regius-Atlantic_Northeast,Argyrosomus regius,Meagre,Miscellaneous coastal fishes,Atlantic Northeast,0.078910915,0.155438529,0.235774723,0.337822356,0.649982263,0.155894763,0.270027865,24026.2316,1986,0.121968536,41807.42119,1263.295436,0.060984268,129,Domestic
Argyrosomus_regius-Atlantic_Northeast,Argyrosomus regius,Meagre,Miscellaneous coastal fishes,Atlantic Northeast,0.090884129,0.170942165,0.257229275,0.365266341,0.686934146,0.161295814,0.291178143,24026.2316,1987,0.121968536,41807.42119,1263.295436,0.060984268,58,Domestic
Argyrosomus_regius-Atlantic_Northeast,Argyrosomus regius,Meagre,Miscellaneous coastal fishes,Atlantic Northeast,0.091939693,0.184554597,0.274458164,0.383529165,0.722178202,0.167036547,0.306339979,24026.2316,1988,0.121968536,41807.42119,1263.295436,0.060984268,214,Domestic
Argyrosomus_regius-Atlantic_Northeast,Argyrosomus regius,Meagre,Miscellaneous coastal fishes,Atlantic Northeast,0.099835113,0.197976526,0.293279117,0.406905964,0.746705232,0.172470261,0.324502588,24026.2316,1989,0.121968536,41807.42119,1263.295436,0.060984268,170,Domestic
Argyrosomus_regius-Atlantic_Northeast,Argyrosomus regius,Meagre,Miscellaneous coastal fishes,Atlantic Northeast,0.108581727,0.213446688,0.313765471,0.431774492,0.800719332,0.17900816,0.344640073,24026.2316,1990,0.121968536,41807.42119,1263.295436,0.060984268,179,Domestic
Argyrosomus_regius-Atlantic_Northeast,Argyrosomus regius,Meagre,Miscellaneous coastal fishes,Atlantic Northeast,0.115695545,0.229702389,0.329616017,0.450490051,0.843499489,0.18274229,0.362332113,24026.2316,1991,0.121968536,41807.42119,1263.295436,0.060984268,248,Domestic
Argyrosomus_regius-Atlantic_Northeast,Argyrosomus regius,Meagre,Miscellaneous coastal fishes,Atlantic Northeast,0.127364026,0.247007538,0.351943486,0.48267756,0.866319407,0.189444141,0.387349457,24026.2316,1992,0.121968536,41807.42119,1263.295436,0.060984268,154,Domestic
Argyrosomus_regius-Atlantic_Northeast,Argyrosomus regius,Meagre,Miscellaneous coastal fishes,Atlantic Northeast,0.141043223,0.266550495,0.37971208,0.509254998,0.88639629,0.193229894,0.41254515,24026.2316,1993,0.121968536,41807.42119,1263.295436,0.060984268,134,Domestic
Argyrosomus_regius-Atlantic_Northeast,Argyrosomus regius,Meagre,Miscellaneous coastal fishes,Atlantic Northeast,0.158648265,0.295817131,0.409023976,0.543628625,0.917202593,0.198048046,0.441885673,24026.2316,1994,0.121968536,41807.42119,1263.295436,0.060984268,100,Domestic
Argyrosomus_regius-Atlantic_Northeast,Argyrosomus regius,Meagre,Miscellaneous coastal fishes,Atlantic Northeast,0.179919479,0.325447755,0.447389455,0.580915268,0.95038772,0.202190236,0.475019492,24026.2316,1995,0.121968536,41807.42119,1263.295436,0.060984268,40,Domestic
Argyrosomus_regius-Atlantic_Northeast,Argyrosomus regius,Meagre,Miscellaneous coastal fishes,Atlantic Northeast,0.198638888,0.350573154,0.474213411,0.609724437,0.985055284,0.205417535,0.500934769,24026.2316,1996,0.121968536,41807.42119,1263.295436,0.060984268,250,Domestic
Argyrosomus_regius-Atlantic_Northeast,Argyrosomus regius,Meagre,Miscellaneous coastal fishes,Atlantic Northeast,0.213456027,0.369568109,0.49016686,0.639039148,1.002743521,0.208175668,0.520270176,24026.2316,1997,0.121968536,41807.42119,1263.295436,0.060984268,409,Domestic
Argyrosomus_regius-Atlantic_Northeast,Argyrosomus regius,Meagre,Miscellaneous coastal fishes,Atlantic Northeast,0.219087253,0.384736429,0.508544686,0.66083139,1.025260579,0.210057398,0.537790888,24026.2316,1998,0.121968536,41807.42119,1263.295436,0.060984268,460,Domestic
Argyrosomus_regius-Atlantic_Northeast,Argyrosomus regius,Meagre,Miscellaneous coastal fishes,Atlantic Northeast,0.245170723,0.404601234,0.536918422,0.684853797,1.054360416,0.212019861,0.562347601,24026.2316,1999,0.121968536,41807.42119,1263.295436,0.060984268,352,Domestic
Argyrosomus_regius-Atlantic_Northeast,Argyrosomus regius,Meagre,Miscellaneous coastal fishes,Atlantic Northeast,0.267966615,0.434746765,0.566290742,0.728553169,1.097916017,0.214025483,0.594514461,24026.2316,2000,0.121968536,41807.42119,1263.295436,0.060984268,198,Domestic
Argyrosomus_regius-Atlantic_Northeast,Argyrosomus regius,Meagre,Miscellaneous coastal fishes,Atlantic Northeast,0.302435424,0.469647822,0.600585527,0.771853728,1.103944579,0.215435705,0.630902994,24026.2316,2001,0.121968536,41807.42119,1263.295436,0.060984268,168,Domestic
Argyrosomus_regius-Atlantic_Northeast,Argyrosomus regius,Meagre,Miscellaneous coastal fishes,Atlantic Northeast,0.339996291,0.504331981,0.639308894,0.802956688,1.131779328,0.213610962,0.666467871,24026.2316,2002,0.121968536,41807.42119,1263.295436,0.060984268,192,Domestic
Argyrosomus_regius-Atlantic_Northeast,Argyrosomus regius,Meagre,Miscellaneous coastal fishes,Atlantic Northeast,0.38497781,0.545841196,0.678294482,0.842809148,1.174525587,0.209451356,0.70319795,24026.2316,2003,0.121968536,41807.42119,1263.295436,0.060984268,141,Domestic
Argyrosomus_regius-Atlantic_Northeast,Argyrosomus regius,Meagre,Miscellaneous coastal fishes,Atlantic Northeast,0.399972923,0.566500066,0.701866051,0.865801128,1.170593257,0.205463911,0.723240273,24026.2316,2004,0.121968536,41807.42119,1263.295436,0.060984268,571,Domestic
Argyrosomus_regius-Atlantic_Northeast,Argyrosomus regius,Meagre,Miscellaneous coastal fishes,Atlantic Northeast,0.385694633,0.544664308,0.686363795,0.840071067,1.12931607,0.202497786,0.704697094,24026.2316,2005,0.121968536,41807.42119,1263.295436,0.060984268,1435,Domestic
Argyrosomus_regius-Atlantic_Northeast,Argyrosomus regius,Meagre,Miscellaneous coastal fishes,Atlantic Northeast,0.35909989,0.525791409,0.664761269,0.818571833,1.096071897,0.198735394,0.67956751,24026.2316,2006,0.121968536,41807.42119,1263.295436,0.060984268,1510,Domestic
Argyrosomus_regius-Atlantic_Northeast,Argyrosomus regius,Meagre,Miscellaneous coastal fishes,Atlantic Northeast,0.334570466,0.508899741,0.650068525,0.798069716,1.068654832,0.196749189,0.661173212,24026.2316,2007,0.121968536,41807.42119,1263.295436,0.060984268,1347,Domestic
Argyrosomus_regius-Atlantic_Northeast,Argyrosomus regius,Meagre,Miscellaneous coastal fishes,Atlantic Northeast,0.333144805,0.499613453,0.659259268,0.799264827,1.05897899,0.194811825,0.660926883,24026.2316,2008,0.121968536,41807.42119,1263.295436,0.060984268,1014,Domestic
Argyrosomus_regius-Atlantic_Northeast,Argyrosomus regius,Meagre,Miscellaneous coastal fishes,Atlantic Northeast,0.311656318,0.488310499,0.651907458,0.789895435,1.008664731,0.194530342,0.647993196,24026.2316,2009,0.121968536,41807.42119,1263.295436,0.060984268,1230,Domestic
Argyrosomus_regius-Atlantic_Northeast,Argyrosomus regius,Meagre,Miscellaneous coastal fishes,Atlantic Northeast,0.302100235,0.489825014,0.656008537,0.796492992,1.004644562,0.195230242,0.647355346,24026.2316,2010,0.121968536,41807.42119,1263.295436,0.060984268,954,Domestic
Argyrosomus_regius-Atlantic_Northeast,Argyrosomus regius,Meagre,Miscellaneous coastal fishes,Atlantic Northeast,0.293827725,0.493179479,0.664219336,0.795697554,0.993546768,0.196460081,0.647501972,24026.2316,2011,0.121968536,41807.42119,1263.295436,0.060984268,979,Domestic
Argyrosomus_regius-Atlantic_Northeast,Argyrosomus regius,Meagre,Miscellaneous coastal fishes,Atlantic Northeast,0.27539044,0.482318503,0.662393359,0.797665894,0.97824649,0.199627984,0.639220613,24026.2316,2012,0.121968536,41807.42119,1263.295436,0.060984268,1113,Domestic
Argyrosomus_regius-Atlantic_Northeast,Argyrosomus regius,Meagre,Miscellaneous coastal fishes,Atlantic Northeast,0.235650247,0.453772459,0.644178512,0.775158365,0.934064966,0.202367775,0.611139692,24026.2316,2013,0.121968536,41807.42119,1263.295436,0.060984268,1504,Domestic
Argyrosomus_regius-Atlantic_Northeast,Argyrosomus regius,Meagre,Miscellaneous coastal fishes,Atlantic Northeast,0.175105087,0.41007173,0.598218167,0.742094471,0.874440795,0.206629611,0.568553188,24026.2316,2014,0.121968536,41807.42119,1263.295436,0.060984268,1798,Domestic
Argyrosomus_regius-Atlantic_Northeast,Argyrosomus regius,Meagre,Miscellaneous coastal fishes,Atlantic Northeast,0.118719242,0.370359647,0.571504865,0.714234383,0.843727152,0.214543347,0.533750802,24026.2316,2015,0.121968536,41807.42119,1263.295436,0.060984268,1610,Domestic
Argyrosomus_regius-Atlantic_Northeast,Argyrosomus regius,Meagre,Miscellaneous coastal fishes,Atlantic Northeast,0.05753406,0.328909631,0.545054744,0.695995888,0.792337496,0.222841533,0.499700143,24026.2316,2016,0.121968536,41807.42119,1263.295436,0.060984268,1561,Domestic
Atherina_boyeri-Mediterranean and Black Sea,Atherina boyeri,Big-scale sand smelt,Miscellaneous pelagic fishes,Mediterranean and Black Sea,1.273999671,1.576350293,1.710853281,1.821746434,1.971080072,0.188942998,1.687974561,29155.25803,1978,0.286683267,36846.09033,2627.550796,0.143341634,264,CBA
Atherina_boyeri-Mediterranean and Black Sea,Atherina boyeri,Big-scale sand smelt,Miscellaneous pelagic fishes,Mediterranean and Black Sea,1.361244203,1.60245437,1.706087767,1.815678779,1.958417454,0.158222888,1.69726551,29155.25803,1979,0.286683267,36846.09033,2627.550796,0.143341634,1698,CBA
Atherina_boyeri-Mediterranean and Black Sea,Atherina boyeri,Big-scale sand smelt,Miscellaneous pelagic fishes,Mediterranean and Black Sea,1.2460668,1.441308345,1.529875839,1.619343155,1.789213261,0.129582268,1.526992614,29155.25803,1980,0.286683267,36846.09033,2627.550796,0.143341634,4981,CBA
Atherina_boyeri-Mediterranean and Black Sea,Atherina boyeri,Big-scale sand smelt,Miscellaneous pelagic fishes,Mediterranean and Black Sea,1.346114552,1.518547018,1.593475704,1.67767339,1.819435973,0.120144521,1.59534537,29155.25803,1981,0.286683267,36846.09033,2627.550796,0.143341634,1247,CBA
Atherina_boyeri-Mediterranean and Black Sea,Atherina boyeri,Big-scale sand smelt,Miscellaneous pelagic fishes,Mediterranean and Black Sea,0.916277417,1.027856329,1.084033362,1.14496549,1.285732924,0.090145988,1.086034811,29155.25803,1982,0.286683267,36846.09033,2627.550796,0.143341634,11401,CBA
Atherina_boyeri-Mediterranean and Black Sea,Atherina boyeri,Big-scale sand smelt,Miscellaneous pelagic fishes,Mediterranean and Black Sea,0.76356734,0.853665879,0.89842852,0.946701312,1.062664735,0.074904479,0.902423106,29155.25803,1983,0.286683267,36846.09033,2627.550796,0.143341634,6180,CBA
Atherina_boyeri-Mediterranean and Black Sea,Atherina boyeri,Big-scale sand smelt,Miscellaneous pelagic fishes,Mediterranean and Black Sea,0.598394291,0.657962553,0.696548682,0.734224682,0.813083639,0.056476781,0.697224807,29155.25803,1984,0.286683267,36846.09033,2627.550796,0.143341634,6463,CBA
Atherina_boyeri-Mediterranean and Black Sea,Atherina boyeri,Big-scale sand smelt,Miscellaneous pelagic fishes,Mediterranean and Black Sea,0.42048714,0.462380731,0.488791182,0.520318389,0.574132972,0.04185903,0.493672356,29155.25803,1985,0.286683267,36846.09033,2627.550796,0.143341634,6184,CBA
Atherina_boyeri-Mediterranean and Black Sea,Atherina boyeri,Big-scale sand smelt,Miscellaneous pelagic fishes,Mediterranean and Black Sea,0.282071942,0.309965318,0.332979563,0.354997407,0.396399015,0.031584708,0.334933198,29155.25803,1986,0.286683267,36846.09033,2627.550796,0.143341634,4871,CBA
Atherina_boyeri-Mediterranean and Black Sea,Atherina boyeri,Big-scale sand smelt,Miscellaneous pelagic fishes,Mediterranean and Black Sea,0.128679032,0.147576831,0.164021808,0.184512543,0.224311734,0.02632907,0.168329189,29155.25803,1987,0.286683267,36846.09033,2627.550796,0.143341634,4522,CBA
Atherina_boyeri-Mediterranean and Black Sea,Atherina boyeri,Big-scale sand smelt,Miscellaneous pelagic fishes,Mediterranean and Black Sea,0.079147105,0.098185784,0.114069401,0.135165939,0.171570385,0.025761112,0.118097292,29155.25803,1988,0.286683267,36846.09033,2627.550796,0.143341634,1709,CBA
Atherina_boyeri-Mediterranean and Black Sea,Atherina boyeri,Big-scale sand smelt,Miscellaneous pelagic fishes,Mediterranean and Black Sea,0.078249731,0.097375854,0.114568629,0.134432388,0.177731907,0.026839893,0.118563995,29155.25803,1989,0.286683267,36846.09033,2627.550796,0.143341634,550,CBA
Atherina_boyeri-Mediterranean and Black Sea,Atherina boyeri,Big-scale sand smelt,Miscellaneous pelagic fishes,Mediterranean and Black Sea,0.095765505,0.113940022,0.13147226,0.154145662,0.197852826,0.027605846,0.136083293,29155.25803,1990,0.286683267,36846.09033,2627.550796,0.143341634,249,CBA
Atherina_boyeri-Mediterranean and Black Sea,Atherina boyeri,Big-scale sand smelt,Miscellaneous pelagic fishes,Mediterranean and Black Sea,0.104593405,0.123313626,0.142462738,0.163154876,0.207630733,0.028289372,0.146216728,29155.25803,1991,0.286683267,36846.09033,2627.550796,0.143341634,467,CBA
Atherina_boyeri-Mediterranean and Black Sea,Atherina boyeri,Big-scale sand smelt,Miscellaneous pelagic fishes,Mediterranean and Black Sea,0.082821173,0.104370857,0.122771698,0.143132131,0.194378016,0.029093961,0.126649383,29155.25803,1992,0.286683267,36846.09033,2627.550796,0.143341634,1047,CBA
Atherina_boyeri-Mediterranean and Black Sea,Atherina boyeri,Big-scale sand smelt,Miscellaneous pelagic fishes,Mediterranean and Black Sea,0.062018986,0.084267352,0.104969804,0.128053818,0.180403801,0.031632897,0.108221446,29155.25803,1993,0.286683267,36846.09033,2627.550796,0.143341634,946,CBA
Atherina_boyeri-Mediterranean and Black Sea,Atherina boyeri,Big-scale sand smelt,Miscellaneous pelagic fishes,Mediterranean and Black Sea,0.060680095,0.086861297,0.105499486,0.13255545,0.191706178,0.034783819,0.112296188,29155.25803,1994,0.286683267,36846.09033,2627.550796,0.143341634,444,CBA
Atherina_boyeri-Mediterranean and Black Sea,Atherina boyeri,Big-scale sand smelt,Miscellaneous pelagic fishes,Mediterranean and Black Sea,0.072982523,0.101226379,0.123048508,0.152847774,0.216643817,0.038784797,0.130033326,29155.25803,1995,0.286683267,36846.09033,2627.550796,0.143341634,210,CBA
Atherina_boyeri-Mediterranean and Black Sea,Atherina boyeri,Big-scale sand smelt,Miscellaneous pelagic fishes,Mediterranean and Black Sea,0.083216374,0.111532709,0.134659559,0.164460223,0.239413248,0.041746843,0.142432347,29155.25803,1996,0.286683267,36846.09033,2627.550796,0.143341634,357,CBA
Atherina_boyeri-Mediterranean and Black Sea,Atherina boyeri,Big-scale sand smelt,Miscellaneous pelagic fishes,Mediterranean and Black Sea,0.094101351,0.122239843,0.147002465,0.178810186,0.258303396,0.045585157,0.155654438,29155.25803,1997,0.286683267,36846.09033,2627.550796,0.143341634,409,CBA
Atherina_boyeri-Mediterranean and Black Sea,Atherina boyeri,Big-scale sand smelt,Miscellaneous pelagic fishes,Mediterranean and Black Sea,0.091255618,0.121043557,0.148527152,0.184265777,0.277969095,0.049507845,0.15794942,29155.25803,1998,0.286683267,36846.09033,2627.550796,0.143341634,657,CBA
Atherina_boyeri-Mediterranean and Black Sea,Atherina boyeri,Big-scale sand smelt,Miscellaneous pelagic fishes,Mediterranean and Black Sea,0.103553303,0.133357639,0.162799186,0.205181575,0.295479012,0.053102045,0.174475773,29155.25803,1999,0.286683267,36846.09033,2627.550796,0.143341634,408,CBA
Atherina_boyeri-Mediterranean and Black Sea,Atherina boyeri,Big-scale sand smelt,Miscellaneous pelagic fishes,Mediterranean and Black Sea,0.100070546,0.13498896,0.166395527,0.207976212,0.315249812,0.058486405,0.177911759,29155.25803,2000,0.286683267,36846.09033,2627.550796,0.143341634,737,CBA
Atherina_boyeri-Mediterranean and Black Sea,Atherina boyeri,Big-scale sand smelt,Miscellaneous pelagic fishes,Mediterranean and Black Sea,0.113485436,0.149802726,0.185818546,0.232876463,0.336540706,0.063552334,0.197954365,29155.25803,2001,0.286683267,36846.09033,2627.550796,0.143341634,429,CBA
Atherina_boyeri-Mediterranean and Black Sea,Atherina boyeri,Big-scale sand smelt,Miscellaneous pelagic fishes,Mediterranean and Black Sea,0.116589398,0.158717083,0.198142158,0.248621667,0.352341422,0.068127339,0.210332355,29155.25803,2002,0.286683267,36846.09033,2627.550796,0.143341634,639,CBA
Atherina_boyeri-Mediterranean and Black Sea,Atherina boyeri,Big-scale sand smelt,Miscellaneous pelagic fishes,Mediterranean and Black Sea,0.124620467,0.17166128,0.214915952,0.268641291,0.391621103,0.074061806,0.226777757,29155.25803,2003,0.286683267,36846.09033,2627.550796,0.143341634,613,CBA
Atherina_boyeri-Mediterranean and Black Sea,Atherina boyeri,Big-scale sand smelt,Miscellaneous pelagic fishes,Mediterranean and Black Sea,0.152269241,0.20326793,0.251821446,0.30714658,0.441079396,0.081715915,0.265028148,29155.25803,2004,0.286683267,36846.09033,2627.550796,0.143341634,293,CBA
Atherina_boyeri-Mediterranean and Black Sea,Atherina boyeri,Big-scale sand smelt,Miscellaneous pelagic fishes,Mediterranean and Black Sea,0.16876707,0.22420369,0.272584087,0.333797803,0.479886986,0.086924501,0.288373452,29155.25803,2005,0.286683267,36846.09033,2627.550796,0.143341634,677,CBA
Atherina_boyeri-Mediterranean and Black Sea,Atherina boyeri,Big-scale sand smelt,Miscellaneous pelagic fishes,Mediterranean and Black Sea,0.195502733,0.259814175,0.313527746,0.376773298,0.531640687,0.091380024,0.326182568,29155.25803,2006,0.286683267,36846.09033,2627.550796,0.143341634,512,CBA
Atherina_boyeri-Mediterranean and Black Sea,Atherina boyeri,Big-scale sand smelt,Miscellaneous pelagic fishes,Mediterranean and Black Sea,0.196236185,0.261315736,0.322033527,0.387835697,0.558728718,0.097834773,0.335766333,29155.25803,2007,0.286683267,36846.09033,2627.550796,0.143341634,1186,CBA
Atherina_boyeri-Mediterranean and Black Sea,Atherina boyeri,Big-scale sand smelt,Miscellaneous pelagic fishes,Mediterranean and Black Sea,0.221972799,0.289049887,0.355726765,0.429908478,0.605284491,0.103350843,0.370713842,29155.25803,2008,0.286683267,36846.09033,2627.550796,0.143341634,699,CBA
Atherina_boyeri-Mediterranean and Black Sea,Atherina boyeri,Big-scale sand smelt,Miscellaneous pelagic fishes,Mediterranean and Black Sea,0.215258648,0.290211191,0.358779336,0.433934158,0.620866091,0.109139606,0.375505887,29155.25803,2009,0.286683267,36846.09033,2627.550796,0.143341634,1376,CBA
Atherina_boyeri-Mediterranean and Black Sea,Atherina boyeri,Big-scale sand smelt,Miscellaneous pelagic fishes,Mediterranean and Black Sea,0.220661228,0.308211235,0.388063644,0.47140626,0.65167777,0.117561519,0.399863372,29155.25803,2010,0.286683267,36846.09033,2627.550796,0.143341634,1096,CBA
Atherina_boyeri-Mediterranean and Black Sea,Atherina boyeri,Big-scale sand smelt,Miscellaneous pelagic fishes,Mediterranean and Black Sea,0.244042556,0.331657001,0.427394254,0.519971122,0.711507115,0.126128206,0.43664572,29155.25803,2011,0.286683267,36846.09033,2627.550796,0.143341634,907,CBA
Atherina_boyeri-Mediterranean and Black Sea,Atherina boyeri,Big-scale sand smelt,Miscellaneous pelagic fishes,Mediterranean and Black Sea,0.279872609,0.39301344,0.498219738,0.595205861,0.761175929,0.133110707,0.498737115,29155.25803,2012,0.286683267,36846.09033,2627.550796,0.143341634,514,CBA
Atherina_boyeri-Mediterranean and Black Sea,Atherina boyeri,Big-scale sand smelt,Miscellaneous pelagic fishes,Mediterranean and Black Sea,0.132047636,0.253443746,0.386358599,0.497191308,0.645306726,0.147924108,0.381751397,29155.25803,2013,0.286683267,36846.09033,2627.550796,0.143341634,4060,CBA
Atherina_boyeri-Mediterranean and Black Sea,Atherina boyeri,Big-scale sand smelt,Miscellaneous pelagic fishes,Mediterranean and Black Sea,0.075194627,0.218857483,0.374176171,0.508019465,0.651445961,0.169562208,0.366785212,29155.25803,2014,0.286683267,36846.09033,2627.550796,0.143341634,1783,CBA
Atherina_boyeri-Mediterranean and Black Sea,Atherina boyeri,Big-scale sand smelt,Miscellaneous pelagic fishes,Mediterranean and Black Sea,0.06802241,0.244211622,0.433963028,0.57751467,0.71530142,0.195375109,0.414226527,29155.25803,2015,0.286683267,36846.09033,2627.550796,0.143341634,569,CBA
Atherina_boyeri-Mediterranean and Black Sea,Atherina boyeri,Big-scale sand smelt,Miscellaneous pelagic fishes,Mediterranean and Black Sea,0.062342532,0.280332897,0.510545456,0.663381561,0.789330894,0.224365409,0.477660418,29155.25803,2016,0.286683267,36846.09033,2627.550796,0.143341634,403,CBA
Aulacomya_ater-Pacific_Southeast,Aulacomya ater,Cholga mussel,Mussels,Pacific Southeast,0.493743032,0.854464814,1.03459085,1.176929623,1.42343758,0.24826253,1.006885621,114428.4678,1950,0.306500477,249204.308,18722.48307,0.153250238,7400,CBA
Aulacomya_ater-Pacific_Southeast,Aulacomya ater,Cholga mussel,Mussels,Pacific Southeast,0.576385744,0.913198205,1.123458572,1.276448851,1.53115552,0.257924189,1.084486441,114428.4678,1951,0.306500477,249204.308,18722.48307,0.153250238,8400,CBA
Aulacomya_ater-Pacific_Southeast,Aulacomya ater,Cholga mussel,Mussels,Pacific Southeast,0.603496378,0.970041456,1.176865678,1.332316727,1.599484728,0.259460864,1.147509404,114428.4678,1952,0.306500477,249204.308,18722.48307,0.153250238,10100,CBA
Aulacomya_ater-Pacific_Southeast,Aulacomya ater,Cholga mussel,Mussels,Pacific Southeast,0.705217369,1.074526107,1.277333876,1.417597009,1.682195218,0.255362067,1.240950631,114428.4678,1953,0.306500477,249204.308,18722.48307,0.153250238,6400,CBA
Aulacomya_ater-Pacific_Southeast,Aulacomya ater,Cholga mussel,Mussels,Pacific Southeast,0.729152708,1.118075137,1.293063908,1.427267193,1.673581435,0.246082118,1.262929743,114428.4678,1954,0.306500477,249204.308,18722.48307,0.153250238,14100,CBA
Aulacomya_ater-Pacific_Southeast,Aulacomya ater,Cholga mussel,Mussels,Pacific Southeast,0.7529772,1.140246245,1.300971304,1.425647428,1.691342246,0.234913207,1.269682537,114428.4678,1955,0.306500477,249204.308,18722.48307,0.153250238,16100,CBA
Aulacomya_ater-Pacific_Southeast,Aulacomya ater,Cholga mussel,Mussels,Pacific Southeast,0.797113839,1.139673142,1.301693546,1.437586376,1.663632053,0.225730639,1.277448714,114428.4678,1956,0.306500477,249204.308,18722.48307,0.153250238,15500,CBA
Aulacomya_ater-Pacific_Southeast,Aulacomya ater,Cholga mussel,Mussels,Pacific Southeast,0.825150379,1.1482952,1.299857361,1.440880823,1.624649772,0.213753967,1.277578631,114428.4678,1957,0.306500477,249204.308,18722.48307,0.153250238,17700,CBA
Aulacomya_ater-Pacific_Southeast,Aulacomya ater,Cholga mussel,Mussels,Pacific Southeast,0.832146212,1.166320818,1.310804258,1.437817373,1.650025897,0.209377765,1.290851878,114428.4678,1958,0.306500477,249204.308,18722.48307,0.153250238,16200,CBA
Aulacomya_ater-Pacific_Southeast,Aulacomya ater,Cholga mussel,Mussels,Pacific Southeast,0.830680787,1.161060391,1.296965092,1.429513021,1.629581277,0.20226902,1.285250862,114428.4678,1959,0.306500477,249204.308,18722.48307,0.153250238,16800,CBA
Aulacomya_ater-Pacific_Southeast,Aulacomya ater,Cholga mussel,Mussels,Pacific Southeast,0.931780751,1.240774351,1.361860174,1.478406881,1.707962825,0.199495533,1.343903044,114428.4678,1960,0.306500477,249204.308,18722.48307,0.153250238,10600,CBA
Aulacomya_ater-Pacific_Southeast,Aulacomya ater,Cholga mussel,Mussels,Pacific Southeast,0.95579657,1.261442246,1.387638479,1.501966848,1.735887834,0.1928161,1.373327204,114428.4678,1961,0.306500477,249204.308,18722.48307,0.153250238,14000,CBA
Aulacomya_ater-Pacific_Southeast,Aulacomya ater,Cholga mussel,Mussels,Pacific Southeast,0.984162382,1.259349498,1.389499238,1.496524226,1.701661396,0.17987518,1.376501328,114428.4678,1962,0.306500477,249204.308,18722.48307,0.153250238,16800,CBA
Aulacomya_ater-Pacific_Southeast,Aulacomya ater,Cholga mussel,Mussels,Pacific Southeast,1.019115816,1.264137356,1.381789062,1.498078396,1.682553827,0.176956466,1.369862398,114428.4678,1963,0.306500477,249204.308,18722.48307,0.153250238,17600,CBA
Aulacomya_ater-Pacific_Southeast,Aulacomya ater,Cholga mussel,Mussels,Pacific Southeast,0.982746285,1.234037655,1.336759749,1.456754794,1.62374197,0.163786767,1.340741448,114428.4678,1964,0.306500477,249204.308,18722.48307,0.153250238,20200,CBA
Aulacomya_ater-Pacific_Southeast,Aulacomya ater,Cholga mussel,Mussels,Pacific Southeast,1.050770692,1.263383711,1.362400647,1.453207718,1.620559886,0.152383077,1.354634167,114428.4678,1965,0.306500477,249204.308,18722.48307,0.153250238,15100,CBA
Aulacomya_ater-Pacific_Southeast,Aulacomya ater,Cholga mussel,Mussels,Pacific Southeast,1.048095569,1.233356834,1.341979887,1.425781282,1.592259615,0.143766999,1.329509459,114428.4678,1966,0.306500477,249204.308,18722.48307,0.153250238,19700,CBA
Aulacomya_ater-Pacific_Southeast,Aulacomya ater,Cholga mussel,Mussels,Pacific Southeast,0.957610074,1.153931315,1.243685322,1.319064905,1.518559659,0.136194409,1.23964532,114428.4678,1967,0.306500477,249204.308,18722.48307,0.153250238,29000,CBA
Aulacomya_ater-Pacific_Southeast,Aulacomya ater,Cholga mussel,Mussels,Pacific Southeast,0.97865116,1.152193791,1.241375661,1.32414283,1.51513713,0.132269422,1.241053425,114428.4678,1968,0.306500477,249204.308,18722.48307,0.153250238,19100,CBA
Aulacomya_ater-Pacific_Southeast,Aulacomya ater,Cholga mussel,Mussels,Pacific Southeast,0.977660087,1.133679721,1.227260011,1.320195034,1.495726921,0.132044573,1.232396516,114428.4678,1969,0.306500477,249204.308,18722.48307,0.153250238,19900,CBA
Aulacomya_ater-Pacific_Southeast,Aulacomya ater,Cholga mussel,Mussels,Pacific Southeast,0.960034998,1.106698896,1.195850746,1.282542094,1.438292501,0.126008076,1.196111015,114428.4678,1970,0.306500477,249204.308,18722.48307,0.153250238,23500,CBA
Aulacomya_ater-Pacific_Southeast,Aulacomya ater,Cholga mussel,Mussels,Pacific Southeast,0.902320486,1.052269878,1.124925624,1.20868152,1.380242595,0.119651974,1.129315104,114428.4678,1971,0.306500477,249204.308,18722.48307,0.153250238,27000,CBA
Aulacomya_ater-Pacific_Southeast,Aulacomya ater,Cholga mussel,Mussels,Pacific Southeast,0.84353052,0.986520903,1.064741747,1.141663005,1.303890736,0.117081182,1.067493497,114428.4678,1972,0.306500477,249204.308,18722.48307,0.153250238,26800,CBA
Aulacomya_ater-Pacific_Southeast,Aulacomya ater,Cholga mussel,Mussels,Pacific Southeast,0.810473064,0.931312018,1.010007984,1.089138695,1.254573614,0.118678136,1.016383725,114428.4678,1973,0.306500477,249204.308,18722.48307,0.153250238,25500,CBA
Aulacomya_ater-Pacific_Southeast,Aulacomya ater,Cholga mussel,Mussels,Pacific Southeast,0.77597659,0.911341767,0.97474683,1.045167381,1.225923433,0.114559561,0.980111672,114428.4678,1974,0.306500477,249204.308,18722.48307,0.153250238,22995,CBA
Aulacomya_ater-Pacific_Southeast,Aulacomya ater,Cholga mussel,Mussels,Pacific Southeast,0.748960436,0.866871987,0.936104893,1.010969937,1.170523177,0.113380359,0.944751164,114428.4678,1975,0.306500477,249204.308,18722.48307,0.153250238,22989,CBA
Aulacomya_ater-Pacific_Southeast,Aulacomya ater,Cholga mussel,Mussels,Pacific Southeast,0.646956744,0.76148498,0.821882435,0.899838821,1.070618336,0.107306338,0.831699732,114428.4678,1976,0.306500477,249204.308,18722.48307,0.153250238,32645,CBA
Aulacomya_ater-Pacific_Southeast,Aulacomya ater,Cholga mussel,Mussels,Pacific Southeast,0.644289107,0.753756748,0.826016381,0.899341154,1.075023833,0.106166327,0.830077467,114428.4678,1977,0.306500477,249204.308,18722.48307,0.153250238,18846,CBA
Aulacomya_ater-Pacific_Southeast,Aulacomya ater,Cholga mussel,Mussels,Pacific Southeast,0.610383644,0.706163973,0.769121071,0.844793897,1.002984053,0.103485762,0.781859509,114428.4678,1978,0.306500477,249204.308,18722.48307,0.153250238,24035,CBA
Aulacomya_ater-Pacific_Southeast,Aulacomya ater,Cholga mussel,Mussels,Pacific Southeast,0.584315157,0.684163655,0.744752383,0.819935761,0.958413714,0.099359362,0.755940719,114428.4678,1979,0.306500477,249204.308,18722.48307,0.153250238,20649,CBA
Aulacomya_ater-Pacific_Southeast,Aulacomya ater,Cholga mussel,Mussels,Pacific Southeast,0.525488162,0.621057673,0.685959071,0.753343695,0.896990414,0.099659296,0.695694738,114428.4678,1980,0.306500477,249204.308,18722.48307,0.153250238,25267,CBA
Aulacomya_ater-Pacific_Southeast,Aulacomya ater,Cholga mussel,Mussels,Pacific Southeast,0.503071627,0.604074098,0.668792353,0.740596119,0.877801039,0.104133707,0.675901425,114428.4678,1981,0.306500477,249204.308,18722.48307,0.153250238,19057,CBA
Aulacomya_ater-Pacific_Southeast,Aulacomya ater,Cholga mussel,Mussels,Pacific Southeast,0.486130551,0.582306419,0.654413643,0.723272892,0.901519362,0.106055514,0.65846556,114428.4678,1982,0.306500477,249204.308,18722.48307,0.153250238,18333,CBA
Aulacomya_ater-Pacific_Southeast,Aulacomya ater,Cholga mussel,Mussels,Pacific Southeast,0.513180581,0.618098708,0.68680922,0.756559628,0.918670624,0.105009162,0.693501762,114428.4678,1983,0.306500477,249204.308,18722.48307,0.153250238,11767,CBA
Aulacomya_ater-Pacific_Southeast,Aulacomya ater,Cholga mussel,Mussels,Pacific Southeast,0.517985826,0.61092677,0.686518653,0.749361846,0.896979767,0.104269888,0.690388906,114428.4678,1984,0.306500477,249204.308,18722.48307,0.153250238,16692,CBA
Aulacomya_ater-Pacific_Southeast,Aulacomya ater,Cholga mussel,Mussels,Pacific Southeast,0.568224161,0.659064885,0.723207518,0.793339964,0.964932602,0.104433529,0.733071542,114428.4678,1985,0.306500477,249204.308,18722.48307,0.153250238,11617,CBA
Aulacomya_ater-Pacific_Southeast,Aulacomya ater,Cholga mussel,Mussels,Pacific Southeast,0.554682723,0.648109724,0.711084525,0.77279151,0.945660207,0.100327678,0.719012427,114428.4678,1986,0.306500477,249204.308,18722.48307,0.153250238,18417,CBA
Aulacomya_ater-Pacific_Southeast,Aulacomya ater,Cholga mussel,Mussels,Pacific Southeast,0.539693596,0.635443215,0.698951627,0.7656142,0.919957856,0.097902111,0.706645964,114428.4678,1987,0.306500477,249204.308,18722.48307,0.153250238,18329,CBA
Aulacomya_ater-Pacific_Southeast,Aulacomya ater,Cholga mussel,Mussels,Pacific Southeast,0.544528258,0.630681133,0.689131387,0.751014362,0.907179268,0.096941555,0.699964754,114428.4678,1988,0.306500477,249204.308,18722.48307,0.153250238,17994,CBA
Aulacomya_ater-Pacific_Southeast,Aulacomya ater,Cholga mussel,Mussels,Pacific Southeast,0.498963572,0.59095091,0.653736282,0.710073593,0.853346964,0.095256775,0.658891004,114428.4678,1989,0.306500477,249204.308,18722.48307,0.153250238,21547,CBA
Aulacomya_ater-Pacific_Southeast,Aulacomya ater,Cholga mussel,Mussels,Pacific Southeast,0.430941309,0.527967173,0.587283727,0.655254192,0.801676207,0.096783952,0.596839996,114428.4678,1990,0.306500477,249204.308,18722.48307,0.153250238,23521,CBA
Aulacomya_ater-Pacific_Southeast,Aulacomya ater,Cholga mussel,Mussels,Pacific Southeast,0.485928754,0.576710235,0.63643352,0.701375346,0.861963168,0.095363652,0.64421098,114428.4678,1991,0.306500477,249204.308,18722.48307,0.153250238,9214,CBA
Aulacomya_ater-Pacific_Southeast,Aulacomya ater,Cholga mussel,Mussels,Pacific Southeast,0.498634139,0.575857591,0.637387326,0.701415686,0.85464107,0.093637962,0.646099411,114428.4678,1992,0.306500477,249204.308,18722.48307,0.153250238,15269,CBA
Aulacomya_ater-Pacific_Southeast,Aulacomya ater,Cholga mussel,Mussels,Pacific Southeast,0.513938973,0.601162194,0.656644642,0.720890963,0.867170316,0.090949402,0.666018939,114428.4678,1993,0.306500477,249204.308,18722.48307,0.153250238,13541,CBA
Aulacomya_ater-Pacific_Southeast,Aulacomya ater,Cholga mussel,Mussels,Pacific Southeast,0.51836349,0.5922312,0.651469073,0.71429502,0.848177978,0.08804135,0.659708288,114428.4678,1994,0.306500477,249204.308,18722.48307,0.153250238,16843,CBA
Aulacomya_ater-Pacific_Southeast,Aulacomya ater,Cholga mussel,Mussels,Pacific Southeast,0.512395897,0.581591828,0.636271602,0.702436885,0.825929477,0.082028948,0.645753051,114428.4678,1995,0.306500477,249204.308,18722.48307,0.153250238,17580,CBA
Aulacomya_ater-Pacific_Southeast,Aulacomya ater,Cholga mussel,Mussels,Pacific Southeast,0.542678187,0.605008285,0.653194953,0.708455154,0.82934965,0.076496125,0.661921507,114428.4678,1996,0.306500477,249204.308,18722.48307,0.153250238,13428,CBA
Aulacomya_ater-Pacific_Southeast,Aulacomya ater,Cholga mussel,Mussels,Pacific Southeast,0.536073537,0.607065609,0.651631747,0.704337734,0.82540637,0.072627796,0.657633209,114428.4678,1997,0.306500477,249204.308,18722.48307,0.153250238,16078,CBA
Aulacomya_ater-Pacific_Southeast,Aulacomya ater,Cholga mussel,Mussels,Pacific Southeast,0.493417617,0.555565593,0.593784183,0.637611599,0.76914962,0.068413447,0.601653936,114428.4678,1998,0.306500477,249204.308,18722.48307,0.153250238,22831,CBA
Aulacomya_ater-Pacific_Southeast,Aulacomya ater,Cholga mussel,Mussels,Pacific Southeast,0.460135988,0.520822943,0.557983526,0.601931443,0.706649213,0.063303352,0.564024083,114428.4678,1999,0.306500477,249204.308,18722.48307,0.153250238,19738,CBA
Aulacomya_ater-Pacific_Southeast,Aulacomya ater,Cholga mussel,Mussels,Pacific Southeast,0.436959388,0.488541828,0.52232117,0.564815027,0.656327293,0.057546242,0.528624173,114428.4678,2000,0.306500477,249204.308,18722.48307,0.153250238,18933,CBA
Aulacomya_ater-Pacific_Southeast,Aulacomya ater,Cholga mussel,Mussels,Pacific Southeast,0.381604136,0.422693909,0.451630582,0.49368906,0.579141661,0.055372257,0.460148235,114428.4678,2001,0.306500477,249204.308,18722.48307,0.153250238,22584,CBA
Aulacomya_ater-Pacific_Southeast,Aulacomya ater,Cholga mussel,Mussels,Pacific Southeast,0.321419085,0.36852992,0.398519299,0.437328967,0.553248097,0.056832816,0.406901367,114428.4678,2002,0.306500477,249204.308,18722.48307,0.153250238,19433,CBA
Aulacomya_ater-Pacific_Southeast,Aulacomya ater,Cholga mussel,Mussels,Pacific Southeast,0.304415169,0.349402193,0.38255014,0.423573728,0.54767222,0.059954617,0.391599,114428.4678,2003,0.306500477,249204.308,18722.48307,0.153250238,13596,CBA
Aulacomya_ater-Pacific_Southeast,Aulacomya ater,Cholga mussel,Mussels,Pacific Southeast,0.302361742,0.347480247,0.380321891,0.425209638,0.565882254,0.063570581,0.390670646,114428.4678,2004,0.306500477,249204.308,18722.48307,0.153250238,11646,CBA
Aulacomya_ater-Pacific_Southeast,Aulacomya ater,Cholga mussel,Mussels,Pacific Southeast,0.294531341,0.351504192,0.387843575,0.436144882,0.563852004,0.067005174,0.39688715,114428.4678,2005,0.306500477,249204.308,18722.48307,0.153250238,10684,CBA
Aulacomya_ater-Pacific_Southeast,Aulacomya ater,Cholga mussel,Mussels,Pacific Southeast,0.312268081,0.371081253,0.415653762,0.462429957,0.590538399,0.070610412,0.42269637,114428.4678,2006,0.306500477,249204.308,18722.48307,0.153250238,8391,CBA
Aulacomya_ater-Pacific_Southeast,Aulacomya ater,Cholga mussel,Mussels,Pacific Southeast,0.299664616,0.370812119,0.419038405,0.468282775,0.617572799,0.077027052,0.424047978,114428.4678,2007,0.306500477,249204.308,18722.48307,0.153250238,12054,CBA
Aulacomya_ater-Pacific_Southeast,Aulacomya ater,Cholga mussel,Mussels,Pacific Southeast,0.288911104,0.354590217,0.410631242,0.468108171,0.606853696,0.083325456,0.418802534,114428.4678,2008,0.306500477,249204.308,18722.48307,0.153250238,12861,CBA
Aulacomya_ater-Pacific_Southeast,Aulacomya ater,Cholga mussel,Mussels,Pacific Southeast,0.275302523,0.344519841,0.411184835,0.472832781,0.62608179,0.089972701,0.418054788,114428.4678,2009,0.306500477,249204.308,18722.48307,0.153250238,11979,CBA
Aulacomya_ater-Pacific_Southeast,Aulacomya ater,Cholga mussel,Mussels,Pacific Southeast,0.25420344,0.331115815,0.407600016,0.478103891,0.632393278,0.099105534,0.41056532,114428.4678,2010,0.306500477,249204.308,18722.48307,0.153250238,12660,CBA
Aulacomya_ater-Pacific_Southeast,Aulacomya ater,Cholga mussel,Mussels,Pacific Southeast,0.239087176,0.326942717,0.421656576,0.503050077,0.640748133,0.112923401,0.42102255,114428.4678,2011,0.306500477,249204.308,18722.48307,0.153250238,10726,CBA
Aulacomya_ater-Pacific_Southeast,Aulacomya ater,Cholga mussel,Mussels,Pacific Southeast,0.210274969,0.320334448,0.435321576,0.528863253,0.653040428,0.125831293,0.425698345,114428.4678,2012,0.306500477,249204.308,18722.48307,0.153250238,11097,CBA
Aulacomya_ater-Pacific_Southeast,Aulacomya ater,Cholga mussel,Mussels,Pacific Southeast,0.176478388,0.307691396,0.448080686,0.547910318,0.665105668,0.143636205,0.428996114,114428.4678,2013,0.306500477,249204.308,18722.48307,0.153250238,11733,CBA
Aulacomya_ater-Pacific_Southeast,Aulacomya ater,Cholga mussel,Mussels,Pacific Southeast,0.151617238,0.305828656,0.480656498,0.594329536,0.723066292,0.166592752,0.451027986,114428.4678,2014,0.306500477,249204.308,18722.48307,0.153250238,9213,CBA
Aulacomya_ater-Pacific_Southeast,Aulacomya ater,Cholga mussel,Mussels,Pacific Southeast,0.114729903,0.298598635,0.499624872,0.629559785,0.737410323,0.190042032,0.464840387,114428.4678,2015,0.306500477,249204.308,18722.48307,0.153250238,10377,CBA
Aulacomya_ater-Pacific_Southeast,Aulacomya ater,Cholga mussel,Mussels,Pacific Southeast,0.058862996,0.290189555,0.523126687,0.664600926,0.779738772,0.220232478,0.475671925,114428.4678,2016,0.306500477,249204.308,18722.48307,0.153250238,11168,CBA
Caranx_hippos-Atlantic_Eastern Central,Caranx hippos,Crevalle jack,Miscellaneous pelagic fishes,Atlantic Eastern Central,1.043401552,1.258192269,1.414610525,1.602388465,1.886523832,0.227779241,1.43340152,54047.20856,1957,0.460779592,86318.26385,9671.816736,0.230389796,400,CBA
Caranx_hippos-Atlantic_Eastern Central,Caranx hippos,Crevalle jack,Miscellaneous pelagic fishes,Atlantic Eastern Central,1.188759172,1.434040586,1.584750226,1.738567417,1.93648235,0.202346492,1.580268602,54047.20856,1958,0.460779592,86318.26385,9671.816736,0.230389796,500,CBA
Caranx_hippos-Atlantic_Eastern Central,Caranx hippos,Crevalle jack,Miscellaneous pelagic fishes,Atlantic Eastern Central,1.313139576,1.56368495,1.699903834,1.820348101,1.966247237,0.174856873,1.6837057,54047.20856,1959,0.460779592,86318.26385,9671.816736,0.230389796,500,CBA
Caranx_hippos-Atlantic_Eastern Central,Caranx hippos,Crevalle jack,Miscellaneous pelagic fishes,Atlantic Eastern Central,1.412217349,1.65739468,1.773788733,1.868860777,1.976164263,0.149338802,1.753104036,54047.20856,1960,0.460779592,86318.26385,9671.816736,0.230389796,500,CBA
Caranx_hippos-Atlantic_Eastern Central,Caranx hippos,Crevalle jack,Miscellaneous pelagic fishes,Atlantic Eastern Central,1.502505938,1.71677118,1.811070575,1.888517565,1.981773667,0.125889148,1.7934815,54047.20856,1961,0.460779592,86318.26385,9671.816736,0.230389796,500,CBA
Caranx_hippos-Atlantic_Eastern Central,Caranx hippos,Crevalle jack,Miscellaneous pelagic fishes,Atlantic Eastern Central,1.573172105,1.754144695,1.834173748,1.905802326,1.986824862,0.110755445,1.82068563,54047.20856,1962,0.460779592,86318.26385,9671.816736,0.230389796,500,CBA
Caranx_hippos-Atlantic_Eastern Central,Caranx hippos,Crevalle jack,Miscellaneous pelagic fishes,Atlantic Eastern Central,1.602857484,1.77124332,1.847780918,1.91302809,1.988511364,0.102042044,1.83518754,54047.20856,1963,0.460779592,86318.26385,9671.816736,0.230389796,500,CBA
Caranx_hippos-Atlantic_Eastern Central,Caranx hippos,Crevalle jack,Miscellaneous pelagic fishes,Atlantic Eastern Central,1.637387515,1.780472672,1.853938327,1.916337598,1.989007101,0.095399787,1.843098478,54047.20856,1964,0.460779592,86318.26385,9671.816736,0.230389796,500,CBA
Caranx_hippos-Atlantic_Eastern Central,Caranx hippos,Crevalle jack,Miscellaneous pelagic fishes,Atlantic Eastern Central,1.654080653,1.797228787,1.864751858,1.924036692,1.988932811,0.089978563,1.854349677,54047.20856,1965,0.460779592,86318.26385,9671.816736,0.230389796,100,CBA
Caranx_hippos-Atlantic_Eastern Central,Caranx hippos,Crevalle jack,Miscellaneous pelagic fishes,Atlantic Eastern Central,1.675843012,1.806730938,1.870667301,1.926435662,1.991010038,0.083905556,1.862054914,54047.20856,1966,0.460779592,86318.26385,9671.816736,0.230389796,200,CBA
Caranx_hippos-Atlantic_Eastern Central,Caranx hippos,Crevalle jack,Miscellaneous pelagic fishes,Atlantic Eastern Central,1.673679026,1.809975019,1.869340091,1.924908789,1.98992044,0.083295018,1.861601832,54047.20856,1967,0.460779592,86318.26385,9671.816736,0.230389796,600,CBA
Caranx_hippos-Atlantic_Eastern Central,Caranx hippos,Crevalle jack,Miscellaneous pelagic fishes,Atlantic Eastern Central,1.691976297,1.819105173,1.883176318,1.935859678,1.99292224,0.082494034,1.871786696,54047.20856,1968,0.460779592,86318.26385,9671.816736,0.230389796,700,CBA
Caranx_hippos-Atlantic_Eastern Central,Caranx hippos,Crevalle jack,Miscellaneous pelagic fishes,Atlantic Eastern Central,1.537669932,1.664747787,1.72993146,1.798222745,1.930341091,0.099787483,1.732654057,54047.20856,1969,0.460779592,86318.26385,9671.816736,0.230389796,8000,CBA
Caranx_hippos-Atlantic_Eastern Central,Caranx hippos,Crevalle jack,Miscellaneous pelagic fishes,Atlantic Eastern Central,1.277784052,1.414861963,1.488565537,1.568431258,1.705345036,0.111903277,1.490145448,54047.20856,1970,0.460779592,86318.26385,9671.816736,0.230389796,14700,CBA
Caranx_hippos-Atlantic_Eastern Central,Caranx hippos,Crevalle jack,Miscellaneous pelagic fishes,Atlantic Eastern Central,1.004395736,1.160181645,1.247600999,1.332846028,1.493181685,0.126853324,1.246478805,54047.20856,1971,0.460779592,86318.26385,9671.816736,0.230389796,17600,CBA
Caranx_hippos-Atlantic_Eastern Central,Caranx hippos,Crevalle jack,Miscellaneous pelagic fishes,Atlantic Eastern Central,1.088381305,1.263465742,1.357893904,1.454088842,1.646454082,0.141189668,1.358961974,54047.20856,1972,0.460779592,86318.26385,9671.816736,0.230389796,4300,CBA
Caranx_hippos-Atlantic_Eastern Central,Caranx hippos,Crevalle jack,Miscellaneous pelagic fishes,Atlantic Eastern Central,1.203691174,1.402235469,1.505901224,1.611955129,1.820464973,0.156465208,1.507315111,54047.20856,1973,0.460779592,86318.26385,9671.816736,0.230389796,1900,CBA
Caranx_hippos-Atlantic_Eastern Central,Caranx hippos,Crevalle jack,Miscellaneous pelagic fishes,Atlantic Eastern Central,1.243599714,1.45899249,1.570110845,1.674067181,1.851314904,0.156402642,1.564268186,54047.20856,1974,0.460779592,86318.26385,9671.816736,0.230389796,4421,CBA
Caranx_hippos-Atlantic_Eastern Central,Caranx hippos,Crevalle jack,Miscellaneous pelagic fishes,Atlantic Eastern Central,1.340146401,1.562322537,1.677926862,1.784248474,1.942878135,0.156906304,1.668125987,54047.20856,1975,0.460779592,86318.26385,9671.816736,0.230389796,1585,CBA
Caranx_hippos-Atlantic_Eastern Central,Caranx hippos,Crevalle jack,Miscellaneous pelagic fishes,Atlantic Eastern Central,1.429528693,1.658585862,1.769895815,1.86276284,1.975523761,0.145149685,1.752048254,54047.20856,1976,0.460779592,86318.26385,9671.816736,0.230389796,1036,CBA
Caranx_hippos-Atlantic_Eastern Central,Caranx hippos,Crevalle jack,Miscellaneous pelagic fishes,Atlantic Eastern Central,1.175755069,1.366078881,1.453743335,1.539805441,1.690248306,0.130056687,1.449274473,54047.20856,1977,0.460779592,86318.26385,9671.816736,0.230389796,16611,CBA
Caranx_hippos-Atlantic_Eastern Central,Caranx hippos,Crevalle jack,Miscellaneous pelagic fishes,Atlantic Eastern Central,1.17734979,1.396981675,1.49727493,1.588076213,1.750323492,0.1440412,1.487939611,54047.20856,1978,0.460779592,86318.26385,9671.816736,0.230389796,5895,CBA
Caranx_hippos-Atlantic_Eastern Central,Caranx hippos,Crevalle jack,Miscellaneous pelagic fishes,Atlantic Eastern Central,1.266084292,1.510595079,1.625236993,1.72533404,1.904759069,0.15973768,1.613761386,54047.20856,1979,0.460779592,86318.26385,9671.816736,0.230389796,1851,CBA
Caranx_hippos-Atlantic_Eastern Central,Caranx hippos,Crevalle jack,Miscellaneous pelagic fishes,Atlantic Eastern Central,1.193127474,1.432577769,1.531693759,1.625113167,1.791885371,0.151034184,1.523220707,54047.20856,1980,0.460779592,86318.26385,9671.816736,0.230389796,9411,CBA
Caranx_hippos-Atlantic_Eastern Central,Caranx hippos,Crevalle jack,Miscellaneous pelagic fishes,Atlantic Eastern Central,1.171110961,1.40788725,1.519460607,1.618668269,1.800709339,0.159711229,1.510228181,54047.20856,1981,0.460779592,86318.26385,9671.816736,0.230389796,7317,CBA
Caranx_hippos-Atlantic_Eastern Central,Caranx hippos,Crevalle jack,Miscellaneous pelagic fishes,Atlantic Eastern Central,1.184400134,1.435319329,1.550898416,1.659158966,1.829884218,0.166193502,1.539816715,54047.20856,1982,0.460779592,86318.26385,9671.816736,0.230389796,5512,CBA
Caranx_hippos-Atlantic_Eastern Central,Caranx hippos,Crevalle jack,Miscellaneous pelagic fishes,Atlantic Eastern Central,1.115000975,1.367701764,1.476345719,1.580780945,1.753534917,0.162138126,1.465276171,54047.20856,1983,0.460779592,86318.26385,9671.816736,0.230389796,9589,CBA
Caranx_hippos-Atlantic_Eastern Central,Caranx hippos,Crevalle jack,Miscellaneous pelagic fishes,Atlantic Eastern Central,1.089593336,1.361821569,1.472583008,1.576950622,1.758998125,0.168927797,1.460380645,54047.20856,1984,0.460779592,86318.26385,9671.816736,0.230389796,7373,CBA
Caranx_hippos-Atlantic_Eastern Central,Caranx hippos,Crevalle jack,Miscellaneous pelagic fishes,Atlantic Eastern Central,1.205917416,1.496057074,1.617476566,1.729563124,1.913487686,0.180893876,1.603114493,54047.20856,1985,0.460779592,86318.26385,9671.816736,0.230389796,1112,CBA
Caranx_hippos-Atlantic_Eastern Central,Caranx hippos,Crevalle jack,Miscellaneous pelagic fishes,Atlantic Eastern Central,1.228391193,1.518362723,1.635268483,1.738448327,1.898736025,0.172269448,1.617053732,54047.20856,1986,0.460779592,86318.26385,9671.816736,0.230389796,4950,CBA
Caranx_hippos-Atlantic_Eastern Central,Caranx hippos,Crevalle jack,Miscellaneous pelagic fishes,Atlantic Eastern Central,1.284631738,1.566086176,1.681385805,1.779682047,1.93221857,0.16585864,1.663301973,54047.20856,1987,0.460779592,86318.26385,9671.816736,0.230389796,3278,CBA
Caranx_hippos-Atlantic_Eastern Central,Caranx hippos,Crevalle jack,Miscellaneous pelagic fishes,Atlantic Eastern Central,1.342514172,1.613974844,1.725320397,1.81657749,1.957217363,0.15786236,1.705296245,54047.20856,1988,0.460779592,86318.26385,9671.816736,0.230389796,2902,CBA
Caranx_hippos-Atlantic_Eastern Central,Caranx hippos,Crevalle jack,Miscellaneous pelagic fishes,Atlantic Eastern Central,1.393545567,1.66903238,1.771520095,1.857563925,1.970128733,0.148252981,1.74924397,54047.20856,1989,0.460779592,86318.26385,9671.816736,0.230389796,2154,CBA
Caranx_hippos-Atlantic_Eastern Central,Caranx hippos,Crevalle jack,Miscellaneous pelagic fishes,Atlantic Eastern Central,1.396359459,1.628868618,1.727614931,1.808154039,1.94651371,0.140139053,1.712336494,54047.20856,1990,0.460779592,86318.26385,9671.816736,0.230389796,5254,CBA
Caranx_hippos-Atlantic_Eastern Central,Caranx hippos,Crevalle jack,Miscellaneous pelagic fishes,Atlantic Eastern Central,1.40579333,1.622350537,1.713945854,1.797646384,1.938386174,0.137169618,1.702861013,54047.20856,1991,0.460779592,86318.26385,9671.816736,0.230389796,4723,CBA
Caranx_hippos-Atlantic_Eastern Central,Caranx hippos,Crevalle jack,Miscellaneous pelagic fishes,Atlantic Eastern Central,1.387691592,1.603992141,1.692603573,1.779250915,1.919665207,0.136520524,1.683646891,54047.20856,1992,0.460779592,86318.26385,9671.816736,0.230389796,5321,CBA
Caranx_hippos-Atlantic_Eastern Central,Caranx hippos,Crevalle jack,Miscellaneous pelagic fishes,Atlantic Eastern Central,1.393328356,1.608721765,1.699806036,1.787463167,1.930472011,0.136768814,1.691688979,54047.20856,1993,0.460779592,86318.26385,9671.816736,0.230389796,4399,CBA
Caranx_hippos-Atlantic_Eastern Central,Caranx hippos,Crevalle jack,Miscellaneous pelagic fishes,Atlantic Eastern Central,1.375296027,1.585391737,1.674762082,1.764612505,1.910005262,0.135216604,1.668200652,54047.20856,1994,0.460779592,86318.26385,9671.816736,0.230389796,5603,CBA
Caranx_hippos-Atlantic_Eastern Central,Caranx hippos,Crevalle jack,Miscellaneous pelagic fishes,Atlantic Eastern Central,1.38873278,1.595783926,1.685421211,1.773609935,1.918626251,0.133795129,1.678685943,54047.20856,1995,0.460779592,86318.26385,9671.816736,0.230389796,4422,CBA
Caranx_hippos-Atlantic_Eastern Central,Caranx hippos,Crevalle jack,Miscellaneous pelagic fishes,Atlantic Eastern Central,1.435641079,1.628745236,1.7260704,1.812167468,1.945717032,0.132498598,1.71608925,54047.20856,1996,0.460779592,86318.26385,9671.816736,0.230389796,2884,CBA
Caranx_hippos-Atlantic_Eastern Central,Caranx hippos,Crevalle jack,Miscellaneous pelagic fishes,Atlantic Eastern Central,1.480603703,1.671806701,1.76138997,1.84559282,1.965207214,0.125159075,1.752906093,54047.20856,1997,0.460779592,86318.26385,9671.816736,0.230389796,2249,CBA
Caranx_hippos-Atlantic_Eastern Central,Caranx hippos,Crevalle jack,Miscellaneous pelagic fishes,Atlantic Eastern Central,1.495518391,1.684114813,1.76940533,1.847599419,1.966522151,0.120851146,1.761104343,54047.20856,1998,0.460779592,86318.26385,9671.816736,0.230389796,2946,CBA
Caranx_hippos-Atlantic_Eastern Central,Caranx hippos,Crevalle jack,Miscellaneous pelagic fishes,Atlantic Eastern Central,1.501197905,1.671502117,1.752025312,1.826648005,1.946072169,0.114739245,1.744985901,54047.20856,1999,0.460779592,86318.26385,9671.816736,0.230389796,3976,CBA
Caranx_hippos-Atlantic_Eastern Central,Caranx hippos,Crevalle jack,Miscellaneous pelagic fishes,Atlantic Eastern Central,1.576683287,1.75429861,1.830743929,1.899302212,1.984201284,0.107946452,1.818608087,54047.20856,2000,0.460779592,86318.26385,9671.816736,0.230389796,159,CBA
Caranx_hippos-Atlantic_Eastern Central,Caranx hippos,Crevalle jack,Miscellaneous pelagic fishes,Atlantic Eastern Central,1.593704335,1.744991015,1.8210731,1.886931259,1.980300797,0.102370937,1.812139168,54047.20856,2001,0.460779592,86318.26385,9671.816736,0.230389796,2617,CBA
Caranx_hippos-Atlantic_Eastern Central,Caranx hippos,Crevalle jack,Miscellaneous pelagic fishes,Atlantic Eastern Central,1.590625159,1.73951884,1.813348571,1.881626219,1.980739704,0.102131623,1.806763557,54047.20856,2002,0.460779592,86318.26385,9671.816736,0.230389796,2968,CBA
Caranx_hippos-Atlantic_Eastern Central,Caranx hippos,Crevalle jack,Miscellaneous pelagic fishes,Atlantic Eastern Central,1.554736482,1.7016714,1.77852354,1.850201821,1.966906123,0.106575805,1.773315423,54047.20856,2003,0.460779592,86318.26385,9671.816736,0.230389796,4678,CBA
Caranx_hippos-Atlantic_Eastern Central,Caranx hippos,Crevalle jack,Miscellaneous pelagic fishes,Atlantic Eastern Central,1.435750313,1.574756394,1.647316081,1.719770341,1.865159676,0.108456139,1.648846864,54047.20856,2004,0.460779592,86318.26385,9671.816736,0.230389796,9215,CBA
Caranx_hippos-Atlantic_Eastern Central,Caranx hippos,Crevalle jack,Miscellaneous pelagic fishes,Atlantic Eastern Central,1.378164114,1.5124053,1.59029228,1.666718477,1.815162999,0.113255601,1.590560568,54047.20856,2005,0.460779592,86318.26385,9671.816736,0.230389796,8300,CBA
Caranx_hippos-Atlantic_Eastern Central,Caranx hippos,Crevalle jack,Miscellaneous pelagic fishes,Atlantic Eastern Central,1.36887085,1.514845084,1.597261994,1.679575005,1.834085453,0.120008509,1.598864302,54047.20856,2006,0.460779592,86318.26385,9671.816736,0.230389796,6165,CBA
Caranx_hippos-Atlantic_Eastern Central,Caranx hippos,Crevalle jack,Miscellaneous pelagic fishes,Atlantic Eastern Central,1.349186096,1.503405508,1.587864174,1.673345946,1.833126613,0.123530177,1.589042159,54047.20856,2007,0.460779592,86318.26385,9671.816736,0.230389796,6789,CBA
Caranx_hippos-Atlantic_Eastern Central,Caranx hippos,Crevalle jack,Miscellaneous pelagic fishes,Atlantic Eastern Central,1.201018392,1.34968788,1.428871679,1.513358881,1.686846294,0.122367082,1.432274999,54047.20856,2008,0.460779592,86318.26385,9671.816736,0.230389796,13064,CBA
Caranx_hippos-Atlantic_Eastern Central,Caranx hippos,Crevalle jack,Miscellaneous pelagic fishes,Atlantic Eastern Central,1.314139312,1.478637016,1.568527828,1.659836285,1.839601642,0.133587605,1.570915555,54047.20856,2009,0.460779592,86318.26385,9671.816736,0.230389796,2309,CBA
Caranx_hippos-Atlantic_Eastern Central,Caranx hippos,Crevalle jack,Miscellaneous pelagic fishes,Atlantic Eastern Central,1.2929784,1.441699167,1.530898386,1.619697883,1.78744203,0.127626159,1.53277033,54047.20856,2010,0.460779592,86318.26385,9671.816736,0.230389796,8317,CBA
Caranx_hippos-Atlantic_Eastern Central,Caranx hippos,Crevalle jack,Miscellaneous pelagic fishes,Atlantic Eastern Central,1.164984109,1.301707597,1.38290721,1.469179175,1.639531409,0.12241025,1.387981413,54047.20856,2011,0.460779592,86318.26385,9671.816736,0.230389796,13311,CBA
Caranx_hippos-Atlantic_Eastern Central,Caranx hippos,Crevalle jack,Miscellaneous pelagic fishes,Atlantic Eastern Central,1.183048813,1.319544947,1.406453064,1.497677465,1.682489427,0.129046915,1.413034441,54047.20856,2012,0.460779592,86318.26385,9671.816736,0.230389796,7575,CBA
Caranx_hippos-Atlantic_Eastern Central,Caranx hippos,Crevalle jack,Miscellaneous pelagic fishes,Atlantic Eastern Central,1.122902811,1.25264635,1.336020746,1.428353147,1.621194303,0.128493383,1.346205722,54047.20856,2013,0.460779592,86318.26385,9671.816736,0.230389796,11102,CBA
Caranx_hippos-Atlantic_Eastern Central,Caranx hippos,Crevalle jack,Miscellaneous pelagic fishes,Atlantic Eastern Central,1.00032628,1.11352225,1.194804585,1.300213806,1.497298933,0.131488463,1.212478199,54047.20856,2014,0.460779592,86318.26385,9671.816736,0.230389796,14357,CBA
Caranx_hippos-Atlantic_Eastern Central,Caranx hippos,Crevalle jack,Miscellaneous pelagic fishes,Atlantic Eastern Central,0.814284148,0.899626689,0.98914064,1.10788509,1.336530868,0.143788287,1.015027142,54047.20856,2015,0.460779592,86318.26385,9671.816736,0.230389796,17687,CBA
Caranx_hippos-Atlantic_Eastern Central,Caranx hippos,Crevalle jack,Miscellaneous pelagic fishes,Atlantic Eastern Central,0.607783663,0.689150582,0.797254644,0.941194983,1.225163686,0.171735226,0.83053642,54047.20856,2016,0.460779592,86318.26385,9671.816736,0.230389796,17455,CBA
Caranx_hippos-Atlantic_Southeast,Caranx hippos,Crevalle jack,Miscellaneous pelagic fishes,Atlantic Southeast,NA,NA,NA,NA,NA,NA,NA,NA,NA,NA,NA,NA,NA,NA,CBA
Caranx_ignobilis-Indian Ocean_Western,Caranx ignobilis,Giant trevally,Miscellaneous pelagic fishes,Indian Ocean Western,1.065660172,1.290129086,1.4603256,1.642979113,1.914119407,0.229769935,1.471150581,61870.36259,1982,0.501982592,97658.31324,11949.0224,0.250991296,74,CBA
Caranx_ignobilis-Indian Ocean_Western,Caranx ignobilis,Giant trevally,Miscellaneous pelagic fishes,Indian Ocean Western,1.228304027,1.485620846,1.639902619,1.791317404,1.96664802,0.199179864,1.632584864,61870.36259,1983,0.501982592,97658.31324,11949.0224,0.250991296,18,CBA
Caranx_ignobilis-Indian Ocean_Western,Caranx ignobilis,Giant trevally,Miscellaneous pelagic fishes,Indian Ocean Western,1.37455063,1.631428517,1.755925939,1.856940005,1.978060769,0.160951969,1.736275846,61870.36259,1984,0.501982592,97658.31324,11949.0224,0.250991296,18,CBA
Caranx_ignobilis-Indian Ocean_Western,Caranx ignobilis,Giant trevally,Miscellaneous pelagic fishes,Indian Ocean Western,1.484511347,1.720093871,1.818466396,1.894239145,1.983660389,0.12945725,1.796560477,61870.36259,1985,0.501982592,97658.31324,11949.0224,0.250991296,35,CBA
Caranx_ignobilis-Indian Ocean_Western,Caranx ignobilis,Giant trevally,Miscellaneous pelagic fishes,Indian Ocean Western,1.569729805,1.764055592,1.845406632,1.914052986,1.99002255,0.110247349,1.829969475,61870.36259,1986,0.501982592,97658.31324,11949.0224,0.250991296,50,CBA
Caranx_ignobilis-Indian Ocean_Western,Caranx ignobilis,Giant trevally,Miscellaneous pelagic fishes,Indian Ocean Western,1.620669406,1.788008156,1.858167872,1.920934132,1.990288615,0.096215008,1.847033194,61870.36259,1987,0.501982592,97658.31324,11949.0224,0.250991296,96,CBA
Caranx_ignobilis-Indian Ocean_Western,Caranx ignobilis,Giant trevally,Miscellaneous pelagic fishes,Indian Ocean Western,1.653049887,1.797177197,1.86830808,1.92558131,1.99049645,0.089602235,1.856653765,61870.36259,1988,0.501982592,97658.31324,11949.0224,0.250991296,111,CBA
Caranx_ignobilis-Indian Ocean_Western,Caranx ignobilis,Giant trevally,Miscellaneous pelagic fishes,Indian Ocean Western,1.675755812,1.807666899,1.869855646,1.926574303,1.990524703,0.08437589,1.860870684,61870.36259,1989,0.501982592,97658.31324,11949.0224,0.250991296,165,CBA
Caranx_ignobilis-Indian Ocean_Western,Caranx ignobilis,Giant trevally,Miscellaneous pelagic fishes,Indian Ocean Western,1.675839623,1.806846499,1.870254311,1.930925523,1.992816087,0.084859401,1.863069365,61870.36259,1990,0.501982592,97658.31324,11949.0224,0.250991296,219,CBA
Caranx_ignobilis-Indian Ocean_Western,Caranx ignobilis,Giant trevally,Miscellaneous pelagic fishes,Indian Ocean Western,1.675265785,1.805770038,1.867925828,1.925164084,1.990514129,0.083876961,1.860026554,61870.36259,1991,0.501982592,97658.31324,11949.0224,0.250991296,566,CBA
Caranx_ignobilis-Indian Ocean_Western,Caranx ignobilis,Giant trevally,Miscellaneous pelagic fishes,Indian Ocean Western,1.6890127,1.810232551,1.865944161,1.925362084,1.990908747,0.081862576,1.86129932,61870.36259,1992,0.501982592,97658.31324,11949.0224,0.250991296,416,CBA
Caranx_ignobilis-Indian Ocean_Western,Caranx ignobilis,Giant trevally,Miscellaneous pelagic fishes,Indian Ocean Western,1.684427497,1.809670613,1.874335582,1.930291416,1.991823467,0.082169169,1.865583455,61870.36259,1993,0.501982592,97658.31324,11949.0224,0.250991296,361,CBA
Caranx_ignobilis-Indian Ocean_Western,Caranx ignobilis,Giant trevally,Miscellaneous pelagic fishes,Indian Ocean Western,1.687102995,1.822999287,1.878037562,1.92834634,1.990817082,0.079507626,1.868878225,61870.36259,1994,0.501982592,97658.31324,11949.0224,0.250991296,201,CBA
Caranx_ignobilis-Indian Ocean_Western,Caranx ignobilis,Giant trevally,Miscellaneous pelagic fishes,Indian Ocean Western,1.702190148,1.819438722,1.881848716,1.93525646,1.990331338,0.078618076,1.872529991,61870.36259,1995,0.501982592,97658.31324,11949.0224,0.250991296,175,CBA
Caranx_ignobilis-Indian Ocean_Western,Caranx ignobilis,Giant trevally,Miscellaneous pelagic fishes,Indian Ocean Western,1.703843051,1.831176116,1.891109291,1.942333681,1.994009524,0.078233817,1.880921478,61870.36259,1996,0.501982592,97658.31324,11949.0224,0.250991296,222,CBA
Caranx_ignobilis-Indian Ocean_Western,Caranx ignobilis,Giant trevally,Miscellaneous pelagic fishes,Indian Ocean Western,1.624042893,1.759181299,1.826150006,1.893099846,1.980909136,0.092948658,1.822268577,61870.36259,1997,0.501982592,97658.31324,11949.0224,0.250991296,4704,CBA
Caranx_ignobilis-Indian Ocean_Western,Caranx ignobilis,Giant trevally,Miscellaneous pelagic fishes,Indian Ocean Western,1.576780509,1.714328562,1.782127747,1.847750903,1.96084712,0.099737301,1.778251762,61870.36259,1998,0.501982592,97658.31324,11949.0224,0.250991296,5564,CBA
Caranx_ignobilis-Indian Ocean_Western,Caranx ignobilis,Giant trevally,Miscellaneous pelagic fishes,Indian Ocean Western,1.565908719,1.709552963,1.777792531,1.849624338,1.965126318,0.102075029,1.776058643,61870.36259,1999,0.501982592,97658.31324,11949.0224,0.250991296,4419,CBA
Caranx_ignobilis-Indian Ocean_Western,Caranx ignobilis,Giant trevally,Miscellaneous pelagic fishes,Indian Ocean Western,1.527759172,1.66502069,1.74013024,1.812569371,1.943717386,0.105412358,1.738563668,61870.36259,2000,0.501982592,97658.31324,11949.0224,0.250991296,6282,CBA
Caranx_ignobilis-Indian Ocean_Western,Caranx ignobilis,Giant trevally,Miscellaneous pelagic fishes,Indian Ocean Western,1.520821845,1.659364205,1.734069468,1.810049342,1.940633053,0.109770406,1.734641782,61870.36259,2001,0.501982592,97658.31324,11949.0224,0.250991296,5319,CBA
Caranx_ignobilis-Indian Ocean_Western,Caranx ignobilis,Giant trevally,Miscellaneous pelagic fishes,Indian Ocean Western,1.496305513,1.644884035,1.722165294,1.801022494,1.926674969,0.11238366,1.720074588,61870.36259,2002,0.501982592,97658.31324,11949.0224,0.250991296,5933,CBA
Caranx_ignobilis-Indian Ocean_Western,Caranx ignobilis,Giant trevally,Miscellaneous pelagic fishes,Indian Ocean Western,1.474604393,1.618649247,1.698935123,1.783227298,1.921032469,0.115860661,1.700430761,61870.36259,2003,0.501982592,97658.31324,11949.0224,0.250991296,6549,CBA
Caranx_ignobilis-Indian Ocean_Western,Caranx ignobilis,Giant trevally,Miscellaneous pelagic fishes,Indian Ocean Western,1.447972696,1.60221795,1.685843862,1.765037989,1.909022683,0.117511648,1.682468543,61870.36259,2004,0.501982592,97658.31324,11949.0224,0.250991296,6955,CBA
Caranx_ignobilis-Indian Ocean_Western,Caranx ignobilis,Giant trevally,Miscellaneous pelagic fishes,Indian Ocean Western,1.381298097,1.531554299,1.613699766,1.692954296,1.845046478,0.119266393,1.612078625,61870.36259,2005,0.501982592,97658.31324,11949.0224,0.250991296,9773,CBA
Caranx_ignobilis-Indian Ocean_Western,Caranx ignobilis,Giant trevally,Miscellaneous pelagic fishes,Indian Ocean Western,1.324335609,1.481161272,1.56099497,1.644036406,1.798241472,0.120818019,1.561536104,61870.36259,2006,0.501982592,97658.31324,11949.0224,0.250991296,9885,CBA
Caranx_ignobilis-Indian Ocean_Western,Caranx ignobilis,Giant trevally,Miscellaneous pelagic fishes,Indian Ocean Western,1.290791947,1.449000585,1.528855413,1.614417504,1.776560026,0.124516219,1.531108007,61870.36259,2007,0.501982592,97658.31324,11949.0224,0.250991296,9719,CBA
Caranx_ignobilis-Indian Ocean_Western,Caranx ignobilis,Giant trevally,Miscellaneous pelagic fishes,Indian Ocean Western,1.252488321,1.399497174,1.485783629,1.570133357,1.750117607,0.126300565,1.487371658,61870.36259,2008,0.501982592,97658.31324,11949.0224,0.250991296,10655,CBA
Caranx_ignobilis-Indian Ocean_Western,Caranx ignobilis,Giant trevally,Miscellaneous pelagic fishes,Indian Ocean Western,1.250710744,1.406177265,1.492377923,1.587509073,1.752796654,0.131193502,1.497584916,61870.36259,2009,0.501982592,97658.31324,11949.0224,0.250991296,8543,CBA
Caranx_ignobilis-Indian Ocean_Western,Caranx ignobilis,Giant trevally,Miscellaneous pelagic fishes,Indian Ocean Western,1.228254419,1.376041358,1.459590529,1.550536248,1.728679983,0.130218499,1.46654418,61870.36259,2010,0.501982592,97658.31324,11949.0224,0.250991296,10557,CBA
Caranx_ignobilis-Indian Ocean_Western,Caranx ignobilis,Giant trevally,Miscellaneous pelagic fishes,Indian Ocean Western,1.188505215,1.331413464,1.416987376,1.510973006,1.715655619,0.133552886,1.426116208,61870.36259,2011,0.501982592,97658.31324,11949.0224,0.250991296,11414,CBA
Caranx_ignobilis-Indian Ocean_Western,Caranx ignobilis,Giant trevally,Miscellaneous pelagic fishes,Indian Ocean Western,1.106575906,1.238279047,1.325673382,1.426143134,1.632203518,0.134515311,1.337170408,61870.36259,2012,0.501982592,97658.31324,11949.0224,0.250991296,14142,CBA
Caranx_ignobilis-Indian Ocean_Western,Caranx ignobilis,Giant trevally,Miscellaneous pelagic fishes,Indian Ocean Western,1.02446115,1.148018924,1.237225237,1.346395655,1.572797534,0.142770369,1.254535881,61870.36259,2013,0.501982592,97658.31324,11949.0224,0.250991296,14691,CBA
Caranx_ignobilis-Indian Ocean_Western,Caranx ignobilis,Giant trevally,Miscellaneous pelagic fishes,Indian Ocean Western,0.94101135,1.062159329,1.157436127,1.280105142,1.516038339,0.153034069,1.178550539,61870.36259,2014,0.501982592,97658.31324,11949.0224,0.250991296,14724,CBA
Caranx_ignobilis-Indian Ocean_Western,Caranx ignobilis,Giant trevally,Miscellaneous pelagic fishes,Indian Ocean Western,0.822000941,0.927449469,1.0377041,1.174492337,1.437847197,0.166116008,1.062996442,61870.36259,2015,0.501982592,97658.31324,11949.0224,0.250991296,16890,CBA
Caranx_ignobilis-Indian Ocean_Western,Caranx ignobilis,Giant trevally,Miscellaneous pelagic fishes,Indian Ocean Western,0.610020363,0.71286148,0.846406391,1.011028982,1.3042607,0.192295735,0.87603392,61870.36259,2016,0.501982592,97658.31324,11949.0224,0.250991296,20598,CBA
Centropomus_undecimalis-Atlantic_Western Central,Centropomus undecimalis,Common snook,Miscellaneous coastal fishes,Atlantic Western Central,0.975801065,1.216471246,1.404703847,1.595672094,1.867890247,0.245521691,1.409937779,32015.2384,1950,0.354908629,48916.91089,4162.878876,0.177454315,1000,CBA
Centropomus_undecimalis-Atlantic_Western Central,Centropomus undecimalis,Common snook,Miscellaneous coastal fishes,Atlantic Western Central,1.079293683,1.325580941,1.503086663,1.670692392,1.896173667,0.22249024,1.498218466,32015.2384,1951,0.354908629,48916.91089,4162.878876,0.177454315,1000,CBA
Centropomus_undecimalis-Atlantic_Western Central,Centropomus undecimalis,Common snook,Miscellaneous coastal fishes,Atlantic Western Central,1.178611071,1.426090924,1.583696557,1.725390148,1.910431112,0.20023092,1.570996473,32015.2384,1952,0.354908629,48916.91089,4162.878876,0.177454315,1000,CBA
Centropomus_undecimalis-Atlantic_Western Central,Centropomus undecimalis,Common snook,Miscellaneous coastal fishes,Atlantic Western Central,1.26746219,1.51926606,1.653027013,1.765126532,1.941709047,0.178511245,1.635235961,32015.2384,1953,0.354908629,48916.91089,4162.878876,0.177454315,800,CBA
Centropomus_undecimalis-Atlantic_Western Central,Centropomus undecimalis,Common snook,Miscellaneous coastal fishes,Atlantic Western Central,1.352853549,1.580165067,1.704133449,1.808644359,1.954825507,0.161221872,1.688067419,32015.2384,1954,0.354908629,48916.91089,4162.878876,0.177454315,700,CBA
Centropomus_undecimalis-Atlantic_Western Central,Centropomus undecimalis,Common snook,Miscellaneous coastal fishes,Atlantic Western Central,1.386420451,1.613459096,1.725005148,1.821048104,1.957042454,0.147803164,1.71032988,32015.2384,1955,0.354908629,48916.91089,4162.878876,0.177454315,1100,CBA
Centropomus_undecimalis-Atlantic_Western Central,Centropomus undecimalis,Common snook,Miscellaneous coastal fishes,Atlantic Western Central,1.448154786,1.664774265,1.763432992,1.850762808,1.964492255,0.135303178,1.748513494,32015.2384,1956,0.354908629,48916.91089,4162.878876,0.177454315,600,CBA
Centropomus_undecimalis-Atlantic_Western Central,Centropomus undecimalis,Common snook,Miscellaneous coastal fishes,Atlantic Western Central,1.485061623,1.695719908,1.784519517,1.865014379,1.974901434,0.125900575,1.772175576,32015.2384,1957,0.354908629,48916.91089,4162.878876,0.177454315,700,CBA
Centropomus_undecimalis-Atlantic_Western Central,Centropomus undecimalis,Common snook,Miscellaneous coastal fishes,Atlantic Western Central,1.52171682,1.71368453,1.792438864,1.872783362,1.978048784,0.117067681,1.78559412,32015.2384,1958,0.354908629,48916.91089,4162.878876,0.177454315,600,CBA
Centropomus_undecimalis-Atlantic_Western Central,Centropomus undecimalis,Common snook,Miscellaneous coastal fishes,Atlantic Western Central,1.555546034,1.722472971,1.804336276,1.883978386,1.975419925,0.111103536,1.796202743,32015.2384,1959,0.354908629,48916.91089,4162.878876,0.177454315,600,CBA
Centropomus_undecimalis-Atlantic_Western Central,Centropomus undecimalis,Common snook,Miscellaneous coastal fishes,Atlantic Western Central,1.552281325,1.730529278,1.811025037,1.879150237,1.983292353,0.109367037,1.799571593,32015.2384,1960,0.354908629,48916.91089,4162.878876,0.177454315,800,CBA
Centropomus_undecimalis-Atlantic_Western Central,Centropomus undecimalis,Common snook,Miscellaneous coastal fishes,Atlantic Western Central,1.579420754,1.739601984,1.817873666,1.889178708,1.978624059,0.104880314,1.809562649,32015.2384,1961,0.354908629,48916.91089,4162.878876,0.177454315,800,CBA
Centropomus_undecimalis-Atlantic_Western Central,Centropomus undecimalis,Common snook,Miscellaneous coastal fishes,Atlantic Western Central,1.59938866,1.748875858,1.825185915,1.894365966,1.983268023,0.103984116,1.815316107,32015.2384,1962,0.354908629,48916.91089,4162.878876,0.177454315,1000,CBA
Centropomus_undecimalis-Atlantic_Western Central,Centropomus undecimalis,Common snook,Miscellaneous coastal fishes,Atlantic Western Central,1.466065879,1.621729855,1.69586267,1.769068529,1.920929714,0.111939326,1.695060379,32015.2384,1963,0.354908629,48916.91089,4162.878876,0.177454315,4200,CBA
Centropomus_undecimalis-Atlantic_Western Central,Centropomus undecimalis,Common snook,Miscellaneous coastal fishes,Atlantic Western Central,1.400999761,1.55424039,1.635053196,1.711797908,1.866343091,0.118315691,1.634167022,32015.2384,1964,0.354908629,48916.91089,4162.878876,0.177454315,3700,CBA
Centropomus_undecimalis-Atlantic_Western Central,Centropomus undecimalis,Common snook,Miscellaneous coastal fishes,Atlantic Western Central,1.291207962,1.429108503,1.514533688,1.597370152,1.762581362,0.12468883,1.517610003,32015.2384,1965,0.354908629,48916.91089,4162.878876,0.177454315,5300,CBA
Centropomus_undecimalis-Atlantic_Western Central,Centropomus undecimalis,Common snook,Miscellaneous coastal fishes,Atlantic Western Central,1.221478187,1.376460826,1.455507574,1.548608541,1.713048632,0.125054509,1.463421004,32015.2384,1966,0.354908629,48916.91089,4162.878876,0.177454315,4400,CBA
Centropomus_undecimalis-Atlantic_Western Central,Centropomus undecimalis,Common snook,Miscellaneous coastal fishes,Atlantic Western Central,1.194493471,1.352740035,1.438661131,1.525432687,1.69313985,0.128692994,1.439886877,32015.2384,1967,0.354908629,48916.91089,4162.878876,0.177454315,3800,CBA
Centropomus_undecimalis-Atlantic_Western Central,Centropomus undecimalis,Common snook,Miscellaneous coastal fishes,Atlantic Western Central,1.141964985,1.319410505,1.405074576,1.501097164,1.679268033,0.134845169,1.409671932,32015.2384,1968,0.354908629,48916.91089,4162.878876,0.177454315,4200,CBA
Centropomus_undecimalis-Atlantic_Western Central,Centropomus undecimalis,Common snook,Miscellaneous coastal fishes,Atlantic Western Central,1.12904117,1.303917187,1.397843987,1.488123319,1.66702121,0.136311926,1.396463415,32015.2384,1969,0.354908629,48916.91089,4162.878876,0.177454315,3800,CBA
Centropomus_undecimalis-Atlantic_Western Central,Centropomus undecimalis,Common snook,Miscellaneous coastal fishes,Atlantic Western Central,1.115630123,1.290279431,1.388221101,1.483954758,1.641017703,0.139174962,1.386446248,32015.2384,1970,0.354908629,48916.91089,4162.878876,0.177454315,3800,CBA
Centropomus_undecimalis-Atlantic_Western Central,Centropomus undecimalis,Common snook,Miscellaneous coastal fishes,Atlantic Western Central,1.048464065,1.225374451,1.316102743,1.402619968,1.57663905,0.136972163,1.314217583,32015.2384,1971,0.354908629,48916.91089,4162.878876,0.177454315,5300,CBA
Centropomus_undecimalis-Atlantic_Western Central,Centropomus undecimalis,Common snook,Miscellaneous coastal fishes,Atlantic Western Central,1.042801193,1.227084664,1.322127474,1.411255575,1.584162781,0.138535771,1.317994164,32015.2384,1972,0.354908629,48916.91089,4162.878876,0.177454315,3700,CBA
Centropomus_undecimalis-Atlantic_Western Central,Centropomus undecimalis,Common snook,Miscellaneous coastal fishes,Atlantic Western Central,1.020628988,1.194863007,1.289465005,1.38582802,1.562017554,0.143309544,1.290480564,32015.2384,1973,0.354908629,48916.91089,4162.878876,0.177454315,4400,CBA
Centropomus_undecimalis-Atlantic_Western Central,Centropomus undecimalis,Common snook,Miscellaneous coastal fishes,Atlantic Western Central,1.034997119,1.219461485,1.316034075,1.418725438,1.622718253,0.148215704,1.320730537,32015.2384,1974,0.354908629,48916.91089,4162.878876,0.177454315,3108,CBA
Centropomus_undecimalis-Atlantic_Western Central,Centropomus undecimalis,Common snook,Miscellaneous coastal fishes,Atlantic Western Central,1.059614942,1.242067501,1.347521684,1.450744975,1.671615669,0.154776822,1.349861245,32015.2384,1975,0.354908629,48916.91089,4162.878876,0.177454315,3044,CBA
Centropomus_undecimalis-Atlantic_Western Central,Centropomus undecimalis,Common snook,Miscellaneous coastal fishes,Atlantic Western Central,1.091825942,1.285972264,1.385629674,1.493707719,1.677375836,0.151830588,1.384871165,32015.2384,1976,0.354908629,48916.91089,4162.878876,0.177454315,2807,CBA
Centropomus_undecimalis-Atlantic_Western Central,Centropomus undecimalis,Common snook,Miscellaneous coastal fishes,Atlantic Western Central,1.123197509,1.312788287,1.422277706,1.529669603,1.721399906,0.155599181,1.421285597,32015.2384,1977,0.354908629,48916.91089,4162.878876,0.177454315,2680,CBA
Centropomus_undecimalis-Atlantic_Western Central,Centropomus undecimalis,Common snook,Miscellaneous coastal fishes,Atlantic Western Central,1.160703649,1.352401835,1.468320718,1.575969702,1.763612716,0.157180395,1.46553569,32015.2384,1978,0.354908629,48916.91089,4162.878876,0.177454315,2417,CBA
Centropomus_undecimalis-Atlantic_Western Central,Centropomus undecimalis,Common snook,Miscellaneous coastal fishes,Atlantic Western Central,1.222732142,1.399930723,1.517101799,1.622331345,1.801913733,0.155874678,1.510081071,32015.2384,1979,0.354908629,48916.91089,4162.878876,0.177454315,2120,CBA
Centropomus_undecimalis-Atlantic_Western Central,Centropomus undecimalis,Common snook,Miscellaneous coastal fishes,Atlantic Western Central,1.219561533,1.403311511,1.512159493,1.612573925,1.793488776,0.147500825,1.506766207,32015.2384,1980,0.354908629,48916.91089,4162.878876,0.177454315,3210,CBA
Centropomus_undecimalis-Atlantic_Western Central,Centropomus undecimalis,Common snook,Miscellaneous coastal fishes,Atlantic Western Central,1.198567042,1.38252278,1.48172778,1.572101375,1.750418128,0.140430475,1.478356637,32015.2384,1981,0.354908629,48916.91089,4162.878876,0.177454315,3717,CBA
Centropomus_undecimalis-Atlantic_Western Central,Centropomus undecimalis,Common snook,Miscellaneous coastal fishes,Atlantic Western Central,1.189364443,1.37783002,1.467944762,1.55775537,1.733425863,0.136006307,1.469623685,32015.2384,1982,0.354908629,48916.91089,4162.878876,0.177454315,3453,CBA
Centropomus_undecimalis-Atlantic_Western Central,Centropomus undecimalis,Common snook,Miscellaneous coastal fishes,Atlantic Western Central,1.103042177,1.273854612,1.355467835,1.443731523,1.62252812,0.12973131,1.359153701,32015.2384,1983,0.354908629,48916.91089,4162.878876,0.177454315,5948,CBA
Centropomus_undecimalis-Atlantic_Western Central,Centropomus undecimalis,Common snook,Miscellaneous coastal fishes,Atlantic Western Central,1.075464099,1.244964471,1.327770343,1.416292091,1.581621192,0.130051576,1.32926349,32015.2384,1984,0.354908629,48916.91089,4162.878876,0.177454315,4436,CBA
Centropomus_undecimalis-Atlantic_Western Central,Centropomus undecimalis,Common snook,Miscellaneous coastal fishes,Atlantic Western Central,1.044403534,1.206306969,1.296559629,1.382779046,1.553334518,0.130896952,1.294869193,32015.2384,1985,0.354908629,48916.91089,4162.878876,0.177454315,4656,CBA
Centropomus_undecimalis-Atlantic_Western Central,Centropomus undecimalis,Common snook,Miscellaneous coastal fishes,Atlantic Western Central,1.032424837,1.204611312,1.294078991,1.384084999,1.549693675,0.131354663,1.294953705,32015.2384,1986,0.354908629,48916.91089,4162.878876,0.177454315,3918,CBA
Centropomus_undecimalis-Atlantic_Western Central,Centropomus undecimalis,Common snook,Miscellaneous coastal fishes,Atlantic Western Central,1.05602903,1.219295638,1.314536973,1.402381509,1.575763725,0.13404684,1.311861098,32015.2384,1987,0.354908629,48916.91089,4162.878876,0.177454315,3475,CBA
Centropomus_undecimalis-Atlantic_Western Central,Centropomus undecimalis,Common snook,Miscellaneous coastal fishes,Atlantic Western Central,1.076439862,1.238560708,1.332246348,1.432978174,1.602060154,0.137775548,1.336532805,32015.2384,1988,0.354908629,48916.91089,4162.878876,0.177454315,3294,CBA
Centropomus_undecimalis-Atlantic_Western Central,Centropomus undecimalis,Common snook,Miscellaneous coastal fishes,Atlantic Western Central,1.098069436,1.266397115,1.356399843,1.454719536,1.635473327,0.138947147,1.359943527,32015.2384,1989,0.354908629,48916.91089,4162.878876,0.177454315,3129,CBA
Centropomus_undecimalis-Atlantic_Western Central,Centropomus undecimalis,Common snook,Miscellaneous coastal fishes,Atlantic Western Central,1.155427269,1.31456175,1.411837914,1.520004891,1.70047066,0.142748372,1.417525537,32015.2384,1990,0.354908629,48916.91089,4162.878876,0.177454315,2391,CBA
Centropomus_undecimalis-Atlantic_Western Central,Centropomus undecimalis,Common snook,Miscellaneous coastal fishes,Atlantic Western Central,1.200629818,1.346848895,1.443026947,1.540314492,1.721657549,0.136540024,1.447437939,32015.2384,1991,0.354908629,48916.91089,4162.878876,0.177454315,2773,CBA
Centropomus_undecimalis-Atlantic_Western Central,Centropomus undecimalis,Common snook,Miscellaneous coastal fishes,Atlantic Western Central,1.157188403,1.308121792,1.386667589,1.472382382,1.645638019,0.12433621,1.391849094,32015.2384,1992,0.354908629,48916.91089,4162.878876,0.177454315,4588,CBA
Centropomus_undecimalis-Atlantic_Western Central,Centropomus undecimalis,Common snook,Miscellaneous coastal fishes,Atlantic Western Central,1.038583573,1.174680077,1.247893562,1.323146932,1.473700938,0.110514237,1.251619752,32015.2384,1993,0.354908629,48916.91089,4162.878876,0.177454315,6922,CBA
Centropomus_undecimalis-Atlantic_Western Central,Centropomus undecimalis,Common snook,Miscellaneous coastal fishes,Atlantic Western Central,0.942146288,1.06982012,1.132634159,1.204299359,1.350603277,0.104550102,1.13798596,32015.2384,1994,0.354908629,48916.91089,4162.878876,0.177454315,6659,CBA
Centropomus_undecimalis-Atlantic_Western Central,Centropomus undecimalis,Common snook,Miscellaneous coastal fishes,Atlantic Western Central,0.882238286,0.993984789,1.06026948,1.131703037,1.262179045,0.098839474,1.06375169,32015.2384,1995,0.354908629,48916.91089,4162.878876,0.177454315,5908,CBA
Centropomus_undecimalis-Atlantic_Western Central,Centropomus undecimalis,Common snook,Miscellaneous coastal fishes,Atlantic Western Central,0.851365818,0.952350463,1.015049752,1.083839282,1.21841203,0.094796341,1.021114346,32015.2384,1996,0.354908629,48916.91089,4162.878876,0.177454315,5132,CBA
Centropomus_undecimalis-Atlantic_Western Central,Centropomus undecimalis,Common snook,Miscellaneous coastal fishes,Atlantic Western Central,0.828037552,0.92793948,0.986724457,1.0524275,1.179297655,0.090397626,0.992793144,32015.2384,1997,0.354908629,48916.91089,4162.878876,0.177454315,4867,CBA
Centropomus_undecimalis-Atlantic_Western Central,Centropomus undecimalis,Common snook,Miscellaneous coastal fishes,Atlantic Western Central,0.805813272,0.899088152,0.954907514,1.012015061,1.136105395,0.085075065,0.958441199,32015.2384,1998,0.354908629,48916.91089,4162.878876,0.177454315,5012,CBA
Centropomus_undecimalis-Atlantic_Western Central,Centropomus undecimalis,Common snook,Miscellaneous coastal fishes,Atlantic Western Central,0.775278875,0.858904575,0.91427138,0.971246635,1.091166747,0.080808187,0.918466945,32015.2384,1999,0.354908629,48916.91089,4162.878876,0.177454315,5119,CBA
Centropomus_undecimalis-Atlantic_Western Central,Centropomus undecimalis,Common snook,Miscellaneous coastal fishes,Atlantic Western Central,0.748819502,0.826729323,0.873733462,0.928745843,1.039724802,0.075464509,0.880763231,32015.2384,2000,0.354908629,48916.91089,4162.878876,0.177454315,5034,CBA
Centropomus_undecimalis-Atlantic_Western Central,Centropomus undecimalis,Common snook,Miscellaneous coastal fishes,Atlantic Western Central,0.695302523,0.756155198,0.798587478,0.848593814,0.946796069,0.06692778,0.805309285,32015.2384,2001,0.354908629,48916.91089,4162.878876,0.177454315,5903,CBA
Centropomus_undecimalis-Atlantic_Western Central,Centropomus undecimalis,Common snook,Miscellaneous coastal fishes,Atlantic Western Central,0.571334368,0.622705703,0.656788704,0.69775598,0.771454515,0.052372708,0.661949222,32015.2384,2002,0.354908629,48916.91089,4162.878876,0.177454315,7388,CBA
Centropomus_undecimalis-Atlantic_Western Central,Centropomus undecimalis,Common snook,Miscellaneous coastal fishes,Atlantic Western Central,0.378934928,0.416803985,0.440774098,0.465314989,0.533266685,0.037842528,0.443180465,32015.2384,2003,0.354908629,48916.91089,4162.878876,0.177454315,8883,CBA
Centropomus_undecimalis-Atlantic_Western Central,Centropomus undecimalis,Common snook,Miscellaneous coastal fishes,Atlantic Western Central,0.181107018,0.215957762,0.244112728,0.277445426,0.354494105,0.045785164,0.250653146,32015.2384,2004,0.354908629,48916.91089,4162.878876,0.177454315,7425,CBA
Centropomus_undecimalis-Atlantic_Western Central,Centropomus undecimalis,Common snook,Miscellaneous coastal fishes,Atlantic Western Central,0.197898093,0.231181595,0.261385165,0.296815336,0.378517124,0.049021338,0.268589359,32015.2384,2005,0.354908629,48916.91089,4162.878876,0.177454315,1341,CBA
Centropomus_undecimalis-Atlantic_Western Central,Centropomus undecimalis,Common snook,Miscellaneous coastal fishes,Atlantic Western Central,0.193118516,0.229229532,0.260483233,0.301594111,0.396371929,0.054489623,0.269955117,32015.2384,2006,0.354908629,48916.91089,4162.878876,0.177454315,1841,CBA
Centropomus_undecimalis-Atlantic_Western Central,Centropomus undecimalis,Common snook,Miscellaneous coastal fishes,Atlantic Western Central,0.167244175,0.209753836,0.247338406,0.298635092,0.404076517,0.063063545,0.258834962,32015.2384,2007,0.354908629,48916.91089,4162.878876,0.177454315,2138,CBA
Centropomus_undecimalis-Atlantic_Western Central,Centropomus undecimalis,Common snook,Miscellaneous coastal fishes,Atlantic Western Central,0.168692614,0.214871255,0.258078046,0.318314925,0.433210609,0.072181182,0.271519791,32015.2384,2008,0.354908629,48916.91089,4162.878876,0.177454315,1495,CBA
Centropomus_undecimalis-Atlantic_Western Central,Centropomus undecimalis,Common snook,Miscellaneous coastal fishes,Atlantic Western Central,0.163549907,0.216831645,0.271180319,0.340538429,0.459865194,0.083220135,0.284872527,32015.2384,2009,0.354908629,48916.91089,4162.878876,0.177454315,1547,CBA
Centropomus_undecimalis-Atlantic_Western Central,Centropomus undecimalis,Common snook,Miscellaneous coastal fishes,Atlantic Western Central,0.187905078,0.250168515,0.314858592,0.390779086,0.520988372,0.093862579,0.326224352,32015.2384,2010,0.354908629,48916.91089,4162.878876,0.177454315,935,CBA
Centropomus_undecimalis-Atlantic_Western Central,Centropomus undecimalis,Common snook,Miscellaneous coastal fishes,Atlantic Western Central,0.204179414,0.276953226,0.356725573,0.442437164,0.582637176,0.107532236,0.366058559,32015.2384,2011,0.354908629,48916.91089,4162.878876,0.177454315,1223,CBA
Centropomus_undecimalis-Atlantic_Western Central,Centropomus undecimalis,Common snook,Miscellaneous coastal fishes,Atlantic Western Central,0.200557507,0.29413993,0.388649842,0.489475323,0.632432421,0.123438994,0.394657569,32015.2384,2012,0.354908629,48916.91089,4162.878876,0.177454315,1690,CBA
Centropomus_undecimalis-Atlantic_Western Central,Centropomus undecimalis,Common snook,Miscellaneous coastal fishes,Atlantic Western Central,0.184771971,0.300496348,0.417604107,0.529205298,0.676265022,0.141881624,0.417423438,32015.2384,2013,0.354908629,48916.91089,4162.878876,0.177454315,1970,CBA
Centropomus_undecimalis-Atlantic_Western Central,Centropomus undecimalis,Common snook,Miscellaneous coastal fishes,Atlantic Western Central,0.145526422,0.29352346,0.434090904,0.564785754,0.713178537,0.164529874,0.429144855,32015.2384,2014,0.354908629,48916.91089,4162.878876,0.177454315,2295,CBA
Centropomus_undecimalis-Atlantic_Western Central,Centropomus undecimalis,Common snook,Miscellaneous coastal fishes,Atlantic Western Central,0.128564635,0.321328698,0.49330222,0.644286523,0.787034387,0.193327526,0.47765535,32015.2384,2015,0.354908629,48916.91089,4162.878876,0.177454315,1489,CBA
Centropomus_undecimalis-Atlantic_Western Central,Centropomus undecimalis,Common snook,Miscellaneous coastal fishes,Atlantic Western Central,0.041575194,0.28510976,0.504501041,0.671351299,0.789508376,0.227052685,0.46900553,32015.2384,2016,0.354908629,48916.91089,4162.878876,0.177454315,3035,CBA
Cerastoderma_edule-Atlantic_Northeast,Cerastoderma edule,Common edible cockle,"Clams, cockles, arkshells",Atlantic Northeast,0.970110457,1.214244207,1.393803636,1.576016362,1.875992882,0.240525988,1.403569661,935593.1968,1950,0.313705424,1418763.503,109550.1035,0.156852712,27600,Domestic
Cerastoderma_edule-Atlantic_Northeast,Cerastoderma edule,Common edible cockle,"Clams, cockles, arkshells",Atlantic Northeast,1.066013412,1.327974538,1.498441105,1.650333689,1.898311223,0.230373942,1.487789215,935593.1968,1951,0.313705424,1418763.503,109550.1035,0.156852712,24200,Domestic
Cerastoderma_edule-Atlantic_Northeast,Cerastoderma edule,Common edible cockle,"Clams, cockles, arkshells",Atlantic Northeast,1.120372314,1.4074051,1.570063689,1.721574493,1.913793522,0.209392584,1.5560838,935593.1968,1952,0.313705424,1418763.503,109550.1035,0.156852712,27200,Domestic
Cerastoderma_edule-Atlantic_Northeast,Cerastoderma edule,Common edible cockle,"Clams, cockles, arkshells",Atlantic Northeast,1.20143138,1.47914088,1.62379083,1.729754386,1.914908053,0.184650681,1.597848172,935593.1968,1953,0.313705424,1418763.503,109550.1035,0.156852712,28600,Domestic
Cerastoderma_edule-Atlantic_Northeast,Cerastoderma edule,Common edible cockle,"Clams, cockles, arkshells",Atlantic Northeast,1.293863661,1.529260765,1.663857091,1.768175219,1.942394516,0.17264682,1.642400538,935593.1968,1954,0.313705424,1418763.503,109550.1035,0.156852712,35800,Domestic
Cerastoderma_edule-Atlantic_Northeast,Cerastoderma edule,Common edible cockle,"Clams, cockles, arkshells",Atlantic Northeast,1.375505945,1.575106059,1.691141265,1.796129972,1.950826216,0.154786239,1.68146691,935593.1968,1955,0.313705424,1418763.503,109550.1035,0.156852712,28200,Domestic
Cerastoderma_edule-Atlantic_Northeast,Cerastoderma edule,Common edible cockle,"Clams, cockles, arkshells",Atlantic Northeast,1.408722449,1.59885064,1.708648849,1.817392241,1.96444888,0.148466321,1.701404965,935593.1968,1956,0.313705424,1418763.503,109550.1035,0.156852712,27200,Domestic
Cerastoderma_edule-Atlantic_Northeast,Cerastoderma edule,Common edible cockle,"Clams, cockles, arkshells",Atlantic Northeast,1.425226098,1.632151088,1.730159186,1.820282298,1.963863379,0.137409982,1.723212563,935593.1968,1957,0.313705424,1418763.503,109550.1035,0.156852712,25600,Domestic
Cerastoderma_edule-Atlantic_Northeast,Cerastoderma edule,Common edible cockle,"Clams, cockles, arkshells",Atlantic Northeast,1.45143325,1.643148604,1.751818175,1.834562394,1.95332293,0.134346744,1.735049105,935593.1968,1958,0.313705424,1418763.503,109550.1035,0.156852712,28800,Domestic
Cerastoderma_edule-Atlantic_Northeast,Cerastoderma edule,Common edible cockle,"Clams, cockles, arkshells",Atlantic Northeast,1.48554033,1.67622359,1.768188897,1.848110381,1.980237073,0.123551486,1.757237007,935593.1968,1959,0.313705424,1418763.503,109550.1035,0.156852712,24000,Domestic
Cerastoderma_edule-Atlantic_Northeast,Cerastoderma edule,Common edible cockle,"Clams, cockles, arkshells",Atlantic Northeast,1.529994097,1.705638477,1.779462963,1.875423915,1.963538464,0.117877158,1.77826997,935593.1968,1960,0.313705424,1418763.503,109550.1035,0.156852712,27600,Domestic
Cerastoderma_edule-Atlantic_Northeast,Cerastoderma edule,Common edible cockle,"Clams, cockles, arkshells",Atlantic Northeast,1.550223436,1.697865409,1.780187169,1.856597251,1.966992269,0.114901725,1.77519225,935593.1968,1961,0.313705424,1418763.503,109550.1035,0.156852712,35600,Domestic
Cerastoderma_edule-Atlantic_Northeast,Cerastoderma edule,Common edible cockle,"Clams, cockles, arkshells",Atlantic Northeast,1.504141323,1.668679498,1.743105758,1.820062095,1.965412221,0.116994049,1.740433873,935593.1968,1962,0.313705424,1418763.503,109550.1035,0.156852712,62200,Domestic
Cerastoderma_edule-Atlantic_Northeast,Cerastoderma edule,Common edible cockle,"Clams, cockles, arkshells",Atlantic Northeast,1.499319381,1.667361329,1.748054342,1.833001243,1.962971469,0.117726387,1.746799524,935593.1968,1963,0.313705424,1418763.503,109550.1035,0.156852712,39000,Domestic
Cerastoderma_edule-Atlantic_Northeast,Cerastoderma edule,Common edible cockle,"Clams, cockles, arkshells",Atlantic Northeast,1.477405699,1.632947909,1.71482715,1.801939211,1.936820694,0.119984178,1.716008038,935593.1968,1964,0.313705424,1418763.503,109550.1035,0.156852712,60400,Domestic
Cerastoderma_edule-Atlantic_Northeast,Cerastoderma edule,Common edible cockle,"Clams, cockles, arkshells",Atlantic Northeast,1.439342735,1.611750082,1.701254768,1.787300402,1.949285044,0.129860605,1.702680229,935593.1968,1965,0.313705424,1418763.503,109550.1035,0.156852712,68400,Domestic
Cerastoderma_edule-Atlantic_Northeast,Cerastoderma edule,Common edible cockle,"Clams, cockles, arkshells",Atlantic Northeast,1.415101579,1.603388949,1.696451578,1.767770548,1.935406622,0.12802053,1.691270914,935593.1968,1966,0.313705424,1418763.503,109550.1035,0.156852712,65000,Domestic
Cerastoderma_edule-Atlantic_Northeast,Cerastoderma edule,Common edible cockle,"Clams, cockles, arkshells",Atlantic Northeast,1.420212671,1.577192959,1.671368832,1.769241139,1.919609904,0.131410355,1.670028734,935593.1968,1967,0.313705424,1418763.503,109550.1035,0.156852712,69200,Domestic
Cerastoderma_edule-Atlantic_Northeast,Cerastoderma edule,Common edible cockle,"Clams, cockles, arkshells",Atlantic Northeast,1.350727771,1.556397159,1.650551663,1.7513109,1.898429357,0.138097685,1.650107378,935593.1968,1968,0.313705424,1418763.503,109550.1035,0.156852712,67800,Domestic
Cerastoderma_edule-Atlantic_Northeast,Cerastoderma edule,Common edible cockle,"Clams, cockles, arkshells",Atlantic Northeast,1.398437134,1.567611546,1.643195357,1.732701907,1.903287817,0.12863032,1.647520978,935593.1968,1969,0.313705424,1418763.503,109550.1035,0.156852712,62000,Domestic
Cerastoderma_edule-Atlantic_Northeast,Cerastoderma edule,Common edible cockle,"Clams, cockles, arkshells",Atlantic Northeast,1.404628576,1.568106228,1.648485622,1.729915172,1.874754247,0.121739262,1.647384715,935593.1968,1970,0.313705424,1418763.503,109550.1035,0.156852712,66200,Domestic
Cerastoderma_edule-Atlantic_Northeast,Cerastoderma edule,Common edible cockle,"Clams, cockles, arkshells",Atlantic Northeast,1.414743159,1.557744733,1.640353954,1.734896956,1.90971636,0.126222989,1.648486825,935593.1968,1971,0.313705424,1418763.503,109550.1035,0.156852712,59800,Domestic
Cerastoderma_edule-Atlantic_Northeast,Cerastoderma edule,Common edible cockle,"Clams, cockles, arkshells",Atlantic Northeast,1.422783066,1.573278674,1.660286068,1.75618115,1.921670429,0.130591941,1.666204704,935593.1968,1972,0.313705424,1418763.503,109550.1035,0.156852712,54200,Domestic
Cerastoderma_edule-Atlantic_Northeast,Cerastoderma edule,Common edible cockle,"Clams, cockles, arkshells",Atlantic Northeast,1.432667623,1.57930034,1.66382438,1.751192712,1.926476488,0.130554706,1.665575401,935593.1968,1973,0.313705424,1418763.503,109550.1035,0.156852712,64200,Domestic
Cerastoderma_edule-Atlantic_Northeast,Cerastoderma edule,Common edible cockle,"Clams, cockles, arkshells",Atlantic Northeast,1.385024048,1.566206,1.64742287,1.745933002,1.895740312,0.130727372,1.652752019,935593.1968,1974,0.313705424,1418763.503,109550.1035,0.156852712,73198,Domestic
Cerastoderma_edule-Atlantic_Northeast,Cerastoderma edule,Common edible cockle,"Clams, cockles, arkshells",Atlantic Northeast,1.355965669,1.560730719,1.635423645,1.719450337,1.885077385,0.124238828,1.636954471,935593.1968,1975,0.313705424,1418763.503,109550.1035,0.156852712,76434,Domestic
Cerastoderma_edule-Atlantic_Northeast,Cerastoderma edule,Common edible cockle,"Clams, cockles, arkshells",Atlantic Northeast,1.392416918,1.549458355,1.64574533,1.720766378,1.887407249,0.128376176,1.637310443,935593.1968,1976,0.313705424,1418763.503,109550.1035,0.156852712,72222,Domestic
Cerastoderma_edule-Atlantic_Northeast,Cerastoderma edule,Common edible cockle,"Clams, cockles, arkshells",Atlantic Northeast,1.402799498,1.557596237,1.645509819,1.733238483,1.869434156,0.125834288,1.642612388,935593.1968,1977,0.313705424,1418763.503,109550.1035,0.156852712,66114,Domestic
Cerastoderma_edule-Atlantic_Northeast,Cerastoderma edule,Common edible cockle,"Clams, cockles, arkshells",Atlantic Northeast,1.420980533,1.567379776,1.662358278,1.756139442,1.906569721,0.129340557,1.659155339,935593.1968,1978,0.313705424,1418763.503,109550.1035,0.156852712,54376,Domestic
Cerastoderma_edule-Atlantic_Northeast,Cerastoderma edule,Common edible cockle,"Clams, cockles, arkshells",Atlantic Northeast,1.452648141,1.598138327,1.689494174,1.789393071,1.895756793,0.12488987,1.68682989,935593.1968,1979,0.313705424,1418763.503,109550.1035,0.156852712,45308,Domestic
Cerastoderma_edule-Atlantic_Northeast,Cerastoderma edule,Common edible cockle,"Clams, cockles, arkshells",Atlantic Northeast,1.426808052,1.6145448,1.690744976,1.776209625,1.92056697,0.124870342,1.694780991,935593.1968,1980,0.313705424,1418763.503,109550.1035,0.156852712,58076,Domestic
Cerastoderma_edule-Atlantic_Northeast,Cerastoderma edule,Common edible cockle,"Clams, cockles, arkshells",Atlantic Northeast,1.34919987,1.51595858,1.586866968,1.662794376,1.832791385,0.119004299,1.588965082,935593.1968,1981,0.313705424,1418763.503,109550.1035,0.156852712,138340,Domestic
Cerastoderma_edule-Atlantic_Northeast,Cerastoderma edule,Common edible cockle,"Clams, cockles, arkshells",Atlantic Northeast,1.304264565,1.468820941,1.549259471,1.623196433,1.79127023,0.120313625,1.545575725,935593.1968,1982,0.313705424,1418763.503,109550.1035,0.156852712,112020,Domestic
Cerastoderma_edule-Atlantic_Northeast,Cerastoderma edule,Common edible cockle,"Clams, cockles, arkshells",Atlantic Northeast,1.234617255,1.363484174,1.44870475,1.529487466,1.655529855,0.116436274,1.447169995,935593.1968,1983,0.313705424,1418763.503,109550.1035,0.156852712,154110,Domestic
Cerastoderma_edule-Atlantic_Northeast,Cerastoderma edule,Common edible cockle,"Clams, cockles, arkshells",Atlantic Northeast,1.154286279,1.293356136,1.372842587,1.444648447,1.572861229,0.108812928,1.367059785,935593.1968,1984,0.313705424,1418763.503,109550.1035,0.156852712,149978,Domestic
Cerastoderma_edule-Atlantic_Northeast,Cerastoderma edule,Common edible cockle,"Clams, cockles, arkshells",Atlantic Northeast,1.151901141,1.284059381,1.353258976,1.426443431,1.572662945,0.110154413,1.353669735,935593.1968,1985,0.313705424,1418763.503,109550.1035,0.156852712,113320,Domestic
Cerastoderma_edule-Atlantic_Northeast,Cerastoderma edule,Common edible cockle,"Clams, cockles, arkshells",Atlantic Northeast,1.127922436,1.242147,1.315112869,1.390404795,1.518947127,0.104705111,1.315631313,935593.1968,1986,0.313705424,1418763.503,109550.1035,0.156852712,132394,Domestic
Cerastoderma_edule-Atlantic_Northeast,Cerastoderma edule,Common edible cockle,"Clams, cockles, arkshells",Atlantic Northeast,0.975365417,1.106081746,1.162028657,1.22968876,1.354407472,0.096807399,1.165545689,935593.1968,1987,0.313705424,1418763.503,109550.1035,0.156852712,212988,Domestic
Cerastoderma_edule-Atlantic_Northeast,Cerastoderma edule,Common edible cockle,"Clams, cockles, arkshells",Atlantic Northeast,0.848766353,0.965211218,1.01884449,1.076048138,1.213065554,0.08729695,1.021238263,935593.1968,1988,0.313705424,1418763.503,109550.1035,0.156852712,212516,Domestic
Cerastoderma_edule-Atlantic_Northeast,Cerastoderma edule,Common edible cockle,"Clams, cockles, arkshells",Atlantic Northeast,0.737997009,0.833149202,0.87912061,0.935330018,1.033611358,0.078628869,0.884311558,935593.1968,1989,0.313705424,1418763.503,109550.1035,0.156852712,208758,Domestic
Cerastoderma_edule-Atlantic_Northeast,Cerastoderma edule,Common edible cockle,"Clams, cockles, arkshells",Atlantic Northeast,0.691514842,0.778642443,0.81552014,0.869800197,0.978523851,0.074341867,0.825891519,935593.1968,1990,0.313705424,1418763.503,109550.1035,0.156852712,152600,Domestic
Cerastoderma_edule-Atlantic_Northeast,Cerastoderma edule,Common edible cockle,"Clams, cockles, arkshells",Atlantic Northeast,0.663060733,0.734739596,0.771353286,0.813131202,0.91564012,0.065194661,0.775359311,935593.1968,1991,0.313705424,1418763.503,109550.1035,0.156852712,143952,Domestic
Cerastoderma_edule-Atlantic_Northeast,Cerastoderma edule,Common edible cockle,"Clams, cockles, arkshells",Atlantic Northeast,0.558709385,0.623676763,0.660151049,0.704933473,0.801123125,0.063197701,0.665237624,935593.1968,1992,0.313705424,1418763.503,109550.1035,0.156852712,183832,Domestic
Cerastoderma_edule-Atlantic_Northeast,Cerastoderma edule,Common edible cockle,"Clams, cockles, arkshells",Atlantic Northeast,0.502122252,0.561359466,0.592275591,0.634935539,0.726978913,0.058492438,0.600261422,935593.1968,1993,0.313705424,1418763.503,109550.1035,0.156852712,141878,Domestic
Cerastoderma_edule-Atlantic_Northeast,Cerastoderma edule,Common edible cockle,"Clams, cockles, arkshells",Atlantic Northeast,0.465690143,0.513349757,0.544346175,0.582801003,0.666022662,0.053061605,0.549902048,935593.1968,1994,0.313705424,1418763.503,109550.1035,0.156852712,127986,Domestic
Cerastoderma_edule-Atlantic_Northeast,Cerastoderma edule,Common edible cockle,"Clams, cockles, arkshells",Atlantic Northeast,0.414315007,0.459516505,0.490187733,0.525597141,0.589173134,0.050141499,0.494739241,935593.1968,1995,0.313705424,1418763.503,109550.1035,0.156852712,126014,Domestic
Cerastoderma_edule-Atlantic_Northeast,Cerastoderma edule,Common edible cockle,"Clams, cockles, arkshells",Atlantic Northeast,0.434416396,0.470146081,0.50050638,0.532105161,0.588506279,0.044589501,0.504266426,935593.1968,1996,0.313705424,1418763.503,109550.1035,0.156852712,74070,Domestic
Cerastoderma_edule-Atlantic_Northeast,Cerastoderma edule,Common edible cockle,"Clams, cockles, arkshells",Atlantic Northeast,0.443882374,0.485734443,0.510184787,0.536778746,0.589294073,0.037831875,0.513062839,935593.1968,1997,0.313705424,1418763.503,109550.1035,0.156852712,76126,Domestic
Cerastoderma_edule-Atlantic_Northeast,Cerastoderma edule,Common edible cockle,"Clams, cockles, arkshells",Atlantic Northeast,0.330187557,0.36145769,0.38343869,0.406855174,0.460151586,0.032242114,0.385899023,935593.1968,1998,0.313705424,1418763.503,109550.1035,0.156852712,173222,Domestic
Cerastoderma_edule-Atlantic_Northeast,Cerastoderma edule,Common edible cockle,"Clams, cockles, arkshells",Atlantic Northeast,0.234626566,0.260645073,0.278536648,0.298347671,0.354038038,0.030924783,0.28232769,935593.1968,1999,0.313705424,1418763.503,109550.1035,0.156852712,140504,Domestic
Cerastoderma_edule-Atlantic_Northeast,Cerastoderma edule,Common edible cockle,"Clams, cockles, arkshells",Atlantic Northeast,0.175993511,0.198895582,0.217205909,0.239801689,0.304872394,0.032979362,0.223169264,935593.1968,2000,0.313705424,1418763.503,109550.1035,0.156852712,94374,Domestic
Cerastoderma_edule-Atlantic_Northeast,Cerastoderma edule,Common edible cockle,"Clams, cockles, arkshells",Atlantic Northeast,0.169456518,0.192915584,0.210736057,0.231111889,0.293690479,0.032269844,0.215595917,935593.1968,2001,0.313705424,1418763.503,109550.1035,0.156852712,47318,Domestic
Cerastoderma_edule-Atlantic_Northeast,Cerastoderma edule,Common edible cockle,"Clams, cockles, arkshells",Atlantic Northeast,0.173476851,0.197168574,0.214872147,0.23755797,0.29705893,0.03342359,0.220975281,935593.1968,2002,0.313705424,1418763.503,109550.1035,0.156852712,37544,Domestic
Cerastoderma_edule-Atlantic_Northeast,Cerastoderma edule,Common edible cockle,"Clams, cockles, arkshells",Atlantic Northeast,0.147387758,0.171884507,0.189884876,0.213652824,0.282716465,0.035540958,0.197069593,935593.1968,2003,0.313705424,1418763.503,109550.1035,0.156852712,58374,Domestic
Cerastoderma_edule-Atlantic_Northeast,Cerastoderma edule,Common edible cockle,"Clams, cockles, arkshells",Atlantic Northeast,0.138862477,0.163501918,0.185803733,0.211139854,0.282534729,0.039001864,0.19254644,935593.1968,2004,0.313705424,1418763.503,109550.1035,0.156852712,40700,Domestic
Cerastoderma_edule-Atlantic_Northeast,Cerastoderma edule,Common edible cockle,"Clams, cockles, arkshells",Atlantic Northeast,0.131122598,0.159786582,0.18367348,0.211155612,0.296600907,0.042430611,0.191233872,935593.1968,2005,0.313705424,1418763.503,109550.1035,0.156852712,37218,Domestic
Cerastoderma_edule-Atlantic_Northeast,Cerastoderma edule,Common edible cockle,"Clams, cockles, arkshells",Atlantic Northeast,0.123920539,0.153763396,0.184373497,0.215519411,0.308297426,0.048809748,0.191216839,935593.1968,2006,0.313705424,1418763.503,109550.1035,0.156852712,36974,Domestic
Cerastoderma_edule-Atlantic_Northeast,Cerastoderma edule,Common edible cockle,"Clams, cockles, arkshells",Atlantic Northeast,0.118565754,0.152457459,0.188248962,0.226123697,0.32203394,0.055637816,0.195834313,935593.1968,2007,0.313705424,1418763.503,109550.1035,0.156852712,33372,Domestic
Cerastoderma_edule-Atlantic_Northeast,Cerastoderma edule,Common edible cockle,"Clams, cockles, arkshells",Atlantic Northeast,0.098579431,0.141170974,0.183139844,0.227909586,0.344185247,0.064350397,0.191809111,935593.1968,2008,0.313705424,1418763.503,109550.1035,0.156852712,39774,Domestic
Cerastoderma_edule-Atlantic_Northeast,Cerastoderma edule,Common edible cockle,"Clams, cockles, arkshells",Atlantic Northeast,0.100363997,0.149020403,0.200609674,0.257299739,0.374109903,0.074168911,0.21047175,935593.1968,2009,0.313705424,1418763.503,109550.1035,0.156852712,22728,Domestic
Cerastoderma_edule-Atlantic_Northeast,Cerastoderma edule,Common edible cockle,"Clams, cockles, arkshells",Atlantic Northeast,0.113030736,0.169198089,0.232960102,0.302242027,0.427794245,0.086880382,0.242064735,935593.1968,2010,0.313705424,1418763.503,109550.1035,0.156852712,17352,Domestic
Cerastoderma_edule-Atlantic_Northeast,Cerastoderma edule,Common edible cockle,"Clams, cockles, arkshells",Atlantic Northeast,0.120977565,0.186972929,0.275064535,0.348942917,0.477114419,0.101847986,0.276273453,935593.1968,2011,0.313705424,1418763.503,109550.1035,0.156852712,20608,Domestic
Cerastoderma_edule-Atlantic_Northeast,Cerastoderma edule,Common edible cockle,"Clams, cockles, arkshells",Atlantic Northeast,0.135868707,0.224799032,0.335262039,0.415565217,0.547508226,0.118631517,0.328368692,935593.1968,2012,0.313705424,1418763.503,109550.1035,0.156852712,13196,Domestic
Cerastoderma_edule-Atlantic_Northeast,Cerastoderma edule,Common edible cockle,"Clams, cockles, arkshells",Atlantic Northeast,0.124405412,0.232265059,0.364641536,0.468731436,0.595762152,0.139640052,0.357277204,935593.1968,2013,0.313705424,1418763.503,109550.1035,0.156852712,37508,Domestic
Cerastoderma_edule-Atlantic_Northeast,Cerastoderma edule,Common edible cockle,"Clams, cockles, arkshells",Atlantic Northeast,0.105267727,0.244480531,0.403519357,0.524458087,0.660118863,0.164534539,0.387444042,935593.1968,2014,0.313705424,1418763.503,109550.1035,0.156852712,39338,Domestic
Cerastoderma_edule-Atlantic_Northeast,Cerastoderma edule,Common edible cockle,"Clams, cockles, arkshells",Atlantic Northeast,0.060799369,0.254019219,0.434550485,0.576530466,0.695784763,0.193463032,0.405488504,935593.1968,2015,0.313705424,1418763.503,109550.1035,0.156852712,52250,Domestic
Cerastoderma_edule-Atlantic_Northeast,Cerastoderma edule,Common edible cockle,"Clams, cockles, arkshells",Atlantic Northeast,0.039015585,0.268062827,0.493908512,0.65837723,0.786441152,0.227680982,0.456875702,935593.1968,2016,0.313705424,1418763.503,109550.1035,0.156852712,29298,Domestic
Chamelea_gallina-Atlantic_Northeast,Chamelea gallina,Striped venus,"Clams, cockles, arkshells",Atlantic Northeast,1.149624915,1.444492773,1.601167852,1.752857542,1.951313778,0.211082166,1.59146396,66937.84587,1957,0.245762658,89667.27901,5500.068007,0.122881329,100,CBA
Chamelea_gallina-Atlantic_Northeast,Chamelea gallina,Striped venus,"Clams, cockles, arkshells",Atlantic Northeast,1.274376729,1.534906954,1.674035621,1.795605418,1.939691676,0.180722279,1.65478389,66937.84587,1960,0.245762658,89667.27901,5500.068007,0.122881329,900,CBA
Chamelea_gallina-Atlantic_Northeast,Chamelea gallina,Striped venus,"Clams, cockles, arkshells",Atlantic Northeast,1.387932055,1.636059035,1.749338199,1.85397933,1.972248756,0.154536973,1.732246456,66937.84587,1961,0.245762658,89667.27901,5500.068007,0.122881329,100,CBA
Chamelea_gallina-Atlantic_Northeast,Chamelea gallina,Striped venus,"Clams, cockles, arkshells",Atlantic Northeast,1.435884869,1.631844965,1.754294373,1.841273599,1.975174122,0.142874083,1.734907534,66937.84587,1962,0.245762658,89667.27901,5500.068007,0.122881329,3500,CBA
Chamelea_gallina-Atlantic_Northeast,Chamelea gallina,Striped venus,"Clams, cockles, arkshells",Atlantic Northeast,1.431195863,1.616788118,1.711362409,1.784791077,1.93548677,0.130357406,1.698456026,66937.84587,1963,0.245762658,89667.27901,5500.068007,0.122881329,5500,CBA
Chamelea_gallina-Atlantic_Northeast,Chamelea gallina,Striped venus,"Clams, cockles, arkshells",Atlantic Northeast,1.440706812,1.618110303,1.696346059,1.76665382,1.933573792,0.12166942,1.692118396,66937.84587,1964,0.245762658,89667.27901,5500.068007,0.122881329,4900,CBA
Chamelea_gallina-Atlantic_Northeast,Chamelea gallina,Striped venus,"Clams, cockles, arkshells",Atlantic Northeast,1.3863383,1.537391367,1.61780189,1.698001171,1.870376888,0.118728638,1.61799622,66937.84587,1965,0.245762658,89667.27901,5500.068007,0.122881329,8100,CBA
Chamelea_gallina-Atlantic_Northeast,Chamelea gallina,Striped venus,"Clams, cockles, arkshells",Atlantic Northeast,1.223782069,1.343788494,1.418580171,1.481850678,1.626275551,0.102026537,1.416618668,66937.84587,1966,0.245762658,89667.27901,5500.068007,0.122881329,13800,CBA
Chamelea_gallina-Atlantic_Northeast,Chamelea gallina,Striped venus,"Clams, cockles, arkshells",Atlantic Northeast,0.995493766,1.07902685,1.132563358,1.190718872,1.296359408,0.078395876,1.136685202,66937.84587,1967,0.245762658,89667.27901,5500.068007,0.122881329,18100,CBA
Chamelea_gallina-Atlantic_Northeast,Chamelea gallina,Striped venus,"Clams, cockles, arkshells",Atlantic Northeast,0.702055974,0.778404967,0.818933019,0.858734063,0.93836674,0.060649428,0.819479378,66937.84587,1968,0.245762658,89667.27901,5500.068007,0.122881329,20100,CBA
Chamelea_gallina-Atlantic_Northeast,Chamelea gallina,Striped venus,"Clams, cockles, arkshells",Atlantic Northeast,0.484372326,0.528336291,0.561893471,0.596316829,0.664991822,0.048999748,0.564520505,66937.84587,1969,0.245762658,89667.27901,5500.068007,0.122881329,16900,CBA
Chamelea_gallina-Atlantic_Northeast,Chamelea gallina,Striped venus,"Clams, cockles, arkshells",Atlantic Northeast,0.338559162,0.375357639,0.399255759,0.432651115,0.496368012,0.042966992,0.404692015,66937.84587,1970,0.245762658,89667.27901,5500.068007,0.122881329,11700,CBA
Chamelea_gallina-Atlantic_Northeast,Chamelea gallina,Striped venus,"Clams, cockles, arkshells",Atlantic Northeast,0.153803362,0.192815751,0.214943206,0.246974403,0.311257802,0.041070934,0.221288855,66937.84587,1971,0.245762658,89667.27901,5500.068007,0.122881329,11700,CBA
Chamelea_gallina-Atlantic_Northeast,Chamelea gallina,Striped venus,"Clams, cockles, arkshells",Atlantic Northeast,0.126378483,0.163760098,0.189660452,0.222535746,0.293642374,0.044086856,0.195421514,66937.84587,1972,0.245762658,89667.27901,5500.068007,0.122881329,3300,CBA
Chamelea_gallina-Atlantic_Northeast,Chamelea gallina,Striped venus,"Clams, cockles, arkshells",Atlantic Northeast,0.156044893,0.195297814,0.225012996,0.259537379,0.329348572,0.047575039,0.230092891,66937.84587,1973,0.245762658,89667.27901,5500.068007,0.122881329,300,CBA
Chamelea_gallina-Atlantic_Northeast,Chamelea gallina,Striped venus,"Clams, cockles, arkshells",Atlantic Northeast,0.173702843,0.215089745,0.246171762,0.281497477,0.358063126,0.05101298,0.251907535,66937.84587,1974,0.245762658,89667.27901,5500.068007,0.122881329,1200,CBA
Chamelea_gallina-Atlantic_Northeast,Chamelea gallina,Striped venus,"Clams, cockles, arkshells",Atlantic Northeast,0.217509431,0.26429755,0.298063013,0.331971618,0.41937305,0.053509584,0.302658083,66937.84587,1975,0.245762658,89667.27901,5500.068007,0.122881329,113,CBA
Chamelea_gallina-Atlantic_Northeast,Chamelea gallina,Striped venus,"Clams, cockles, arkshells",Atlantic Northeast,0.267494988,0.31135107,0.341542043,0.380763287,0.457085746,0.053684071,0.349128217,66937.84587,1977,0.245762658,89667.27901,5500.068007,0.122881329,641,CBA
Chamelea_gallina-Atlantic_Northeast,Chamelea gallina,Striped venus,"Clams, cockles, arkshells",Atlantic Northeast,0.246041159,0.283177384,0.316638491,0.350177295,0.437093109,0.052696537,0.321982921,66937.84587,1978,0.245762658,89667.27901,5500.068007,0.122881329,4280,CBA
Chamelea_gallina-Atlantic_Northeast,Chamelea gallina,Striped venus,"Clams, cockles, arkshells",Atlantic Northeast,0.233661172,0.271975844,0.301736382,0.338135208,0.421919144,0.051914151,0.309212141,66937.84587,1979,0.245762658,89667.27901,5500.068007,0.122881329,3457,CBA
Chamelea_gallina-Atlantic_Northeast,Chamelea gallina,Striped venus,"Clams, cockles, arkshells",Atlantic Northeast,0.195335632,0.230353097,0.259345721,0.292070661,0.381084133,0.052158704,0.266483148,66937.84587,1980,0.245762658,89667.27901,5500.068007,0.122881329,4648,CBA
Chamelea_gallina-Atlantic_Northeast,Chamelea gallina,Striped venus,"Clams, cockles, arkshells",Atlantic Northeast,0.170200644,0.20312256,0.231820669,0.26636553,0.368281531,0.054388838,0.24113937,66937.84587,1981,0.245762658,89667.27901,5500.068007,0.122881329,3606,CBA
Chamelea_gallina-Atlantic_Northeast,Chamelea gallina,Striped venus,"Clams, cockles, arkshells",Atlantic Northeast,0.140334255,0.172368411,0.202229702,0.23654985,0.34272045,0.057398921,0.212450617,66937.84587,1982,0.245762658,89667.27901,5500.068007,0.122881329,3509,CBA
Chamelea_gallina-Atlantic_Northeast,Chamelea gallina,Striped venus,"Clams, cockles, arkshells",Atlantic Northeast,0.113972302,0.149189235,0.180871994,0.220004256,0.333702961,0.062901325,0.190695689,66937.84587,1983,0.245762658,89667.27901,5500.068007,0.122881329,2986,CBA
Chamelea_gallina-Atlantic_Northeast,Chamelea gallina,Striped venus,"Clams, cockles, arkshells",Atlantic Northeast,0.128944531,0.169909078,0.203323421,0.250223065,0.3629128,0.068585834,0.215663862,66937.84587,1984,0.245762658,89667.27901,5500.068007,0.122881329,695,CBA
Chamelea_gallina-Atlantic_Northeast,Chamelea gallina,Striped venus,"Clams, cockles, arkshells",Atlantic Northeast,0.139124394,0.179590186,0.216138614,0.265509303,0.386301585,0.072994102,0.230096657,66937.84587,1985,0.245762658,89667.27901,5500.068007,0.122881329,1338,CBA
Chamelea_gallina-Atlantic_Northeast,Chamelea gallina,Striped venus,"Clams, cockles, arkshells",Atlantic Northeast,0.137150758,0.179541442,0.220429557,0.274402626,0.412623301,0.079870485,0.235867278,66937.84587,1986,0.245762658,89667.27901,5500.068007,0.122881329,1874,CBA
Chamelea_gallina-Atlantic_Northeast,Chamelea gallina,Striped venus,"Clams, cockles, arkshells",Atlantic Northeast,0.130146539,0.174459013,0.222291975,0.279452344,0.430569524,0.087185833,0.23635896,66937.84587,1987,0.245762658,89667.27901,5500.068007,0.122881329,2120,CBA
Chamelea_gallina-Atlantic_Northeast,Chamelea gallina,Striped venus,"Clams, cockles, arkshells",Atlantic Northeast,0.132358198,0.185244724,0.236748184,0.300046943,0.453056723,0.09415927,0.252127898,66937.84587,1988,0.245762658,89667.27901,5500.068007,0.122881329,1434,CBA
Chamelea_gallina-Atlantic_Northeast,Chamelea gallina,Striped venus,"Clams, cockles, arkshells",Atlantic Northeast,0.139981681,0.197061635,0.254124055,0.323044384,0.482406651,0.103132813,0.271156627,66937.84587,1989,0.245762658,89667.27901,5500.068007,0.122881329,1421,CBA
Chamelea_gallina-Atlantic_Northeast,Chamelea gallina,Striped venus,"Clams, cockles, arkshells",Atlantic Northeast,0.155097758,0.217375796,0.280316946,0.352682482,0.542719989,0.111420968,0.298007812,66937.84587,1990,0.245762658,89667.27901,5500.068007,0.122881329,1171,CBA
Chamelea_gallina-Atlantic_Northeast,Chamelea gallina,Striped venus,"Clams, cockles, arkshells",Atlantic Northeast,0.170249378,0.238911772,0.306000137,0.395118496,0.588220644,0.120933351,0.328317955,66937.84587,1991,0.245762658,89667.27901,5500.068007,0.122881329,1245,CBA
Chamelea_gallina-Atlantic_Northeast,Chamelea gallina,Striped venus,"Clams, cockles, arkshells",Atlantic Northeast,0.189733019,0.268702439,0.347930646,0.434390506,0.631166436,0.130410235,0.367242558,66937.84587,1992,0.245762658,89667.27901,5500.068007,0.122881329,1059,CBA
Chamelea_gallina-Atlantic_Northeast,Chamelea gallina,Striped venus,"Clams, cockles, arkshells",Atlantic Northeast,0.231584351,0.318972736,0.396477219,0.495180773,0.709452112,0.135266407,0.419146956,66937.84587,1993,0.245762658,89667.27901,5500.068007,0.122881329,637,CBA
Chamelea_gallina-Atlantic_Northeast,Chamelea gallina,Striped venus,"Clams, cockles, arkshells",Atlantic Northeast,0.280155195,0.373304606,0.460594846,0.55607742,0.79727091,0.142259806,0.479860472,66937.84587,1994,0.245762658,89667.27901,5500.068007,0.122881329,627,CBA
Chamelea_gallina-Atlantic_Northeast,Chamelea gallina,Striped venus,"Clams, cockles, arkshells",Atlantic Northeast,0.33951954,0.440311211,0.530896645,0.621977289,0.882233146,0.1454876,0.547056716,66937.84587,1995,0.245762658,89667.27901,5500.068007,0.122881329,665,CBA
Chamelea_gallina-Atlantic_Northeast,Chamelea gallina,Striped venus,"Clams, cockles, arkshells",Atlantic Northeast,0.368524369,0.476783862,0.562674192,0.666409796,0.916086198,0.143056136,0.581792058,66937.84587,1996,0.245762658,89667.27901,5500.068007,0.122881329,2441,CBA
Chamelea_gallina-Atlantic_Northeast,Chamelea gallina,Striped venus,"Clams, cockles, arkshells",Atlantic Northeast,0.408309773,0.515554216,0.60012951,0.689791119,0.912437732,0.139384415,0.617609561,66937.84587,1997,0.245762658,89667.27901,5500.068007,0.122881329,2555,CBA
Chamelea_gallina-Atlantic_Northeast,Chamelea gallina,Striped venus,"Clams, cockles, arkshells",Atlantic Northeast,0.420760562,0.528402094,0.601264359,0.696991875,0.941362041,0.135292562,0.623637653,66937.84587,1998,0.245762658,89667.27901,5500.068007,0.122881329,3987,CBA
Chamelea_gallina-Atlantic_Northeast,Chamelea gallina,Striped venus,"Clams, cockles, arkshells",Atlantic Northeast,0.425610134,0.538098495,0.613727779,0.697660938,0.93072537,0.132849497,0.628996989,66937.84587,1999,0.245762658,89667.27901,5500.068007,0.122881329,4184,CBA
Chamelea_gallina-Atlantic_Northeast,Chamelea gallina,Striped venus,"Clams, cockles, arkshells",Atlantic Northeast,0.417429059,0.521096304,0.590867926,0.677755531,0.894501559,0.127387201,0.610125854,66937.84587,2000,0.245762658,89667.27901,5500.068007,0.122881329,5242,CBA
Chamelea_gallina-Atlantic_Northeast,Chamelea gallina,Striped venus,"Clams, cockles, arkshells",Atlantic Northeast,0.394187461,0.495190633,0.565627075,0.648114196,0.859990758,0.122731691,0.582961807,66937.84587,2001,0.245762658,89667.27901,5500.068007,0.122881329,5556,CBA
Chamelea_gallina-Atlantic_Northeast,Chamelea gallina,Striped venus,"Clams, cockles, arkshells",Atlantic Northeast,0.393900178,0.487969882,0.559588014,0.646868184,0.858343247,0.123163248,0.578123538,66937.84587,2002,0.245762658,89667.27901,5500.068007,0.122881329,4443,CBA
Chamelea_gallina-Atlantic_Northeast,Chamelea gallina,Striped venus,"Clams, cockles, arkshells",Atlantic Northeast,0.405226366,0.493061462,0.560550279,0.646183793,0.857885281,0.119095841,0.58050867,66937.84587,2003,0.245762658,89667.27901,5500.068007,0.122881329,4174,CBA
Chamelea_gallina-Atlantic_Northeast,Chamelea gallina,Striped venus,"Clams, cockles, arkshells",Atlantic Northeast,0.393936962,0.481620957,0.553493533,0.638375845,0.839284854,0.118238447,0.569122995,66937.84587,2004,0.245762658,89667.27901,5500.068007,0.122881329,4725,CBA
Chamelea_gallina-Atlantic_Northeast,Chamelea gallina,Striped venus,"Clams, cockles, arkshells",Atlantic Northeast,0.368606453,0.446566671,0.517213826,0.600210816,0.827036442,0.120951804,0.535790279,66937.84587,2005,0.245762658,89667.27901,5500.068007,0.122881329,5795,CBA
Chamelea_gallina-Atlantic_Northeast,Chamelea gallina,Striped venus,"Clams, cockles, arkshells",Atlantic Northeast,0.336074118,0.413073456,0.496278447,0.576119159,0.800779493,0.123662299,0.509525299,66937.84587,2006,0.245762658,89667.27901,5500.068007,0.122881329,5251,CBA
Chamelea_gallina-Atlantic_Northeast,Chamelea gallina,Striped venus,"Clams, cockles, arkshells",Atlantic Northeast,0.320418444,0.394529288,0.479216697,0.564374991,0.794911218,0.126498776,0.494106019,66937.84587,2007,0.245762658,89667.27901,5500.068007,0.122881329,4574,CBA
Chamelea_gallina-Atlantic_Northeast,Chamelea gallina,Striped venus,"Clams, cockles, arkshells",Atlantic Northeast,0.306737868,0.399476819,0.483479939,0.568657769,0.79499158,0.132250652,0.49657097,66937.84587,2008,0.245762658,89667.27901,5500.068007,0.122881329,3716,CBA
Chamelea_gallina-Atlantic_Northeast,Chamelea gallina,Striped venus,"Clams, cockles, arkshells",Atlantic Northeast,0.291114019,0.388194635,0.483750992,0.57529023,0.826617559,0.136614003,0.493550864,66937.84587,2009,0.245762658,89667.27901,5500.068007,0.122881329,3927,CBA
Chamelea_gallina-Atlantic_Northeast,Chamelea gallina,Striped venus,"Clams, cockles, arkshells",Atlantic Northeast,0.288790535,0.398376554,0.50971191,0.598712898,0.82789355,0.143499984,0.511950086,66937.84587,2010,0.245762658,89667.27901,5500.068007,0.122881329,2989,CBA
Chamelea_gallina-Atlantic_Northeast,Chamelea gallina,Striped venus,"Clams, cockles, arkshells",Atlantic Northeast,0.312984448,0.437769639,0.552133958,0.649141264,0.868724719,0.148625119,0.555316088,66937.84587,2011,0.245762658,89667.27901,5500.068007,0.122881329,1869,CBA
Chamelea_gallina-Atlantic_Northeast,Chamelea gallina,Striped venus,"Clams, cockles, arkshells",Atlantic Northeast,0.300205316,0.456432524,0.570380144,0.675903304,0.890207273,0.154987598,0.570115715,66937.84587,2012,0.245762658,89667.27901,5500.068007,0.122881329,3436,CBA
Chamelea_gallina-Atlantic_Northeast,Chamelea gallina,Striped venus,"Clams, cockles, arkshells",Atlantic Northeast,0.254233555,0.437909866,0.561003894,0.67467095,0.854506993,0.164404098,0.556472511,66937.84587,2013,0.245762658,89667.27901,5500.068007,0.122881329,4760,CBA
Chamelea_gallina-Atlantic_Northeast,Chamelea gallina,Striped venus,"Clams, cockles, arkshells",Atlantic Northeast,0.191209547,0.402513819,0.54460758,0.671286392,0.814897234,0.174810691,0.531716453,66937.84587,2014,0.245762658,89667.27901,5500.068007,0.122881329,5123,CBA
Chamelea_gallina-Atlantic_Northeast,Chamelea gallina,Striped venus,"Clams, cockles, arkshells",Atlantic Northeast,0.118708144,0.370813775,0.527476555,0.660734805,0.800456148,0.191248369,0.503581474,66937.84587,2015,0.245762658,89667.27901,5500.068007,0.122881329,5244,CBA
Chamelea_gallina-Atlantic_Northeast,Chamelea gallina,Striped venus,"Clams, cockles, arkshells",Atlantic Northeast,0.066770053,0.361469386,0.532898888,0.679489028,0.786889086,0.209577554,0.502333253,66937.84587,2016,0.245762658,89667.27901,5500.068007,0.122881329,3685,CBA
Chamelea_gallina-Mediterranean and Black Sea,Chamelea gallina,Striped venus,"Clams, cockles, arkshells",Mediterranean and Black Sea,1.025299259,1.24163261,1.412077183,1.594370864,1.878702301,0.23128726,1.423075256,291755.7035,1950,0.406157245,459669.6662,43714.1187,0.203078622,3100,CBA
Chamelea_gallina-Mediterranean and Black Sea,Chamelea gallina,Striped venus,"Clams, cockles, arkshells",Mediterranean and Black Sea,1.146288292,1.393118074,1.557207589,1.716186234,1.934307424,0.213768288,1.550657747,291755.7035,1951,0.406157245,459669.6662,43714.1187,0.203078622,3200,CBA
Chamelea_gallina-Mediterranean and Black Sea,Chamelea gallina,Striped venus,"Clams, cockles, arkshells",Mediterranean and Black Sea,1.264858186,1.510760817,1.666352702,1.798422877,1.961837896,0.190818179,1.648017361,291755.7035,1952,0.406157245,459669.6662,43714.1187,0.203078622,3200,CBA
Chamelea_gallina-Mediterranean and Black Sea,Chamelea gallina,Striped venus,"Clams, cockles, arkshells",Mediterranean and Black Sea,1.339612611,1.600671746,1.73749164,1.838581739,1.969985226,0.166207427,1.711473691,291755.7035,1953,0.406157245,459669.6662,43714.1187,0.203078622,3300,CBA
Chamelea_gallina-Mediterranean and Black Sea,Chamelea gallina,Striped venus,"Clams, cockles, arkshells",Mediterranean and Black Sea,1.41922391,1.664271741,1.773702696,1.861063826,1.973584169,0.145293541,1.753521988,291755.7035,1954,0.406157245,459669.6662,43714.1187,0.203078622,4200,CBA
Chamelea_gallina-Mediterranean and Black Sea,Chamelea gallina,Striped venus,"Clams, cockles, arkshells",Mediterranean and Black Sea,1.473131815,1.698342677,1.795944663,1.872822975,1.976235293,0.127234522,1.778727601,291755.7035,1955,0.406157245,459669.6662,43714.1187,0.203078622,4900,CBA
Chamelea_gallina-Mediterranean and Black Sea,Chamelea gallina,Striped venus,"Clams, cockles, arkshells",Mediterranean and Black Sea,1.541246028,1.726735464,1.810492169,1.88522454,1.979380011,0.116665483,1.797222263,291755.7035,1956,0.406157245,459669.6662,43714.1187,0.203078622,4700,CBA
Chamelea_gallina-Mediterranean and Black Sea,Chamelea gallina,Striped venus,"Clams, cockles, arkshells",Mediterranean and Black Sea,1.562100465,1.741192191,1.818776773,1.892410708,1.98269823,0.111659858,1.808938301,291755.7035,1957,0.406157245,459669.6662,43714.1187,0.203078622,4900,CBA
Chamelea_gallina-Mediterranean and Black Sea,Chamelea gallina,Striped venus,"Clams, cockles, arkshells",Mediterranean and Black Sea,1.582202653,1.754578281,1.829445192,1.897165104,1.983943427,0.10384967,1.819285833,291755.7035,1958,0.406157245,459669.6662,43714.1187,0.203078622,3800,CBA
Chamelea_gallina-Mediterranean and Black Sea,Chamelea gallina,Striped venus,"Clams, cockles, arkshells",Mediterranean and Black Sea,1.601180841,1.756819563,1.830138628,1.900537579,1.983118879,0.101313923,1.822385418,291755.7035,1959,0.406157245,459669.6662,43714.1187,0.203078622,4700,CBA
Chamelea_gallina-Mediterranean and Black Sea,Chamelea gallina,Striped venus,"Clams, cockles, arkshells",Mediterranean and Black Sea,1.617484599,1.762989553,1.839693742,1.903223011,1.982867763,0.098840184,1.827543765,291755.7035,1960,0.406157245,459669.6662,43714.1187,0.203078622,4400,CBA
Chamelea_gallina-Mediterranean and Black Sea,Chamelea gallina,Striped venus,"Clams, cockles, arkshells",Mediterranean and Black Sea,1.623348215,1.764413657,1.834992494,1.899756203,1.985785124,0.096073787,1.827236269,291755.7035,1961,0.406157245,459669.6662,43714.1187,0.203078622,5800,CBA
Chamelea_gallina-Mediterranean and Black Sea,Chamelea gallina,Striped venus,"Clams, cockles, arkshells",Mediterranean and Black Sea,1.632755636,1.765230314,1.834210868,1.904383845,1.984683803,0.094954834,1.829552204,291755.7035,1962,0.406157245,459669.6662,43714.1187,0.203078622,5400,CBA
Chamelea_gallina-Mediterranean and Black Sea,Chamelea gallina,Striped venus,"Clams, cockles, arkshells",Mediterranean and Black Sea,1.63625444,1.777065897,1.844228401,1.908495378,1.987667636,0.093573123,1.837236351,291755.7035,1963,0.406157245,459669.6662,43714.1187,0.203078622,5200,CBA
Chamelea_gallina-Mediterranean and Black Sea,Chamelea gallina,Striped venus,"Clams, cockles, arkshells",Mediterranean and Black Sea,1.625479916,1.768754246,1.837498692,1.898049412,1.98046279,0.094097027,1.828653889,291755.7035,1964,0.406157245,459669.6662,43714.1187,0.203078622,8800,CBA
Chamelea_gallina-Mediterranean and Black Sea,Chamelea gallina,Striped venus,"Clams, cockles, arkshells",Mediterranean and Black Sea,1.617566063,1.75092925,1.821364265,1.890444813,1.980083182,0.096669005,1.816648837,291755.7035,1965,0.406157245,459669.6662,43714.1187,0.203078622,9500,CBA
Chamelea_gallina-Mediterranean and Black Sea,Chamelea gallina,Striped venus,"Clams, cockles, arkshells",Mediterranean and Black Sea,1.598026038,1.743271856,1.82066896,1.890665471,1.983873266,0.101678564,1.81306792,291755.7035,1966,0.406157245,459669.6662,43714.1187,0.203078622,9300,CBA
Chamelea_gallina-Mediterranean and Black Sea,Chamelea gallina,Striped venus,"Clams, cockles, arkshells",Mediterranean and Black Sea,1.597266758,1.739430572,1.810415394,1.880222575,1.978460613,0.10014049,1.806330987,291755.7035,1967,0.406157245,459669.6662,43714.1187,0.203078622,12100,CBA
Chamelea_gallina-Mediterranean and Black Sea,Chamelea gallina,Striped venus,"Clams, cockles, arkshells",Mediterranean and Black Sea,1.587163557,1.732044821,1.805881847,1.872658756,1.974886032,0.101519856,1.799864152,291755.7035,1968,0.406157245,459669.6662,43714.1187,0.203078622,13200,CBA
Chamelea_gallina-Mediterranean and Black Sea,Chamelea gallina,Striped venus,"Clams, cockles, arkshells",Mediterranean and Black Sea,1.560328896,1.717604387,1.792905321,1.862353751,1.967245259,0.104713057,1.785069012,291755.7035,1969,0.406157245,459669.6662,43714.1187,0.203078622,15700,CBA
Chamelea_gallina-Mediterranean and Black Sea,Chamelea gallina,Striped venus,"Clams, cockles, arkshells",Mediterranean and Black Sea,1.549790615,1.700515291,1.777160224,1.849882487,1.970791126,0.108535782,1.772808235,291755.7035,1970,0.406157245,459669.6662,43714.1187,0.203078622,16192,CBA
Chamelea_gallina-Mediterranean and Black Sea,Chamelea gallina,Striped venus,"Clams, cockles, arkshells",Mediterranean and Black Sea,1.561420875,1.708293396,1.789234519,1.862655231,1.976533914,0.109131367,1.783637156,291755.7035,1971,0.406157245,459669.6662,43714.1187,0.203078622,12605,CBA
Chamelea_gallina-Mediterranean and Black Sea,Chamelea gallina,Striped venus,"Clams, cockles, arkshells",Mediterranean and Black Sea,1.548141481,1.69803497,1.774427269,1.849305145,1.964486407,0.108952963,1.770052214,291755.7035,1972,0.406157245,459669.6662,43714.1187,0.203078622,17455,CBA
Chamelea_gallina-Mediterranean and Black Sea,Chamelea gallina,Striped venus,"Clams, cockles, arkshells",Mediterranean and Black Sea,1.566175466,1.716808083,1.795947718,1.871828653,1.971348521,0.10829705,1.789977438,291755.7035,1973,0.406157245,459669.6662,43714.1187,0.203078622,11239,CBA
Chamelea_gallina-Mediterranean and Black Sea,Chamelea gallina,Striped venus,"Clams, cockles, arkshells",Mediterranean and Black Sea,1.509381613,1.64991375,1.732411686,1.801664429,1.937521553,0.10841584,1.726153146,291755.7035,1974,0.406157245,459669.6662,43714.1187,0.203078622,29455,CBA
Chamelea_gallina-Mediterranean and Black Sea,Chamelea gallina,Striped venus,"Clams, cockles, arkshells",Mediterranean and Black Sea,1.355794102,1.499960289,1.579344286,1.655733162,1.803679666,0.116159782,1.577280838,291755.7035,1975,0.406157245,459669.6662,43714.1187,0.203078622,52913,CBA
Chamelea_gallina-Mediterranean and Black Sea,Chamelea gallina,Striped venus,"Clams, cockles, arkshells",Mediterranean and Black Sea,1.299522366,1.445017174,1.523795527,1.607132186,1.765451806,0.119046048,1.527848427,291755.7035,1976,0.406157245,459669.6662,43714.1187,0.203078622,40577,CBA
Chamelea_gallina-Mediterranean and Black Sea,Chamelea gallina,Striped venus,"Clams, cockles, arkshells",Mediterranean and Black Sea,1.353530835,1.514092207,1.604031834,1.686616144,1.839785072,0.124203754,1.600683224,291755.7035,1977,0.406157245,459669.6662,43714.1187,0.203078622,15993,CBA
Chamelea_gallina-Mediterranean and Black Sea,Chamelea gallina,Striped venus,"Clams, cockles, arkshells",Mediterranean and Black Sea,1.38925775,1.577715481,1.665157675,1.752483738,1.901421091,0.128370115,1.660256612,291755.7035,1978,0.406157245,459669.6662,43714.1187,0.203078622,14212,CBA
Chamelea_gallina-Mediterranean and Black Sea,Chamelea gallina,Striped venus,"Clams, cockles, arkshells",Mediterranean and Black Sea,1.411859229,1.575260644,1.662636232,1.744911738,1.89926462,0.125350512,1.659766234,291755.7035,1979,0.406157245,459669.6662,43714.1187,0.203078622,24103,CBA
Chamelea_gallina-Mediterranean and Black Sea,Chamelea gallina,Striped venus,"Clams, cockles, arkshells",Mediterranean and Black Sea,1.382838912,1.554423462,1.641782434,1.721558373,1.871467246,0.124581986,1.636087434,291755.7035,1980,0.406157245,459669.6662,43714.1187,0.203078622,29677,CBA
Chamelea_gallina-Mediterranean and Black Sea,Chamelea gallina,Striped venus,"Clams, cockles, arkshells",Mediterranean and Black Sea,1.39977605,1.568916548,1.656574556,1.745729674,1.900537253,0.128468194,1.654729309,291755.7035,1981,0.406157245,459669.6662,43714.1187,0.203078622,21456,CBA
Chamelea_gallina-Mediterranean and Black Sea,Chamelea gallina,Striped venus,"Clams, cockles, arkshells",Mediterranean and Black Sea,1.380602129,1.52940671,1.616560034,1.700454697,1.846716478,0.121040354,1.613350882,291755.7035,1982,0.406157245,459669.6662,43714.1187,0.203078622,33546,CBA
Chamelea_gallina-Mediterranean and Black Sea,Chamelea gallina,Striped venus,"Clams, cockles, arkshells",Mediterranean and Black Sea,1.335985476,1.497654499,1.576709789,1.658539399,1.817594746,0.121926183,1.577478056,291755.7035,1983,0.406157245,459669.6662,43714.1187,0.203078622,35153,CBA
Chamelea_gallina-Mediterranean and Black Sea,Chamelea gallina,Striped venus,"Clams, cockles, arkshells",Mediterranean and Black Sea,1.291187984,1.451261711,1.528301106,1.615404169,1.780853693,0.123618929,1.534579296,291755.7035,1984,0.406157245,459669.6662,43714.1187,0.203078622,39176,CBA
Chamelea_gallina-Mediterranean and Black Sea,Chamelea gallina,Striped venus,"Clams, cockles, arkshells",Mediterranean and Black Sea,1.315581789,1.475373077,1.560182034,1.647616478,1.809784825,0.126562712,1.561553291,291755.7035,1985,0.406157245,459669.6662,43714.1187,0.203078622,26010,CBA
Chamelea_gallina-Mediterranean and Black Sea,Chamelea gallina,Striped venus,"Clams, cockles, arkshells",Mediterranean and Black Sea,1.321930769,1.487769392,1.576554201,1.661386955,1.828375322,0.129586147,1.57500704,291755.7035,1986,0.406157245,459669.6662,43714.1187,0.203078622,27440,CBA
Chamelea_gallina-Mediterranean and Black Sea,Chamelea gallina,Striped venus,"Clams, cockles, arkshells",Mediterranean and Black Sea,1.285998404,1.439918052,1.521376594,1.598626854,1.776634579,0.124389505,1.522388023,291755.7035,1987,0.406157245,459669.6662,43714.1187,0.203078622,41442,CBA
Chamelea_gallina-Mediterranean and Black Sea,Chamelea gallina,Striped venus,"Clams, cockles, arkshells",Mediterranean and Black Sea,1.268346329,1.408766957,1.492507143,1.58446609,1.745176483,0.125096716,1.497896182,291755.7035,1988,0.406157245,459669.6662,43714.1187,0.203078622,37653,CBA
Chamelea_gallina-Mediterranean and Black Sea,Chamelea gallina,Striped venus,"Clams, cockles, arkshells",Mediterranean and Black Sea,1.234319046,1.3854112,1.470211447,1.558911405,1.720147983,0.126248943,1.473438239,291755.7035,1989,0.406157245,459669.6662,43714.1187,0.203078622,39051,CBA
Chamelea_gallina-Mediterranean and Black Sea,Chamelea gallina,Striped venus,"Clams, cockles, arkshells",Mediterranean and Black Sea,1.231976156,1.385448881,1.472416044,1.554460312,1.730148083,0.128384643,1.473360358,291755.7035,1990,0.406157245,459669.6662,43714.1187,0.203078622,35512,CBA
Chamelea_gallina-Mediterranean and Black Sea,Chamelea gallina,Striped venus,"Clams, cockles, arkshells",Mediterranean and Black Sea,1.207959857,1.364514203,1.444371884,1.52940038,1.711193086,0.126660742,1.447587684,291755.7035,1991,0.406157245,459669.6662,43714.1187,0.203078622,40230,CBA
Chamelea_gallina-Mediterranean and Black Sea,Chamelea gallina,Striped venus,"Clams, cockles, arkshells",Mediterranean and Black Sea,1.133195917,1.271918195,1.350915818,1.43727797,1.611656676,0.121779501,1.358095467,291755.7035,1992,0.406157245,459669.6662,43714.1187,0.203078622,55141,CBA
Chamelea_gallina-Mediterranean and Black Sea,Chamelea gallina,Striped venus,"Clams, cockles, arkshells",Mediterranean and Black Sea,1.031206507,1.178793395,1.256623809,1.340395178,1.524096492,0.123838292,1.261855995,291755.7035,1993,0.406157245,459669.6662,43714.1187,0.203078622,60276,CBA
Chamelea_gallina-Mediterranean and Black Sea,Chamelea gallina,Striped venus,"Clams, cockles, arkshells",Mediterranean and Black Sea,0.97687407,1.126069173,1.207722173,1.29958589,1.475285449,0.127152856,1.215995827,291755.7035,1994,0.406157245,459669.6662,43714.1187,0.203078622,51744,CBA
Chamelea_gallina-Mediterranean and Black Sea,Chamelea gallina,Striped venus,"Clams, cockles, arkshells",Mediterranean and Black Sea,0.964237078,1.118492194,1.204970618,1.291020253,1.462608008,0.127960706,1.205873251,291755.7035,1995,0.406157245,459669.6662,43714.1187,0.203078622,45155,CBA
Chamelea_gallina-Mediterranean and Black Sea,Chamelea gallina,Striped venus,"Clams, cockles, arkshells",Mediterranean and Black Sea,0.934915888,1.090679819,1.177942706,1.266853735,1.444381684,0.129423995,1.180835791,291755.7035,1996,0.406157245,459669.6662,43714.1187,0.203078622,48060,CBA
Chamelea_gallina-Mediterranean and Black Sea,Chamelea gallina,Striped venus,"Clams, cockles, arkshells",Mediterranean and Black Sea,0.960187759,1.124289047,1.210829134,1.299259949,1.478425584,0.13080294,1.213164432,291755.7035,1997,0.406157245,459669.6662,43714.1187,0.203078622,36239,CBA
Chamelea_gallina-Mediterranean and Black Sea,Chamelea gallina,Striped venus,"Clams, cockles, arkshells",Mediterranean and Black Sea,1.004032398,1.166306774,1.252555638,1.348153092,1.522186285,0.134201203,1.256920473,291755.7035,1998,0.406157245,459669.6662,43714.1187,0.203078622,32811,CBA
Chamelea_gallina-Mediterranean and Black Sea,Chamelea gallina,Striped venus,"Clams, cockles, arkshells",Mediterranean and Black Sea,1.01385167,1.167825847,1.259505383,1.348795616,1.524479964,0.133404288,1.261658531,291755.7035,1999,0.406157245,459669.6662,43714.1187,0.203078622,40421,CBA
Chamelea_gallina-Mediterranean and Black Sea,Chamelea gallina,Striped venus,"Clams, cockles, arkshells",Mediterranean and Black Sea,1.000908381,1.158257656,1.247666103,1.330885395,1.507412883,0.12904849,1.246417514,291755.7035,2000,0.406157245,459669.6662,43714.1187,0.203078622,44580,CBA
Chamelea_gallina-Mediterranean and Black Sea,Chamelea gallina,Striped venus,"Clams, cockles, arkshells",Mediterranean and Black Sea,1.002168604,1.153064287,1.238536582,1.328013427,1.500465729,0.128283489,1.242874435,291755.7035,2001,0.406157245,459669.6662,43714.1187,0.203078622,42657,CBA
Chamelea_gallina-Mediterranean and Black Sea,Chamelea gallina,Striped venus,"Clams, cockles, arkshells",Mediterranean and Black Sea,1.026394395,1.180226019,1.269075366,1.356621404,1.520037079,0.12902101,1.269955562,291755.7035,2002,0.406157245,459669.6662,43714.1187,0.203078622,36592,CBA
Chamelea_gallina-Mediterranean and Black Sea,Chamelea gallina,Striped venus,"Clams, cockles, arkshells",Mediterranean and Black Sea,0.952565548,1.089408689,1.173235853,1.255146569,1.395914491,0.118667739,1.172493556,291755.7035,2003,0.406157245,459669.6662,43714.1187,0.203078622,61913,CBA
Chamelea_gallina-Mediterranean and Black Sea,Chamelea gallina,Striped venus,"Clams, cockles, arkshells",Mediterranean and Black Sea,0.908401348,1.033730862,1.114971063,1.19462922,1.347929195,0.115063399,1.118138196,291755.7035,2004,0.406157245,459669.6662,43714.1187,0.203078622,54618,CBA
Chamelea_gallina-Mediterranean and Black Sea,Chamelea gallina,Striped venus,"Clams, cockles, arkshells",Mediterranean and Black Sea,0.976429771,1.11377467,1.194430524,1.285940394,1.470428702,0.125396207,1.200963861,291755.7035,2005,0.406157245,459669.6662,43714.1187,0.203078622,26192,CBA
Chamelea_gallina-Mediterranean and Black Sea,Chamelea gallina,Striped venus,"Clams, cockles, arkshells",Mediterranean and Black Sea,0.886841931,1.002829871,1.077578036,1.152800291,1.305393192,0.109489375,1.080583776,291755.7035,2006,0.406157245,459669.6662,43714.1187,0.203078622,68260,CBA
Chamelea_gallina-Mediterranean and Black Sea,Chamelea gallina,Striped venus,"Clams, cockles, arkshells",Mediterranean and Black Sea,0.752518374,0.860060141,0.918896255,0.991568211,1.14890108,0.099570087,0.929113307,291755.7035,2007,0.406157245,459669.6662,43714.1187,0.203078622,76419,CBA
Chamelea_gallina-Mediterranean and Black Sea,Chamelea gallina,Striped venus,"Clams, cockles, arkshells",Mediterranean and Black Sea,0.66892818,0.772713828,0.835869,0.907392709,1.061672354,0.098950667,0.842589311,291755.7035,2008,0.406157245,459669.6662,43714.1187,0.203078622,62244,CBA
Chamelea_gallina-Mediterranean and Black Sea,Chamelea gallina,Striped venus,"Clams, cockles, arkshells",Mediterranean and Black Sea,0.651642522,0.77102667,0.839438117,0.912445102,1.066821629,0.104005785,0.844489174,291755.7035,2009,0.406157245,459669.6662,43714.1187,0.203078622,42220,CBA
Chamelea_gallina-Mediterranean and Black Sea,Chamelea gallina,Striped venus,"Clams, cockles, arkshells",Mediterranean and Black Sea,0.626390532,0.746610985,0.818862261,0.898180723,1.042693727,0.108010446,0.82345097,291755.7035,2010,0.406157245,459669.6662,43714.1187,0.203078622,47026,CBA
Chamelea_gallina-Mediterranean and Black Sea,Chamelea gallina,Striped venus,"Clams, cockles, arkshells",Mediterranean and Black Sea,0.580669591,0.704592294,0.7867941,0.866511972,1.008078399,0.112358687,0.787342,291755.7035,2011,0.406157245,459669.6662,43714.1187,0.203078622,50006,CBA
Chamelea_gallina-Mediterranean and Black Sea,Chamelea gallina,Striped venus,"Clams, cockles, arkshells",Mediterranean and Black Sea,0.402144049,0.50950488,0.6003714,0.690819663,0.836052014,0.117819521,0.603984507,291755.7035,2012,0.406157245,459669.6662,43714.1187,0.203078622,81396,CBA
Chamelea_gallina-Mediterranean and Black Sea,Chamelea gallina,Striped venus,"Clams, cockles, arkshells",Mediterranean and Black Sea,0.338033656,0.467992301,0.573624378,0.679561154,0.820755551,0.134526108,0.574185067,291755.7035,2013,0.406157245,459669.6662,43714.1187,0.203078622,42799,CBA
Chamelea_gallina-Mediterranean and Black Sea,Chamelea gallina,Striped venus,"Clams, cockles, arkshells",Mediterranean and Black Sea,0.290102708,0.440029578,0.575907104,0.696695378,0.831541609,0.155216843,0.568641049,291755.7035,2014,0.406157245,459669.6662,43714.1187,0.203078622,36097,CBA
Chamelea_gallina-Mediterranean and Black Sea,Chamelea gallina,Striped venus,"Clams, cockles, arkshells",Mediterranean and Black Sea,0.160059241,0.338926741,0.501116921,0.643768759,0.77583709,0.182327237,0.487704496,291755.7035,2015,0.406157245,459669.6662,43714.1187,0.203078622,52174,CBA
Chamelea_gallina-Mediterranean and Black Sea,Chamelea gallina,Striped venus,"Clams, cockles, arkshells",Mediterranean and Black Sea,0.04620406,0.279306307,0.480538569,0.65089419,0.783085162,0.220906016,0.457390669,291755.7035,2016,0.406157245,459669.6662,43714.1187,0.203078622,37345,CBA
Chanos_chanos-Pacific_Eastern Central,Chanos chanos,Milkfish,Miscellaneous diadromous fishes,Pacific Eastern Central,0.955475673,1.16564134,1.353518322,1.564813474,1.866122499,0.254685461,1.371785483,42024.21999,1954,0.178249817,63748.67416,2803.407925,0.089124909,500,Domestic
Chanos_chanos-Pacific_Eastern Central,Chanos chanos,Milkfish,Miscellaneous diadromous fishes,Pacific Eastern Central,0.989427089,1.222011629,1.40847613,1.606387979,1.886289643,0.247069616,1.41801649,42024.21999,1955,0.178249817,63748.67416,2803.407925,0.089124909,700,Domestic
Chanos_chanos-Pacific_Eastern Central,Chanos chanos,Milkfish,Miscellaneous diadromous fishes,Pacific Eastern Central,0.982603834,1.239299387,1.429229913,1.614022859,1.876819236,0.242159306,1.428056287,42024.21999,1956,0.178249817,63748.67416,2803.407925,0.089124909,1700,Domestic
Chanos_chanos-Pacific_Eastern Central,Chanos chanos,Milkfish,Miscellaneous diadromous fishes,Pacific Eastern Central,0.976249309,1.259487393,1.444783969,1.62024856,1.856120496,0.237901687,1.435595809,42024.21999,1957,0.178249817,63748.67416,2803.407925,0.089124909,1700,Domestic
Chanos_chanos-Pacific_Eastern Central,Chanos chanos,Milkfish,Miscellaneous diadromous fishes,Pacific Eastern Central,0.973128807,1.276391764,1.454600588,1.625207637,1.861055191,0.23734689,1.444707184,42024.21999,1958,0.178249817,63748.67416,2803.407925,0.089124909,1600,Domestic
Chanos_chanos-Pacific_Eastern Central,Chanos chanos,Milkfish,Miscellaneous diadromous fishes,Pacific Eastern Central,0.971088995,1.284852752,1.463231452,1.633654606,1.863682775,0.238343288,1.451033366,42024.21999,1959,0.178249817,63748.67416,2803.407925,0.089124909,1700,Domestic
Chanos_chanos-Pacific_Eastern Central,Chanos chanos,Milkfish,Miscellaneous diadromous fishes,Pacific Eastern Central,0.959082683,1.296324989,1.478578138,1.641988493,1.882946889,0.241968793,1.46226102,42024.21999,1960,0.178249817,63748.67416,2803.407925,0.089124909,1500,Domestic
Chanos_chanos-Pacific_Eastern Central,Chanos chanos,Milkfish,Miscellaneous diadromous fishes,Pacific Eastern Central,0.948925394,1.297553234,1.484186416,1.639195931,1.884054974,0.242484033,1.46165449,42024.21999,1961,0.178249817,63748.67416,2803.407925,0.089124909,1700,Domestic
Chanos_chanos-Pacific_Eastern Central,Chanos chanos,Milkfish,Miscellaneous diadromous fishes,Pacific Eastern Central,0.96193799,1.324211677,1.505844748,1.665493578,1.888584398,0.243647688,1.484226515,42024.21999,1962,0.178249817,63748.67416,2803.407925,0.089124909,1000,Domestic
Chanos_chanos-Pacific_Eastern Central,Chanos chanos,Milkfish,Miscellaneous diadromous fishes,Pacific Eastern Central,0.960886321,1.326262373,1.516812052,1.669059405,1.884889978,0.244381309,1.486617149,42024.21999,1963,0.178249817,63748.67416,2803.407925,0.089124909,1500,Domestic
Chanos_chanos-Pacific_Eastern Central,Chanos chanos,Milkfish,Miscellaneous diadromous fishes,Pacific Eastern Central,0.978767642,1.349246945,1.537732684,1.691053366,1.900304022,0.24473572,1.506431172,42024.21999,1964,0.178249817,63748.67416,2803.407925,0.089124909,900,Domestic
Chanos_chanos-Pacific_Eastern Central,Chanos chanos,Milkfish,Miscellaneous diadromous fishes,Pacific Eastern Central,0.997028618,1.371107301,1.558089604,1.714601306,1.917971353,0.244813123,1.529697936,42024.21999,1965,0.178249817,63748.67416,2803.407925,0.089124909,700,Domestic
Chanos_chanos-Pacific_Eastern Central,Chanos chanos,Milkfish,Miscellaneous diadromous fishes,Pacific Eastern Central,1.011924401,1.389092668,1.577180877,1.725180671,1.93072033,0.241957725,1.544624908,42024.21999,1966,0.178249817,63748.67416,2803.407925,0.089124909,900,Domestic
Chanos_chanos-Pacific_Eastern Central,Chanos chanos,Milkfish,Miscellaneous diadromous fishes,Pacific Eastern Central,1.01782416,1.413879234,1.598140225,1.744825192,1.935693662,0.241079808,1.564197964,42024.21999,1967,0.178249817,63748.67416,2803.407925,0.089124909,700,Domestic
Chanos_chanos-Pacific_Eastern Central,Chanos chanos,Milkfish,Miscellaneous diadromous fishes,Pacific Eastern Central,1.036164699,1.424150287,1.608409025,1.748014554,1.932460793,0.23556565,1.571222414,42024.21999,1968,0.178249817,63748.67416,2803.407925,0.089124909,900,Domestic
Chanos_chanos-Pacific_Eastern Central,Chanos chanos,Milkfish,Miscellaneous diadromous fishes,Pacific Eastern Central,1.039133929,1.434801976,1.603641029,1.73969645,1.931366203,0.231040481,1.570040541,42024.21999,1969,0.178249817,63748.67416,2803.407925,0.089124909,1100,Domestic
Chanos_chanos-Pacific_Eastern Central,Chanos chanos,Milkfish,Miscellaneous diadromous fishes,Pacific Eastern Central,1.057967604,1.446120189,1.619358823,1.746916064,1.928723539,0.227057573,1.580258336,42024.21999,1970,0.178249817,63748.67416,2803.407925,0.089124909,800,Domestic
Chanos_chanos-Pacific_Eastern Central,Chanos chanos,Milkfish,Miscellaneous diadromous fishes,Pacific Eastern Central,1.078811424,1.465669426,1.629407134,1.763310705,1.933438052,0.223873903,1.595017593,42024.21999,1971,0.178249817,63748.67416,2803.407925,0.089124909,600,Domestic
Chanos_chanos-Pacific_Eastern Central,Chanos chanos,Milkfish,Miscellaneous diadromous fishes,Pacific Eastern Central,1.099831315,1.485886248,1.643978193,1.770021989,1.946062552,0.216681769,1.610763491,42024.21999,1972,0.178249817,63748.67416,2803.407925,0.089124909,400,Domestic
Chanos_chanos-Pacific_Eastern Central,Chanos chanos,Milkfish,Miscellaneous diadromous fishes,Pacific Eastern Central,1.132293717,1.502868265,1.665314791,1.784329165,1.939234229,0.212114684,1.628367397,42024.21999,1973,0.178249817,63748.67416,2803.407925,0.089124909,200,Domestic
Chanos_chanos-Pacific_Eastern Central,Chanos chanos,Milkfish,Miscellaneous diadromous fishes,Pacific Eastern Central,1.166023196,1.5312231,1.684556407,1.800759512,1.953523786,0.203350077,1.650838781,42024.21999,1974,0.178249817,63748.67416,2803.407925,0.089124909,33,Domestic
Chanos_chanos-Pacific_Eastern Central,Chanos chanos,Milkfish,Miscellaneous diadromous fishes,Pacific Eastern Central,1.208568708,1.564975549,1.704953148,1.81442738,1.957169454,0.196426016,1.67145063,42024.21999,1975,0.178249817,63748.67416,2803.407925,0.089124909,22,Domestic
Chanos_chanos-Pacific_Eastern Central,Chanos chanos,Milkfish,Miscellaneous diadromous fishes,Pacific Eastern Central,1.244189121,1.589271966,1.715312275,1.816123163,1.95430326,0.187050512,1.682923107,42024.21999,1976,0.178249817,63748.67416,2803.407925,0.089124909,49,Domestic
Chanos_chanos-Pacific_Eastern Central,Chanos chanos,Milkfish,Miscellaneous diadromous fishes,Pacific Eastern Central,1.258985537,1.600109408,1.726722306,1.83084052,1.960207977,0.182540988,1.696043669,42024.21999,1977,0.178249817,63748.67416,2803.407925,0.089124909,41,Domestic
Chanos_chanos-Pacific_Eastern Central,Chanos chanos,Milkfish,Miscellaneous diadromous fishes,Pacific Eastern Central,1.289233396,1.616089367,1.736586465,1.836805327,1.96575196,0.176296786,1.708401971,42024.21999,1978,0.178249817,63748.67416,2803.407925,0.089124909,46,Domestic
Chanos_chanos-Pacific_Eastern Central,Chanos chanos,Milkfish,Miscellaneous diadromous fishes,Pacific Eastern Central,1.293465459,1.623505034,1.749208004,1.841041329,1.970148689,0.171266473,1.717680291,42024.21999,1979,0.178249817,63748.67416,2803.407925,0.089124909,39,Domestic
Chanos_chanos-Pacific_Eastern Central,Chanos chanos,Milkfish,Miscellaneous diadromous fishes,Pacific Eastern Central,1.320409665,1.627012337,1.74702904,1.84372699,1.971309479,0.16635785,1.720885481,42024.21999,1980,0.178249817,63748.67416,2803.407925,0.089124909,211,Domestic
Chanos_chanos-Pacific_Eastern Central,Chanos chanos,Milkfish,Miscellaneous diadromous fishes,Pacific Eastern Central,1.331697195,1.635676917,1.750608464,1.847360548,1.965200462,0.161251383,1.726680058,42024.21999,1981,0.178249817,63748.67416,2803.407925,0.089124909,209,Domestic
Chanos_chanos-Pacific_Eastern Central,Chanos chanos,Milkfish,Miscellaneous diadromous fishes,Pacific Eastern Central,1.344798065,1.641732892,1.757330146,1.847244035,1.965319953,0.158237955,1.7315774,42024.21999,1982,0.178249817,63748.67416,2803.407925,0.089124909,181,Domestic
Chanos_chanos-Pacific_Eastern Central,Chanos chanos,Milkfish,Miscellaneous diadromous fishes,Pacific Eastern Central,1.379734422,1.650027018,1.762459339,1.85008897,1.968869821,0.153072938,1.73835791,42024.21999,1983,0.178249817,63748.67416,2803.407925,0.089124909,175,Domestic
Chanos_chanos-Pacific_Eastern Central,Chanos chanos,Milkfish,Miscellaneous diadromous fishes,Pacific Eastern Central,1.39330205,1.663764088,1.768826367,1.858715368,1.973749445,0.14935091,1.748239873,42024.21999,1984,0.178249817,63748.67416,2803.407925,0.089124909,97,Domestic
Chanos_chanos-Pacific_Eastern Central,Chanos chanos,Milkfish,Miscellaneous diadromous fishes,Pacific Eastern Central,1.368533558,1.626465761,1.730505013,1.817118961,1.954527716,0.149577509,1.711324884,42024.21999,1985,0.178249817,63748.67416,2803.407925,0.089124909,1705,Domestic
Chanos_chanos-Pacific_Eastern Central,Chanos chanos,Milkfish,Miscellaneous diadromous fishes,Pacific Eastern Central,1.367119558,1.627860034,1.730669734,1.818364839,1.960169045,0.149448189,1.714133568,42024.21999,1986,0.178249817,63748.67416,2803.407925,0.089124909,603,Domestic
Chanos_chanos-Pacific_Eastern Central,Chanos chanos,Milkfish,Miscellaneous diadromous fishes,Pacific Eastern Central,1.380432001,1.619916605,1.727572124,1.817039278,1.953295782,0.147664942,1.710937803,42024.21999,1987,0.178249817,63748.67416,2803.407925,0.089124909,730,Domestic
Chanos_chanos-Pacific_Eastern Central,Chanos chanos,Milkfish,Miscellaneous diadromous fishes,Pacific Eastern Central,1.389315837,1.617240742,1.722842922,1.816854214,1.956803873,0.145096391,1.71238253,42024.21999,1988,0.178249817,63748.67416,2803.407925,0.089124909,577,Domestic
Chanos_chanos-Pacific_Eastern Central,Chanos chanos,Milkfish,Miscellaneous diadromous fishes,Pacific Eastern Central,1.405290961,1.618730865,1.719260241,1.810013755,1.948252116,0.141037654,1.708285372,42024.21999,1989,0.178249817,63748.67416,2803.407925,0.089124909,821,Domestic
Chanos_chanos-Pacific_Eastern Central,Chanos chanos,Milkfish,Miscellaneous diadromous fishes,Pacific Eastern Central,1.429613055,1.639000501,1.736157254,1.825339233,1.966102461,0.137596441,1.726044274,42024.21999,2002,0.178249817,63748.67416,2803.407925,0.089124909,1,Domestic
Chanos_chanos-Pacific_Eastern Central,Chanos chanos,Milkfish,Miscellaneous diadromous fishes,Pacific Eastern Central,1.449770145,1.653241011,1.750980791,1.837601927,1.963720413,0.133249075,1.739986718,42024.21999,2003,0.178249817,63748.67416,2803.407925,0.089124909,2,Domestic
Chanos_chanos-Pacific_Eastern Central,Chanos chanos,Milkfish,Miscellaneous diadromous fishes,Pacific Eastern Central,1.485221241,1.675161665,1.765886342,1.850431445,1.973417345,0.127024332,1.756967508,42024.21999,2004,0.178249817,63748.67416,2803.407925,0.089124909,3,Domestic
Chanos_chanos-Pacific_Eastern Central,Chanos chanos,Milkfish,Miscellaneous diadromous fishes,Pacific Eastern Central,1.521121563,1.696037264,1.78457563,1.864318977,1.973080182,0.119594255,1.774515341,42024.21999,2005,0.178249817,63748.67416,2803.407925,0.089124909,14,Domestic
Chanos_chanos-Pacific_Eastern Central,Chanos chanos,Milkfish,Miscellaneous diadromous fishes,Pacific Eastern Central,1.545591093,1.719935715,1.797695612,1.86969598,1.975252816,0.110700053,1.789306675,42024.21999,2006,0.178249817,63748.67416,2803.407925,0.089124909,15,Domestic
Chanos_chanos-Pacific_Eastern Central,Chanos chanos,Milkfish,Miscellaneous diadromous fishes,Pacific Eastern Central,1.557277055,1.722713949,1.801981985,1.871154226,1.973888054,0.108333729,1.792880435,42024.21999,2007,0.178249817,63748.67416,2803.407925,0.089124909,422,Domestic
Chanos_chanos-Pacific_Eastern Central,Chanos chanos,Milkfish,Miscellaneous diadromous fishes,Pacific Eastern Central,1.596538203,1.749523721,1.819532773,1.886431374,1.9778049,0.098814537,1.812941151,42024.21999,2008,0.178249817,63748.67416,2803.407925,0.089124909,69,Domestic
Chanos_chanos-Pacific_Eastern Central,Chanos chanos,Milkfish,Miscellaneous diadromous fishes,Pacific Eastern Central,1.642831861,1.779385478,1.84535519,1.906538016,1.98687884,0.091204811,1.838679375,42024.21999,2009,0.178249817,63748.67416,2803.407925,0.089124909,65,Domestic
Chanos_chanos-Pacific_Eastern Central,Chanos chanos,Milkfish,Miscellaneous diadromous fishes,Pacific Eastern Central,1.689794352,1.820471991,1.888595248,1.941416008,1.992157152,0.081807788,1.875545418,42024.21999,2010,0.178249817,63748.67416,2803.407925,0.089124909,68,Domestic
Chanos_chanos-Pacific_Eastern Central,Chanos chanos,Milkfish,Miscellaneous diadromous fishes,Pacific Eastern Central,1.421481062,1.551451207,1.612048303,1.682139857,1.809828878,0.098977424,1.615778517,42024.21999,2011,0.178249817,63748.67416,2803.407925,0.089124909,10146,Domestic
Chanos_chanos-Pacific_Eastern Central,Chanos chanos,Milkfish,Miscellaneous diadromous fishes,Pacific Eastern Central,1.230845516,1.349598339,1.41368654,1.482949894,1.621531732,0.100188484,1.418151876,42024.21999,2012,0.178249817,63748.67416,2803.407925,0.089124909,9052,Domestic
Chanos_chanos-Pacific_Eastern Central,Chanos chanos,Milkfish,Miscellaneous diadromous fishes,Pacific Eastern Central,1.131288867,1.234228433,1.296061522,1.36323459,1.512981999,0.098389644,1.303432301,42024.21999,2013,0.178249817,63748.67416,2803.407925,0.089124909,6861,Domestic
Chanos_chanos-Pacific_Eastern Central,Chanos chanos,Milkfish,Miscellaneous diadromous fishes,Pacific Eastern Central,0.921387684,1.003622809,1.058474597,1.124474328,1.281103349,0.092729408,1.070003055,42024.21999,2014,0.178249817,63748.67416,2803.407925,0.089124909,10521,Domestic
Chanos_chanos-Pacific_Eastern Central,Chanos chanos,Milkfish,Miscellaneous diadromous fishes,Pacific Eastern Central,0.699864897,0.762622701,0.809425716,0.884589355,1.076528295,0.097524402,0.832527238,42024.21999,2015,0.178249817,63748.67416,2803.407925,0.089124909,10669,Domestic
Chanos_chanos-Pacific_Eastern Central,Chanos chanos,Milkfish,Miscellaneous diadromous fishes,Pacific Eastern Central,0.603741944,0.641326139,0.69366177,0.77929744,1.021216717,0.111330128,0.725686439,42024.21999,2016,0.178249817,63748.67416,2803.407925,0.089124909,6312,Domestic
Concholepas_concholepas-Pacific_Southeast,Concholepas concholepas,False abalone,"Abalones, winkles, conchs",Pacific Southeast,1.018601131,1.235761028,1.389311166,1.589589498,1.867200691,0.233857281,1.41194545,88452.47313,1950,0.301329733,134738.9242,10055.89661,0.150664866,1100,Domestic
Concholepas_concholepas-Pacific_Southeast,Concholepas concholepas,False abalone,"Abalones, winkles, conchs",Pacific Southeast,1.115425451,1.341739878,1.502769358,1.657235989,1.894868379,0.209751459,1.499519598,88452.47313,1951,0.301329733,134738.9242,10055.89661,0.150664866,1100,Domestic
Concholepas_concholepas-Pacific_Southeast,Concholepas concholepas,False abalone,"Abalones, winkles, conchs",Pacific Southeast,1.207313593,1.441141117,1.576119513,1.725993659,1.908766207,0.189220498,1.576613278,88452.47313,1952,0.301329733,134738.9242,10055.89661,0.150664866,1200,Domestic
Concholepas_concholepas-Pacific_Southeast,Concholepas concholepas,False abalone,"Abalones, winkles, conchs",Pacific Southeast,1.282331641,1.529802612,1.650902667,1.758545981,1.929329639,0.168954938,1.640963244,88452.47313,1953,0.301329733,134738.9242,10055.89661,0.150664866,1500,Domestic
Concholepas_concholepas-Pacific_Southeast,Concholepas concholepas,False abalone,"Abalones, winkles, conchs",Pacific Southeast,1.354110195,1.59570161,1.719095408,1.805545297,1.940458408,0.158299793,1.693158459,88452.47313,1954,0.301329733,134738.9242,10055.89661,0.150664866,1900,Domestic
Concholepas_concholepas-Pacific_Southeast,Concholepas concholepas,False abalone,"Abalones, winkles, conchs",Pacific Southeast,1.386486464,1.612693371,1.727813478,1.824283976,1.942336259,0.15202227,1.706822131,88452.47313,1955,0.301329733,134738.9242,10055.89661,0.150664866,3000,Domestic
Concholepas_concholepas-Pacific_Southeast,Concholepas concholepas,False abalone,"Abalones, winkles, conchs",Pacific Southeast,1.430670325,1.622534399,1.731551656,1.821026503,1.953028504,0.142470999,1.71832153,88452.47313,1956,0.301329733,134738.9242,10055.89661,0.150664866,3400,Domestic
Concholepas_concholepas-Pacific_Southeast,Concholepas concholepas,False abalone,"Abalones, winkles, conchs",Pacific Southeast,1.429508228,1.636407144,1.729348304,1.812476755,1.943736715,0.138162012,1.717299768,88452.47313,1957,0.301329733,134738.9242,10055.89661,0.150664866,4000,Domestic
Concholepas_concholepas-Pacific_Southeast,Concholepas concholepas,False abalone,"Abalones, winkles, conchs",Pacific Southeast,1.403887263,1.622816836,1.713385931,1.802307555,1.923299513,0.13195337,1.705854954,88452.47313,1958,0.301329733,134738.9242,10055.89661,0.150664866,4900,Domestic
Concholepas_concholepas-Pacific_Southeast,Concholepas concholepas,False abalone,"Abalones, winkles, conchs",Pacific Southeast,1.399069447,1.627615301,1.708887048,1.804422825,1.941471905,0.129611038,1.707209152,88452.47313,1959,0.301329733,134738.9242,10055.89661,0.150664866,4000,Domestic
Concholepas_concholepas-Pacific_Southeast,Concholepas concholepas,False abalone,"Abalones, winkles, conchs",Pacific Southeast,1.481146406,1.655189352,1.734072033,1.825783499,1.959985602,0.1257919,1.733694589,88452.47313,1960,0.301329733,134738.9242,10055.89661,0.150664866,2500,Domestic
Concholepas_concholepas-Pacific_Southeast,Concholepas concholepas,False abalone,"Abalones, winkles, conchs",Pacific Southeast,1.512381176,1.67531417,1.764187167,1.856700397,1.966439422,0.123172826,1.7625445,88452.47313,1961,0.301329733,134738.9242,10055.89661,0.150664866,2300,Domestic
Concholepas_concholepas-Pacific_Southeast,Concholepas concholepas,False abalone,"Abalones, winkles, conchs",Pacific Southeast,1.517232987,1.675686982,1.768573468,1.854127432,1.976948182,0.125500331,1.762016178,88452.47313,1962,0.301329733,134738.9242,10055.89661,0.150664866,3000,Domestic
Concholepas_concholepas-Pacific_Southeast,Concholepas concholepas,False abalone,"Abalones, winkles, conchs",Pacific Southeast,1.484866903,1.66356885,1.745586755,1.827558845,1.963819897,0.121064781,1.741923863,88452.47313,1963,0.301329733,134738.9242,10055.89661,0.150664866,4500,Domestic
Concholepas_concholepas-Pacific_Southeast,Concholepas concholepas,False abalone,"Abalones, winkles, conchs",Pacific Southeast,1.498442443,1.651798627,1.726902107,1.821522815,1.940687722,0.121402957,1.730257689,88452.47313,1964,0.301329733,134738.9242,10055.89661,0.150664866,4400,Domestic
Concholepas_concholepas-Pacific_Southeast,Concholepas concholepas,False abalone,"Abalones, winkles, conchs",Pacific Southeast,1.465901113,1.644204424,1.740143324,1.821877974,1.966214103,0.126533141,1.732462179,88452.47313,1965,0.301329733,134738.9242,10055.89661,0.150664866,3600,Domestic
Concholepas_concholepas-Pacific_Southeast,Concholepas concholepas,False abalone,"Abalones, winkles, conchs",Pacific Southeast,1.481389468,1.651720624,1.74644501,1.827640116,1.938066015,0.122670591,1.738348623,88452.47313,1966,0.301329733,134738.9242,10055.89661,0.150664866,3400,Domestic
Concholepas_concholepas-Pacific_Southeast,Concholepas concholepas,False abalone,"Abalones, winkles, conchs",Pacific Southeast,1.479478743,1.649043347,1.730507046,1.819028346,1.956330981,0.123360881,1.731377768,88452.47313,1967,0.301329733,134738.9242,10055.89661,0.150664866,4100,Domestic
Concholepas_concholepas-Pacific_Southeast,Concholepas concholepas,False abalone,"Abalones, winkles, conchs",Pacific Southeast,1.480912963,1.64775345,1.729090702,1.815244661,1.938527762,0.122084415,1.728238148,88452.47313,1968,0.301329733,134738.9242,10055.89661,0.150664866,4600,Domestic
Concholepas_concholepas-Pacific_Southeast,Concholepas concholepas,False abalone,"Abalones, winkles, conchs",Pacific Southeast,1.481860036,1.661312334,1.749640997,1.825505703,1.960652799,0.117355053,1.743747216,88452.47313,1969,0.301329733,134738.9242,10055.89661,0.150664866,3600,Domestic
Concholepas_concholepas-Pacific_Southeast,Concholepas concholepas,False abalone,"Abalones, winkles, conchs",Pacific Southeast,1.537817472,1.665490151,1.76434217,1.834649232,1.955222599,0.114284078,1.75183268,88452.47313,1970,0.301329733,134738.9242,10055.89661,0.150664866,3800,Domestic
Concholepas_concholepas-Pacific_Southeast,Concholepas concholepas,False abalone,"Abalones, winkles, conchs",Pacific Southeast,1.510193531,1.641764619,1.740357295,1.807402861,1.939234621,0.116135203,1.730315132,88452.47313,1971,0.301329733,134738.9242,10055.89661,0.150664866,5000,Domestic
Concholepas_concholepas-Pacific_Southeast,Concholepas concholepas,False abalone,"Abalones, winkles, conchs",Pacific Southeast,1.472070469,1.626582483,1.701015544,1.784854543,1.936337759,0.117185829,1.702642099,88452.47313,1972,0.301329733,134738.9242,10055.89661,0.150664866,6700,Domestic
Concholepas_concholepas-Pacific_Southeast,Concholepas concholepas,False abalone,"Abalones, winkles, conchs",Pacific Southeast,1.462038458,1.619166868,1.697511149,1.790172665,1.928877248,0.118119647,1.702342698,88452.47313,1973,0.301329733,134738.9242,10055.89661,0.150664866,5400,Domestic
Concholepas_concholepas-Pacific_Southeast,Concholepas concholepas,False abalone,"Abalones, winkles, conchs",Pacific Southeast,1.46051506,1.616533316,1.702197937,1.791301451,1.908926946,0.117389857,1.702170469,88452.47313,1974,0.301329733,134738.9242,10055.89661,0.150664866,6076,Domestic
Concholepas_concholepas-Pacific_Southeast,Concholepas concholepas,False abalone,"Abalones, winkles, conchs",Pacific Southeast,1.423319092,1.571107294,1.646213676,1.721652763,1.867250487,0.11540828,1.644470667,88452.47313,1975,0.301329733,134738.9242,10055.89661,0.150664866,9590,Domestic
Concholepas_concholepas-Pacific_Southeast,Concholepas concholepas,False abalone,"Abalones, winkles, conchs",Pacific Southeast,1.37031724,1.524923826,1.598401706,1.665879916,1.852059321,0.117951446,1.597852881,88452.47313,1976,0.301329733,134738.9242,10055.89661,0.150664866,10012,Domestic
Concholepas_concholepas-Pacific_Southeast,Concholepas concholepas,False abalone,"Abalones, winkles, conchs",Pacific Southeast,1.298364792,1.420824173,1.494742583,1.584945057,1.752908484,0.117282863,1.502017769,88452.47313,1977,0.301329733,134738.9242,10055.89661,0.150664866,14161,Domestic
Concholepas_concholepas-Pacific_Southeast,Concholepas concholepas,False abalone,"Abalones, winkles, conchs",Pacific Southeast,1.252985626,1.369350266,1.445297692,1.528992186,1.693008646,0.113972129,1.451899967,88452.47313,1978,0.301329733,134738.9242,10055.89661,0.150664866,12252,Domestic
Concholepas_concholepas-Pacific_Southeast,Concholepas concholepas,False abalone,"Abalones, winkles, conchs",Pacific Southeast,1.151920697,1.273383152,1.33906192,1.423355694,1.589047503,0.111555582,1.34930244,88452.47313,1979,0.301329733,134738.9242,10055.89661,0.150664866,16571,Domestic
Concholepas_concholepas-Pacific_Southeast,Concholepas concholepas,False abalone,"Abalones, winkles, conchs",Pacific Southeast,0.951411327,1.0547637,1.1182186,1.184974623,1.331865538,0.097824678,1.124777305,88452.47313,1980,0.301329733,134738.9242,10055.89661,0.150664866,24856,Domestic
Concholepas_concholepas-Pacific_Southeast,Concholepas concholepas,False abalone,"Abalones, winkles, conchs",Pacific Southeast,0.855016083,0.956003513,1.016032791,1.074301254,1.218381232,0.090723024,1.021703328,88452.47313,1981,0.301329733,134738.9242,10055.89661,0.150664866,17471,Domestic
Concholepas_concholepas-Pacific_Southeast,Concholepas concholepas,False abalone,"Abalones, winkles, conchs",Pacific Southeast,0.736195019,0.819180557,0.879861812,0.932522058,1.057121956,0.083887444,0.880872246,88452.47313,1982,0.301329733,134738.9242,10055.89661,0.150664866,20097,Domestic
Concholepas_concholepas-Pacific_Southeast,Concholepas concholepas,False abalone,"Abalones, winkles, conchs",Pacific Southeast,0.652899702,0.738871802,0.793132207,0.848840937,0.955595736,0.078885157,0.794013061,88452.47313,1983,0.301329733,134738.9242,10055.89661,0.150664866,15990,Domestic
Concholepas_concholepas-Pacific_Southeast,Concholepas concholepas,False abalone,"Abalones, winkles, conchs",Pacific Southeast,0.54271023,0.615006693,0.664700536,0.715841782,0.831018556,0.073994202,0.668060455,88452.47313,1984,0.301329733,134738.9242,10055.89661,0.150664866,18359,Domestic
Concholepas_concholepas-Pacific_Southeast,Concholepas concholepas,False abalone,"Abalones, winkles, conchs",Pacific Southeast,0.525870627,0.586296068,0.631699283,0.676928279,0.791838451,0.069365007,0.63609342,88452.47313,1985,0.301329733,134738.9242,10055.89661,0.150664866,11103,Domestic
Concholepas_concholepas-Pacific_Southeast,Concholepas concholepas,False abalone,"Abalones, winkles, conchs",Pacific Southeast,0.569667466,0.625715687,0.659289972,0.702848451,0.795313879,0.060463519,0.668022532,88452.47313,1986,0.301329733,134738.9242,10055.89661,0.150664866,6369,Domestic
Concholepas_concholepas-Pacific_Southeast,Concholepas concholepas,False abalone,"Abalones, winkles, conchs",Pacific Southeast,0.392573252,0.44711297,0.479632938,0.516931905,0.610526936,0.055155593,0.484688635,88452.47313,1987,0.301329733,134738.9242,10055.89661,0.150664866,21236,Domestic
Concholepas_concholepas-Pacific_Southeast,Concholepas concholepas,False abalone,"Abalones, winkles, conchs",Pacific Southeast,0.341167146,0.389284979,0.42156164,0.46096421,0.542667474,0.050694934,0.426089076,88452.47313,1988,0.301329733,134738.9242,10055.89661,0.150664866,11180,Domestic
Concholepas_concholepas-Pacific_Southeast,Concholepas concholepas,False abalone,"Abalones, winkles, conchs",Pacific Southeast,0.327068271,0.374082869,0.402709057,0.436902682,0.521990512,0.049668804,0.408234302,88452.47313,1990,0.301329733,134738.9242,10055.89661,0.150664866,8015,Domestic
Concholepas_concholepas-Pacific_Southeast,Concholepas concholepas,False abalone,"Abalones, winkles, conchs",Pacific Southeast,0.333646213,0.376305015,0.405962961,0.441214472,0.512602602,0.047808489,0.41103064,88452.47313,1991,0.301329733,134738.9242,10055.89661,0.150664866,6236,Domestic
Concholepas_concholepas-Pacific_Southeast,Concholepas concholepas,False abalone,"Abalones, winkles, conchs",Pacific Southeast,0.356478142,0.38963645,0.416577059,0.448965886,0.513013554,0.043372652,0.422588209,88452.47313,1992,0.301329733,134738.9242,10055.89661,0.150664866,5637,Domestic
Concholepas_concholepas-Pacific_Southeast,Concholepas concholepas,False abalone,"Abalones, winkles, conchs",Pacific Southeast,0.287690324,0.317812528,0.343598973,0.373167551,0.437201098,0.040612758,0.34847924,88452.47313,1993,0.301329733,134738.9242,10055.89661,0.150664866,11493,Domestic
Concholepas_concholepas-Pacific_Southeast,Concholepas concholepas,False abalone,"Abalones, winkles, conchs",Pacific Southeast,0.210067246,0.245987377,0.265384612,0.299069793,0.364416404,0.041995424,0.274189975,88452.47313,1994,0.301329733,134738.9242,10055.89661,0.150664866,10668,Domestic
Concholepas_concholepas-Pacific_Southeast,Concholepas concholepas,False abalone,"Abalones, winkles, conchs",Pacific Southeast,0.221324011,0.254360287,0.27571968,0.306254709,0.379894577,0.042036698,0.282938525,88452.47313,1995,0.301329733,134738.9242,10055.89661,0.150664866,4031,Domestic
Concholepas_concholepas-Pacific_Southeast,Concholepas concholepas,False abalone,"Abalones, winkles, conchs",Pacific Southeast,0.21182528,0.244889746,0.264278156,0.298981241,0.372749064,0.040941571,0.273749274,88452.47313,1996,0.301329733,134738.9242,10055.89661,0.150664866,5269,Domestic
Concholepas_concholepas-Pacific_Southeast,Concholepas concholepas,False abalone,"Abalones, winkles, conchs",Pacific Southeast,0.166156474,0.199057242,0.222615077,0.256901341,0.3239362,0.042111415,0.230251776,88452.47313,1997,0.301329733,134738.9242,10055.89661,0.150664866,7520,Domestic
Concholepas_concholepas-Pacific_Southeast,Concholepas concholepas,False abalone,"Abalones, winkles, conchs",Pacific Southeast,0.1740469,0.20506917,0.230342315,0.263946988,0.341932491,0.044884308,0.238312424,88452.47313,1998,0.301329733,134738.9242,10055.89661,0.150664866,3394,Domestic
Concholepas_concholepas-Pacific_Southeast,Concholepas concholepas,False abalone,"Abalones, winkles, conchs",Pacific Southeast,0.158239959,0.193306146,0.222108829,0.254519179,0.339801158,0.049429913,0.231144768,88452.47313,1999,0.301329733,134738.9242,10055.89661,0.150664866,4583,Domestic
Concholepas_concholepas-Pacific_Southeast,Concholepas concholepas,False abalone,"Abalones, winkles, conchs",Pacific Southeast,0.166042657,0.213094884,0.23989068,0.277498182,0.370001329,0.053329305,0.250337675,88452.47313,2000,0.301329733,134738.9242,10055.89661,0.150664866,2679,Domestic
Concholepas_concholepas-Pacific_Southeast,Concholepas concholepas,False abalone,"Abalones, winkles, conchs",Pacific Southeast,0.212652847,0.254904396,0.284285994,0.320419675,0.421444144,0.05568106,0.29356507,88452.47313,2001,0.301329733,134738.9242,10055.89661,0.150664866,1350,Domestic
Concholepas_concholepas-Pacific_Southeast,Concholepas concholepas,False abalone,"Abalones, winkles, conchs",Pacific Southeast,0.24657807,0.293552591,0.321441297,0.357302183,0.47637816,0.057159155,0.331135107,88452.47313,2002,0.301329733,134738.9242,10055.89661,0.150664866,2308,Domestic
Concholepas_concholepas-Pacific_Southeast,Concholepas concholepas,False abalone,"Abalones, winkles, conchs",Pacific Southeast,0.273565718,0.315950502,0.344580647,0.383520769,0.487987994,0.057034769,0.355013824,88452.47313,2003,0.301329733,134738.9242,10055.89661,0.150664866,3621,Domestic
Concholepas_concholepas-Pacific_Southeast,Concholepas concholepas,False abalone,"Abalones, winkles, conchs",Pacific Southeast,0.26245192,0.306186227,0.334057888,0.372314221,0.470373688,0.056260005,0.343242295,88452.47313,2004,0.301329733,134738.9242,10055.89661,0.150664866,6507,Domestic
Concholepas_concholepas-Pacific_Southeast,Concholepas concholepas,False abalone,"Abalones, winkles, conchs",Pacific Southeast,0.242927735,0.280131922,0.312211961,0.355496364,0.463802559,0.058862897,0.324768263,88452.47313,2005,0.301329733,134738.9242,10055.89661,0.150664866,6799,Domestic
Concholepas_concholepas-Pacific_Southeast,Concholepas concholepas,False abalone,"Abalones, winkles, conchs",Pacific Southeast,0.2208594,0.263869968,0.300110013,0.342256083,0.460075781,0.063560411,0.309708118,88452.47313,2006,0.301329733,134738.9242,10055.89661,0.150664866,6261,Domestic
Concholepas_concholepas-Pacific_Southeast,Concholepas concholepas,False abalone,"Abalones, winkles, conchs",Pacific Southeast,0.208532381,0.251561644,0.294971858,0.339457535,0.47622083,0.068794224,0.303679063,88452.47313,2007,0.301329733,134738.9242,10055.89661,0.150664866,5474,Domestic
Concholepas_concholepas-Pacific_Southeast,Concholepas concholepas,False abalone,"Abalones, winkles, conchs",Pacific Southeast,0.183305989,0.232114485,0.279858635,0.334526997,0.466597731,0.075870531,0.290177033,88452.47313,2008,0.301329733,134738.9242,10055.89661,0.150664866,5967,Domestic
Concholepas_concholepas-Pacific_Southeast,Concholepas concholepas,False abalone,"Abalones, winkles, conchs",Pacific Southeast,0.177461132,0.23944999,0.294601837,0.356414097,0.482416502,0.08385818,0.303795083,88452.47313,2009,0.301329733,134738.9242,10055.89661,0.150664866,3915,Domestic
Concholepas_concholepas-Pacific_Southeast,Concholepas concholepas,False abalone,"Abalones, winkles, conchs",Pacific Southeast,0.152181673,0.227408787,0.289277599,0.359359107,0.505836891,0.095420791,0.299721656,88452.47313,2010,0.301329733,134738.9242,10055.89661,0.150664866,5246,Domestic
Concholepas_concholepas-Pacific_Southeast,Concholepas concholepas,False abalone,"Abalones, winkles, conchs",Pacific Southeast,0.14506167,0.238365506,0.316052542,0.402852026,0.54462525,0.108728036,0.319580213,88452.47313,2011,0.301329733,134738.9242,10055.89661,0.150664866,3450,Domestic
Concholepas_concholepas-Pacific_Southeast,Concholepas concholepas,False abalone,"Abalones, winkles, conchs",Pacific Southeast,0.133140497,0.24648345,0.343061978,0.444977073,0.576089837,0.122774794,0.342465575,88452.47313,2012,0.301329733,134738.9242,10055.89661,0.150664866,3564,Domestic
Concholepas_concholepas-Pacific_Southeast,Concholepas concholepas,False abalone,"Abalones, winkles, conchs",Pacific Southeast,0.126631158,0.2681582,0.385047751,0.501840927,0.640588912,0.141798329,0.381965056,88452.47313,2013,0.301329733,134738.9242,10055.89661,0.150664866,2806,Domestic
Concholepas_concholepas-Pacific_Southeast,Concholepas concholepas,False abalone,"Abalones, winkles, conchs",Pacific Southeast,0.107431634,0.291678268,0.424627261,0.552015586,0.688151754,0.163612247,0.417015392,88452.47313,2014,0.301329733,134738.9242,10055.89661,0.150664866,3592,Domestic
Concholepas_concholepas-Pacific_Southeast,Concholepas concholepas,False abalone,"Abalones, winkles, conchs",Pacific Southeast,0.096098889,0.318251323,0.477849444,0.627513097,0.752605808,0.190101901,0.467724404,88452.47313,2015,0.301329733,134738.9242,10055.89661,0.150664866,2875,Domestic
Concholepas_concholepas-Pacific_Southeast,Concholepas concholepas,False abalone,"Abalones, winkles, conchs",Pacific Southeast,0.046463942,0.316226792,0.515251862,0.667810064,0.785868453,0.217870043,0.488016094,88452.47313,2016,0.301329733,134738.9242,10055.89661,0.150664866,5235,Domestic
Crassostrea_gigas-Pacific_Eastern Central,Crassostrea gigas,Pacific cupped oyster,Oysters,Pacific Eastern Central,1.056132699,1.34597397,1.511245712,1.661886499,1.924695534,0.226345994,1.512326325,26733.03125,1950,0.279844714,38039.31939,2650.851257,0.139922357,155,Domestic
Crassostrea_gigas-Pacific_Eastern Central,Crassostrea gigas,Pacific cupped oyster,Oysters,Pacific Eastern Central,1.177681366,1.451678449,1.605402335,1.755957951,1.94175416,0.200298891,1.595314325,26733.03125,1951,0.279844714,38039.31939,2650.851257,0.139922357,176,Domestic
Crassostrea_gigas-Pacific_Eastern Central,Crassostrea gigas,Pacific cupped oyster,Oysters,Pacific Eastern Central,1.290194368,1.554745379,1.686756679,1.791565067,1.924128061,0.173712721,1.666391469,26733.03125,1952,0.279844714,38039.31939,2650.851257,0.139922357,181,Domestic
Crassostrea_gigas-Pacific_Eastern Central,Crassostrea gigas,Pacific cupped oyster,Oysters,Pacific Eastern Central,1.424116145,1.640853256,1.755913362,1.845511382,1.971994486,0.149494677,1.737669657,26733.03125,1953,0.279844714,38039.31939,2650.851257,0.139922357,153,Domestic
Crassostrea_gigas-Pacific_Eastern Central,Crassostrea gigas,Pacific cupped oyster,Oysters,Pacific Eastern Central,1.511402928,1.712432003,1.791636031,1.877743238,1.973370782,0.125077718,1.784768375,26733.03125,1954,0.279844714,38039.31939,2650.851257,0.139922357,287,Domestic
Crassostrea_gigas-Pacific_Eastern Central,Crassostrea gigas,Pacific cupped oyster,Oysters,Pacific Eastern Central,1.559748096,1.729761502,1.814340863,1.891851458,1.987480438,0.112747657,1.80636176,26733.03125,1955,0.279844714,38039.31939,2650.851257,0.139922357,840,Domestic
Crassostrea_gigas-Pacific_Eastern Central,Crassostrea gigas,Pacific cupped oyster,Oysters,Pacific Eastern Central,1.529858777,1.660897323,1.745279644,1.826270446,1.970251644,0.11531864,1.74289988,26733.03125,1956,0.279844714,38039.31939,2650.851257,0.139922357,2862,Domestic
Crassostrea_gigas-Pacific_Eastern Central,Crassostrea gigas,Pacific cupped oyster,Oysters,Pacific Eastern Central,1.340479296,1.482884734,1.550474871,1.632933831,1.842783533,0.119770489,1.562312047,26733.03125,1957,0.279844714,38039.31939,2650.851257,0.139922357,5160,Domestic
Crassostrea_gigas-Pacific_Eastern Central,Crassostrea gigas,Pacific cupped oyster,Oysters,Pacific Eastern Central,1.225884455,1.391051623,1.460521011,1.538240233,1.717070478,0.11816609,1.465190351,26733.03125,1958,0.279844714,38039.31939,2650.851257,0.139922357,4378,Domestic
Crassostrea_gigas-Pacific_Eastern Central,Crassostrea gigas,Pacific cupped oyster,Oysters,Pacific Eastern Central,1.096670898,1.194387591,1.266617891,1.344062506,1.528319725,0.114643803,1.278605542,26733.03125,1959,0.279844714,38039.31939,2650.851257,0.139922357,6249,Domestic
Crassostrea_gigas-Pacific_Eastern Central,Crassostrea gigas,Pacific cupped oyster,Oysters,Pacific Eastern Central,0.999378929,1.103128945,1.162541829,1.248553069,1.421307781,0.107869114,1.177055364,26733.03125,1960,0.279844714,38039.31939,2650.851257,0.139922357,4848,Domestic
Crassostrea_gigas-Pacific_Eastern Central,Crassostrea gigas,Pacific cupped oyster,Oysters,Pacific Eastern Central,0.92081207,1.014129814,1.072812679,1.159519366,1.300559535,0.104717282,1.088723187,26733.03125,1961,0.279844714,38039.31939,2650.851257,0.139922357,4625,Domestic
Crassostrea_gigas-Pacific_Eastern Central,Crassostrea gigas,Pacific cupped oyster,Oysters,Pacific Eastern Central,0.820547052,0.913856609,0.961001002,1.040062586,1.198260419,0.100133206,0.976466262,26733.03125,1962,0.279844714,38039.31939,2650.851257,0.139922357,5065,Domestic
Crassostrea_gigas-Pacific_Eastern Central,Crassostrea gigas,Pacific cupped oyster,Oysters,Pacific Eastern Central,0.715233654,0.81100508,0.867375036,0.933248255,1.077412814,0.095120084,0.874695045,26733.03125,1963,0.279844714,38039.31939,2650.851257,0.139922357,4799,Domestic
Crassostrea_gigas-Pacific_Eastern Central,Crassostrea gigas,Pacific cupped oyster,Oysters,Pacific Eastern Central,0.594918315,0.683506242,0.740038828,0.804781284,0.945267156,0.089644158,0.748339485,26733.03125,1964,0.279844714,38039.31939,2650.851257,0.139922357,5134,Domestic
Crassostrea_gigas-Pacific_Eastern Central,Crassostrea gigas,Pacific cupped oyster,Oysters,Pacific Eastern Central,0.532776094,0.603997016,0.663916763,0.726668645,0.889670642,0.086807869,0.671228916,26733.03125,1965,0.279844714,38039.31939,2650.851257,0.139922357,4021,Domestic
Crassostrea_gigas-Pacific_Eastern Central,Crassostrea gigas,Pacific cupped oyster,Oysters,Pacific Eastern Central,0.502042523,0.572087859,0.628050933,0.685727496,0.83961203,0.08732337,0.639499928,26733.03125,1966,0.279844714,38039.31939,2650.851257,0.139922357,3033,Domestic
Crassostrea_gigas-Pacific_Eastern Central,Crassostrea gigas,Pacific cupped oyster,Oysters,Pacific Eastern Central,0.477297918,0.548056273,0.598687687,0.661062463,0.806075464,0.084991785,0.610591402,26733.03125,1967,0.279844714,38039.31939,2650.851257,0.139922357,2816,Domestic
Crassostrea_gigas-Pacific_Eastern Central,Crassostrea gigas,Pacific cupped oyster,Oysters,Pacific Eastern Central,0.472480861,0.541152578,0.592717616,0.640630023,0.803792425,0.083757846,0.602224864,26733.03125,1968,0.279844714,38039.31939,2650.851257,0.139922357,2384,Domestic
Crassostrea_gigas-Pacific_Eastern Central,Crassostrea gigas,Pacific cupped oyster,Oysters,Pacific Eastern Central,0.447093597,0.515198218,0.56321947,0.615337773,0.786317525,0.085547978,0.575595541,26733.03125,1969,0.279844714,38039.31939,2650.851257,0.139922357,2711,Domestic
Crassostrea_gigas-Pacific_Eastern Central,Crassostrea gigas,Pacific cupped oyster,Oysters,Pacific Eastern Central,0.333006434,0.402210138,0.450987328,0.51228373,0.675407772,0.086512437,0.464550478,26733.03125,1970,0.279844714,38039.31939,2650.851257,0.139922357,4300,Domestic
Crassostrea_gigas-Pacific_Eastern Central,Crassostrea gigas,Pacific cupped oyster,Oysters,Pacific Eastern Central,0.205337952,0.286561792,0.34121559,0.402909568,0.558912118,0.0916417,0.351764363,26733.03125,1971,0.279844714,38039.31939,2650.851257,0.139922357,4000,Domestic
Crassostrea_gigas-Pacific_Eastern Central,Crassostrea gigas,Pacific cupped oyster,Oysters,Pacific Eastern Central,0.256399157,0.338741137,0.390549483,0.462365374,0.654997584,0.100480932,0.409160292,26733.03125,1972,0.279844714,38039.31939,2650.851257,0.139922357,400,Domestic
Crassostrea_gigas-Pacific_Eastern Central,Crassostrea gigas,Pacific cupped oyster,Oysters,Pacific Eastern Central,0.296806196,0.389742065,0.448226456,0.518845937,0.717913437,0.107134989,0.464360673,26733.03125,1973,0.279844714,38039.31939,2650.851257,0.139922357,600,Domestic
Crassostrea_gigas-Pacific_Eastern Central,Crassostrea gigas,Pacific cupped oyster,Oysters,Pacific Eastern Central,0.341314608,0.431355876,0.498792461,0.568797669,0.786693233,0.110303745,0.511629513,26733.03125,1974,0.279844714,38039.31939,2650.851257,0.139922357,943,Domestic
Crassostrea_gigas-Pacific_Eastern Central,Crassostrea gigas,Pacific cupped oyster,Oysters,Pacific Eastern Central,0.387989339,0.479529592,0.544782997,0.628310562,0.810261937,0.115479537,0.562910246,26733.03125,1975,0.279844714,38039.31939,2650.851257,0.139922357,1013,Domestic
Crassostrea_gigas-Pacific_Eastern Central,Crassostrea gigas,Pacific cupped oyster,Oysters,Pacific Eastern Central,0.465168409,0.550763128,0.616687724,0.691928107,0.933739171,0.11863972,0.633073252,26733.03125,1976,0.279844714,38039.31939,2650.851257,0.139922357,731,Domestic
Crassostrea_gigas-Pacific_Eastern Central,Crassostrea gigas,Pacific cupped oyster,Oysters,Pacific Eastern Central,0.562249902,0.641287822,0.702065857,0.774634312,1.023764457,0.119436444,0.721496319,26733.03125,1977,0.279844714,38039.31939,2650.851257,0.139922357,566,Domestic
Crassostrea_gigas-Pacific_Eastern Central,Crassostrea gigas,Pacific cupped oyster,Oysters,Pacific Eastern Central,0.454351052,0.520511191,0.585963153,0.661603678,0.88605934,0.113875569,0.605431082,26733.03125,1978,0.279844714,38039.31939,2650.851257,0.139922357,4577,Domestic
Crassostrea_gigas-Pacific_Eastern Central,Crassostrea gigas,Pacific cupped oyster,Oysters,Pacific Eastern Central,0.341734475,0.409630407,0.473052452,0.556503934,0.794940146,0.115610551,0.494643621,26733.03125,1979,0.279844714,38039.31939,2650.851257,0.139922357,4265,Domestic
Crassostrea_gigas-Pacific_Eastern Central,Crassostrea gigas,Pacific cupped oyster,Oysters,Pacific Eastern Central,0.228035701,0.308367322,0.368578811,0.460920762,0.7027821,0.121320871,0.393752021,26733.03125,1980,0.279844714,38039.31939,2650.851257,0.139922357,3803,Domestic
Crassostrea_gigas-Pacific_Eastern Central,Crassostrea gigas,Pacific cupped oyster,Oysters,Pacific Eastern Central,0.304062173,0.386140566,0.457499562,0.53559293,0.780905966,0.129210478,0.476209889,26733.03125,1981,0.279844714,38039.31939,2650.851257,0.139922357,42,Domestic
Crassostrea_gigas-Pacific_Eastern Central,Crassostrea gigas,Pacific cupped oyster,Oysters,Pacific Eastern Central,0.315432673,0.404518612,0.474193021,0.564865198,0.83494527,0.135315932,0.496231541,26733.03125,1983,0.279844714,38039.31939,2650.851257,0.139922357,1439,Domestic
Crassostrea_gigas-Pacific_Eastern Central,Crassostrea gigas,Pacific cupped oyster,Oysters,Pacific Eastern Central,0.36215708,0.447404395,0.517282388,0.624633529,0.887954324,0.140873653,0.547198061,26733.03125,1984,0.279844714,38039.31939,2650.851257,0.139922357,933,Domestic
Crassostrea_gigas-Pacific_Eastern Central,Crassostrea gigas,Pacific cupped oyster,Oysters,Pacific Eastern Central,0.377679129,0.463543279,0.543620874,0.640591278,0.907097339,0.148312405,0.570146941,26733.03125,1985,0.279844714,38039.31939,2650.851257,0.139922357,1565,Domestic
Crassostrea_gigas-Pacific_Eastern Central,Crassostrea gigas,Pacific cupped oyster,Oysters,Pacific Eastern Central,0.398611495,0.490075139,0.569641366,0.664597871,0.944029543,0.149975842,0.597598741,26733.03125,1987,0.279844714,38039.31939,2650.851257,0.139922357,1521,Domestic
Crassostrea_gigas-Pacific_Eastern Central,Crassostrea gigas,Pacific cupped oyster,Oysters,Pacific Eastern Central,0.407929815,0.504719941,0.575373421,0.682527348,0.978693906,0.150711716,0.610489925,26733.03125,1988,0.279844714,38039.31939,2650.851257,0.139922357,1755,Domestic
Crassostrea_gigas-Pacific_Eastern Central,Crassostrea gigas,Pacific cupped oyster,Oysters,Pacific Eastern Central,0.417756229,0.511943903,0.590014153,0.699255797,0.989039579,0.152513257,0.621824444,26733.03125,1989,0.279844714,38039.31939,2650.851257,0.139922357,1887,Domestic
Crassostrea_gigas-Pacific_Eastern Central,Crassostrea gigas,Pacific cupped oyster,Oysters,Pacific Eastern Central,0.428163438,0.515319724,0.597638073,0.709445729,1.009148774,0.153637066,0.630020475,26733.03125,1990,0.279844714,38039.31939,2650.851257,0.139922357,1946,Domestic
Crassostrea_gigas-Pacific_Eastern Central,Crassostrea gigas,Pacific cupped oyster,Oysters,Pacific Eastern Central,0.427357404,0.513944066,0.597248421,0.70074304,1.026304982,0.15560841,0.626530844,26733.03125,1991,0.279844714,38039.31939,2650.851257,0.139922357,2221,Domestic
Crassostrea_gigas-Pacific_Eastern Central,Crassostrea gigas,Pacific cupped oyster,Oysters,Pacific Eastern Central,0.427444708,0.516760842,0.587722639,0.712131598,1.036652301,0.156472497,0.628310505,26733.03125,1992,0.279844714,38039.31939,2650.851257,0.139922357,2057,Domestic
Crassostrea_gigas-Pacific_Eastern Central,Crassostrea gigas,Pacific cupped oyster,Oysters,Pacific Eastern Central,0.403358685,0.500646467,0.579384312,0.691707934,1.002399565,0.157415893,0.612593083,26733.03125,1993,0.279844714,38039.31939,2650.851257,0.139922357,2443,Domestic
Crassostrea_gigas-Pacific_Eastern Central,Crassostrea gigas,Pacific cupped oyster,Oysters,Pacific Eastern Central,0.364393813,0.474850577,0.551569239,0.677809693,0.952936424,0.160685804,0.58722331,26733.03125,1994,0.279844714,38039.31939,2650.851257,0.139922357,2583,Domestic
Crassostrea_gigas-Pacific_Eastern Central,Crassostrea gigas,Pacific cupped oyster,Oysters,Pacific Eastern Central,0.373097448,0.485597881,0.564856355,0.690791541,0.995376842,0.164819005,0.604209249,26733.03125,1995,0.279844714,38039.31939,2650.851257,0.139922357,1709,Domestic
Crassostrea_gigas-Pacific_Eastern Central,Crassostrea gigas,Pacific cupped oyster,Oysters,Pacific Eastern Central,0.380604528,0.505581248,0.585439557,0.709640426,1.048080343,0.167603936,0.621232518,26733.03125,1996,0.279844714,38039.31939,2650.851257,0.139922357,1717,Domestic
Crassostrea_gigas-Pacific_Eastern Central,Crassostrea gigas,Pacific cupped oyster,Oysters,Pacific Eastern Central,0.378267948,0.499797019,0.57647308,0.717415696,1.002960651,0.169477974,0.617758896,26733.03125,1997,0.279844714,38039.31939,2650.851257,0.139922357,2176,Domestic
Crassostrea_gigas-Pacific_Eastern Central,Crassostrea gigas,Pacific cupped oyster,Oysters,Pacific Eastern Central,0.366080484,0.495791644,0.581462125,0.718161475,1.012255557,0.173457861,0.614914263,26733.03125,1998,0.279844714,38039.31939,2650.851257,0.139922357,2107,Domestic
Crassostrea_gigas-Pacific_Eastern Central,Crassostrea gigas,Pacific cupped oyster,Oysters,Pacific Eastern Central,0.433192716,0.57196943,0.658880135,0.804830804,1.160616483,0.179555312,0.696755217,26733.03125,1999,0.279844714,38039.31939,2650.851257,0.139922357,539,Domestic
Crassostrea_gigas-Pacific_Eastern Central,Crassostrea gigas,Pacific cupped oyster,Oysters,Pacific Eastern Central,0.442907715,0.583899245,0.68204461,0.816104474,1.120402788,0.178343135,0.711183897,26733.03125,2000,0.279844714,38039.31939,2650.851257,0.139922357,1917,Domestic
Crassostrea_gigas-Pacific_Eastern Central,Crassostrea gigas,Pacific cupped oyster,Oysters,Pacific Eastern Central,0.497593002,0.644573545,0.739024857,0.874361064,1.181445214,0.177968349,0.772887408,26733.03125,2001,0.279844714,38039.31939,2650.851257,0.139922357,1083,Domestic
Crassostrea_gigas-Pacific_Eastern Central,Crassostrea gigas,Pacific cupped oyster,Oysters,Pacific Eastern Central,0.569004321,0.711811581,0.813952998,0.925148851,1.237750497,0.168556565,0.835531967,26733.03125,2002,0.279844714,38039.31939,2650.851257,0.139922357,1083,Domestic
Crassostrea_gigas-Pacific_Eastern Central,Crassostrea gigas,Pacific cupped oyster,Oysters,Pacific Eastern Central,0.657493848,0.771758287,0.874167579,0.990460728,1.259031356,0.157570939,0.894393531,26733.03125,2003,0.279844714,38039.31939,2650.851257,0.139922357,1225,Domestic
Crassostrea_gigas-Pacific_Eastern Central,Crassostrea gigas,Pacific cupped oyster,Oysters,Pacific Eastern Central,0.720376275,0.836584887,0.925737308,1.026536965,1.280588943,0.144872496,0.943110832,26733.03125,2004,0.279844714,38039.31939,2650.851257,0.139922357,1527,Domestic
Crassostrea_gigas-Pacific_Eastern Central,Crassostrea gigas,Pacific cupped oyster,Oysters,Pacific Eastern Central,0.802274622,0.908385965,0.985416365,1.069474868,1.300391843,0.127415144,1.001524777,26733.03125,2005,0.279844714,38039.31939,2650.851257,0.139922357,1283,Domestic
Crassostrea_gigas-Pacific_Eastern Central,Crassostrea gigas,Pacific cupped oyster,Oysters,Pacific Eastern Central,0.517380061,0.607723882,0.675658324,0.760436558,0.925082922,0.11147057,0.691196869,26733.03125,2006,0.279844714,38039.31939,2650.851257,0.139922357,8344,Domestic
Crassostrea_gigas-Pacific_Eastern Central,Crassostrea gigas,Pacific cupped oyster,Oysters,Pacific Eastern Central,0.362386011,0.45497955,0.527530918,0.599907996,0.773541416,0.107254228,0.534856587,26733.03125,2007,0.279844714,38039.31939,2650.851257,0.139922357,5187,Domestic
Crassostrea_gigas-Pacific_Eastern Central,Crassostrea gigas,Pacific cupped oyster,Oysters,Pacific Eastern Central,0.344031911,0.437984386,0.518625344,0.588996598,0.740279596,0.109705463,0.521751519,26733.03125,2008,0.279844714,38039.31939,2650.851257,0.139922357,2235,Domestic
Crassostrea_gigas-Pacific_Eastern Central,Crassostrea gigas,Pacific cupped oyster,Oysters,Pacific Eastern Central,0.307301547,0.404095485,0.493048504,0.575858258,0.720391475,0.114815173,0.49790879,26733.03125,2009,0.279844714,38039.31939,2650.851257,0.139922357,2370,Domestic
Crassostrea_gigas-Pacific_Eastern Central,Crassostrea gigas,Pacific cupped oyster,Oysters,Pacific Eastern Central,0.328810044,0.436725487,0.526771181,0.614775108,0.773702928,0.120251801,0.530900297,26733.03125,2010,0.279844714,38039.31939,2650.851257,0.139922357,1233,Domestic
Crassostrea_gigas-Pacific_Eastern Central,Crassostrea gigas,Pacific cupped oyster,Oysters,Pacific Eastern Central,0.278975278,0.399835116,0.507006205,0.600056802,0.74785195,0.130316289,0.50329757,26733.03125,2011,0.279844714,38039.31939,2650.851257,0.139922357,2533,Domestic
Crassostrea_gigas-Pacific_Eastern Central,Crassostrea gigas,Pacific cupped oyster,Oysters,Pacific Eastern Central,0.273799678,0.426567492,0.550505212,0.636929578,0.774576211,0.140098788,0.533357821,26733.03125,2012,0.279844714,38039.31939,2650.851257,0.139922357,1280,Domestic
Crassostrea_gigas-Pacific_Eastern Central,Crassostrea gigas,Pacific cupped oyster,Oysters,Pacific Eastern Central,0.210631666,0.389988455,0.527089818,0.6274391,0.764141964,0.153668424,0.505329534,26733.03125,2013,0.279844714,38039.31939,2650.851257,0.139922357,2491,Domestic
Crassostrea_gigas-Pacific_Eastern Central,Crassostrea gigas,Pacific cupped oyster,Oysters,Pacific Eastern Central,0.159255938,0.368937199,0.530974936,0.628130652,0.746088327,0.170377461,0.496318377,26733.03125,2014,0.279844714,38039.31939,2650.851257,0.139922357,2042,Domestic
Crassostrea_gigas-Pacific_Eastern Central,Crassostrea gigas,Pacific cupped oyster,Oysters,Pacific Eastern Central,0.11572941,0.353335066,0.561727045,0.658627506,0.774615429,0.191318713,0.505167044,26733.03125,2015,0.279844714,38039.31939,2650.851257,0.139922357,1670,Domestic
Crassostrea_gigas-Pacific_Eastern Central,Crassostrea gigas,Pacific cupped oyster,Oysters,Pacific Eastern Central,0.083896031,0.371696402,0.610966065,0.717791237,0.795834629,0.215345187,0.538242378,26733.03125,2016,0.279844714,38039.31939,2650.851257,0.139922357,1212,Domestic
Crassostrea_gigas-Pacific_Northeast,Crassostrea gigas,Pacific cupped oyster,Oysters,Pacific Northeast,1.07773814,1.297511453,1.461516015,1.649208399,1.925611858,0.229755483,1.476771506,25148.42526,1950,0.573174061,40313.07775,5512.168898,0.286587031,300,Domestic
Crassostrea_gigas-Pacific_Northeast,Crassostrea gigas,Pacific cupped oyster,Oysters,Pacific Northeast,1.254194323,1.511235176,1.673034135,1.816274204,1.972052328,0.198590406,1.656288677,25148.42526,1951,0.573174061,40313.07775,5512.168898,0.286587031,100,Domestic
Crassostrea_gigas-Pacific_Northeast,Crassostrea gigas,Pacific cupped oyster,Oysters,Pacific Northeast,1.364454215,1.62473624,1.750709491,1.850998911,1.973401075,0.163176272,1.72681096,25148.42526,1952,0.573174061,40313.07775,5512.168898,0.286587031,1000,Domestic
Crassostrea_gigas-Pacific_Northeast,Crassostrea gigas,Pacific cupped oyster,Oysters,Pacific Northeast,1.474818212,1.722464519,1.823915994,1.904903009,1.986619026,0.136117619,1.799628277,25148.42526,1953,0.573174061,40313.07775,5512.168898,0.286587031,300,Domestic
Crassostrea_gigas-Pacific_Northeast,Crassostrea gigas,Pacific cupped oyster,Oysters,Pacific Northeast,1.534079141,1.744876006,1.830595286,1.899010809,1.984981189,0.117195199,1.812557471,25148.42526,1954,0.573174061,40313.07775,5512.168898,0.286587031,900,Domestic
Crassostrea_gigas-Pacific_Northeast,Crassostrea gigas,Pacific cupped oyster,Oysters,Pacific Northeast,1.577522058,1.756945986,1.833980901,1.902387102,1.986794295,0.107381386,1.822051328,25148.42526,1955,0.573174061,40313.07775,5512.168898,0.286587031,900,Domestic
Crassostrea_gigas-Pacific_Northeast,Crassostrea gigas,Pacific cupped oyster,Oysters,Pacific Northeast,1.600293727,1.765186633,1.835935555,1.902881067,1.984751448,0.100717222,1.826295664,25148.42526,1956,0.573174061,40313.07775,5512.168898,0.286587031,900,Domestic
Crassostrea_gigas-Pacific_Northeast,Crassostrea gigas,Pacific cupped oyster,Oysters,Pacific Northeast,1.639284115,1.798353318,1.868477356,1.92770388,1.990868062,0.09339217,1.855209661,25148.42526,1957,0.573174061,40313.07775,5512.168898,0.286587031,200,Domestic
Crassostrea_gigas-Pacific_Northeast,Crassostrea gigas,Pacific cupped oyster,Oysters,Pacific Northeast,1.663572456,1.804219075,1.870079692,1.92948649,1.990955426,0.088194563,1.860441468,25148.42526,1958,0.573174061,40313.07775,5512.168898,0.286587031,400,Domestic
Crassostrea_gigas-Pacific_Northeast,Crassostrea gigas,Pacific cupped oyster,Oysters,Pacific Northeast,1.656210962,1.788514085,1.854185687,1.914417636,1.987816777,0.088432589,1.847149138,25148.42526,1959,0.573174061,40313.07775,5512.168898,0.286587031,900,Domestic
Crassostrea_gigas-Pacific_Northeast,Crassostrea gigas,Pacific cupped oyster,Oysters,Pacific Northeast,1.680720444,1.812092499,1.876576985,1.930744679,1.991864858,0.085027319,1.865410003,25148.42526,1960,0.573174061,40313.07775,5512.168898,0.286587031,300,Domestic
Crassostrea_gigas-Pacific_Northeast,Crassostrea gigas,Pacific cupped oyster,Oysters,Pacific Northeast,1.677467784,1.81371402,1.876629482,1.932421207,1.990892633,0.083651493,1.866859851,25148.42526,1961,0.573174061,40313.07775,5512.168898,0.286587031,600,Domestic
Crassostrea_gigas-Pacific_Northeast,Crassostrea gigas,Pacific cupped oyster,Oysters,Pacific Northeast,1.663153402,1.798648914,1.864145231,1.922127287,1.989835454,0.087333637,1.855023406,25148.42526,1962,0.573174061,40313.07775,5512.168898,0.286587031,1100,Domestic
Crassostrea_gigas-Pacific_Northeast,Crassostrea gigas,Pacific cupped oyster,Oysters,Pacific Northeast,1.558849278,1.690405979,1.756243963,1.823732424,1.94609482,0.098268226,1.756459312,25148.42526,1963,0.573174061,40313.07775,5512.168898,0.286587031,3300,Domestic
Crassostrea_gigas-Pacific_Northeast,Crassostrea gigas,Pacific cupped oyster,Oysters,Pacific Northeast,1.527212694,1.663210297,1.734633513,1.806129177,1.941184534,0.104729454,1.734216985,25148.42526,1964,0.573174061,40313.07775,5512.168898,0.286587031,2700,Domestic
Crassostrea_gigas-Pacific_Northeast,Crassostrea gigas,Pacific cupped oyster,Oysters,Pacific Northeast,1.506143259,1.651610496,1.725642294,1.800235811,1.934527995,0.108962042,1.725462521,25148.42526,1965,0.573174061,40313.07775,5512.168898,0.286587031,2600,Domestic
Crassostrea_gigas-Pacific_Northeast,Crassostrea gigas,Pacific cupped oyster,Oysters,Pacific Northeast,1.466669951,1.613757527,1.688275388,1.762005074,1.903677277,0.111063797,1.686963783,25148.42526,1966,0.573174061,40313.07775,5512.168898,0.286587031,3200,Domestic
Crassostrea_gigas-Pacific_Northeast,Crassostrea gigas,Pacific cupped oyster,Oysters,Pacific Northeast,1.496920847,1.652713375,1.73133793,1.809046975,1.939345194,0.113328932,1.728641422,25148.42526,1967,0.573174061,40313.07775,5512.168898,0.286587031,1900,Domestic
Crassostrea_gigas-Pacific_Northeast,Crassostrea gigas,Pacific cupped oyster,Oysters,Pacific Northeast,1.567605261,1.73251278,1.813228734,1.888115842,1.982863008,0.109690774,1.804253406,25148.42526,1968,0.573174061,40313.07775,5512.168898,0.286587031,700,Domestic
Crassostrea_gigas-Pacific_Northeast,Crassostrea gigas,Pacific cupped oyster,Oysters,Pacific Northeast,1.591267563,1.741092795,1.8169506,1.886242667,1.979051452,0.10253662,1.809190931,25148.42526,1969,0.573174061,40313.07775,5512.168898,0.286587031,1500,Domestic
Crassostrea_gigas-Pacific_Northeast,Crassostrea gigas,Pacific cupped oyster,Oysters,Pacific Northeast,1.53626902,1.67826527,1.749815302,1.817056855,1.940237417,0.102506512,1.746928602,25148.42526,1990,0.573174061,40313.07775,5512.168898,0.286587031,2950,Domestic
Crassostrea_gigas-Pacific_Northeast,Crassostrea gigas,Pacific cupped oyster,Oysters,Pacific Northeast,1.591351443,1.737120172,1.812343726,1.883613598,1.979312906,0.102400105,1.806432384,25148.42526,1991,0.573174061,40313.07775,5512.168898,0.286587031,1107,Domestic
Crassostrea_gigas-Pacific_Northeast,Crassostrea gigas,Pacific cupped oyster,Oysters,Pacific Northeast,1.447923913,1.577139996,1.646866365,1.716346529,1.855279342,0.103872134,1.647444952,25148.42526,1996,0.573174061,40313.07775,5512.168898,0.286587031,4989,Domestic
Crassostrea_gigas-Pacific_Northeast,Crassostrea gigas,Pacific cupped oyster,Oysters,Pacific Northeast,1.296608005,1.422555629,1.495705665,1.570995347,1.721111677,0.108673688,1.499200171,25148.42526,1997,0.573174061,40313.07775,5512.168898,0.286587031,6187,Domestic
Crassostrea_gigas-Pacific_Northeast,Crassostrea gigas,Pacific cupped oyster,Oysters,Pacific Northeast,1.488063992,1.636023302,1.715688478,1.803561214,1.947995962,0.119721498,1.717826482,25148.42526,1998,0.573174061,40313.07775,5512.168898,0.286587031,11,Domestic
Crassostrea_gigas-Pacific_Northeast,Crassostrea gigas,Pacific cupped oyster,Oysters,Pacific Northeast,1.336397514,1.458772326,1.529364606,1.602736973,1.747944922,0.105303374,1.532587758,25148.42526,2010,0.573174061,40313.07775,5512.168898,0.286587031,6326,Domestic
Crassostrea_gigas-Pacific_Northeast,Crassostrea gigas,Pacific cupped oyster,Oysters,Pacific Northeast,1.130807015,1.247662914,1.321138811,1.40126199,1.557353175,0.110822688,1.327577967,25148.42526,2011,0.573174061,40313.07775,5512.168898,0.286587031,8084,Domestic
Crassostrea_gigas-Pacific_Northeast,Crassostrea gigas,Pacific cupped oyster,Oysters,Pacific Northeast,0.937157117,1.057919671,1.13962216,1.232495744,1.414759149,0.125340037,1.150638538,25148.42526,2012,0.573174061,40313.07775,5512.168898,0.286587031,8485,Domestic
Crassostrea_gigas-Pacific_Northeast,Crassostrea gigas,Pacific cupped oyster,Oysters,Pacific Northeast,0.895826093,1.006320139,1.095203699,1.211563725,1.420563147,0.141336679,1.11589076,25148.42526,2013,0.573174061,40313.07775,5512.168898,0.286587031,6141,Domestic
Crassostrea_gigas-Pacific_Northeast,Crassostrea gigas,Pacific cupped oyster,Oysters,Pacific Northeast,0.783349016,0.894096398,1.002559413,1.145168693,1.371828983,0.16397374,1.027206328,25148.42526,2014,0.573174061,40313.07775,5512.168898,0.286587031,7162,Domestic
Crassostrea_gigas-Pacific_Northeast,Crassostrea gigas,Pacific cupped oyster,Oysters,Pacific Northeast,0.704184604,0.815780243,0.951659364,1.122545161,1.36789686,0.191382201,0.978954173,25148.42526,2015,0.573174061,40313.07775,5512.168898,0.286587031,6380,Domestic
Crassostrea_gigas-Pacific_Northeast,Crassostrea gigas,Pacific cupped oyster,Oysters,Pacific Northeast,0.611902597,0.741981841,0.91343087,1.116983067,1.362934493,0.223087751,0.936711752,25148.42526,2016,0.573174061,40313.07775,5512.168898,0.286587031,6181,Domestic
Crassostrea_gigas-Pacific_Northwest,Crassostrea gigas,Pacific cupped oyster,Oysters,Pacific Northwest,1.021352645,1.221814916,1.372206991,1.563975803,1.874705897,0.232019807,1.399994596,120410.6389,1950,0.393672932,193229.4623,18210.7113,0.196836466,900,Domestic
Crassostrea_gigas-Pacific_Northwest,Crassostrea gigas,Pacific cupped oyster,Oysters,Pacific Northwest,1.148640655,1.368527752,1.531208509,1.689705522,1.909261364,0.207235305,1.531502594,120410.6389,1951,0.393672932,193229.4623,18210.7113,0.196836466,900,Domestic
Crassostrea_gigas-Pacific_Northwest,Crassostrea gigas,Pacific cupped oyster,Oysters,Pacific Northwest,1.275679089,1.506852971,1.647271202,1.774785608,1.949519726,0.1828641,1.637079912,120410.6389,1952,0.393672932,193229.4623,18210.7113,0.196836466,500,Domestic
Crassostrea_gigas-Pacific_Northwest,Crassostrea gigas,Pacific cupped oyster,Oysters,Pacific Northwest,1.370835263,1.600872539,1.733607382,1.836503226,1.965203142,0.159923537,1.712691728,120410.6389,1953,0.393672932,193229.4623,18210.7113,0.196836466,400,Domestic
Crassostrea_gigas-Pacific_Northwest,Crassostrea gigas,Pacific cupped oyster,Oysters,Pacific Northwest,1.454455778,1.673903111,1.784345477,1.871944192,1.981317752,0.139269089,1.763603745,120410.6389,1954,0.393672932,193229.4623,18210.7113,0.196836466,500,Domestic
Crassostrea_gigas-Pacific_Northwest,Crassostrea gigas,Pacific cupped oyster,Oysters,Pacific Northwest,1.535248556,1.722091783,1.813905364,1.88942279,1.980566441,0.119478758,1.797928569,120410.6389,1955,0.393672932,193229.4623,18210.7113,0.196836466,600,Domestic
Crassostrea_gigas-Pacific_Northwest,Crassostrea gigas,Pacific cupped oyster,Oysters,Pacific Northwest,1.574224645,1.755093254,1.832497716,1.903628664,1.985068754,0.108736868,1.820534867,120410.6389,1956,0.393672932,193229.4623,18210.7113,0.196836466,600,Domestic
Crassostrea_gigas-Pacific_Northwest,Crassostrea gigas,Pacific cupped oyster,Oysters,Pacific Northwest,1.609505735,1.774237892,1.847114561,1.910038015,1.988664258,0.09980269,1.83498839,120410.6389,1957,0.393672932,193229.4623,18210.7113,0.196836466,600,Domestic
Crassostrea_gigas-Pacific_Northwest,Crassostrea gigas,Pacific cupped oyster,Oysters,Pacific Northwest,1.617827646,1.765162893,1.833237317,1.901170253,1.982551431,0.096765025,1.826066846,120410.6389,1958,0.393672932,193229.4623,18210.7113,0.196836466,2800,Domestic
Crassostrea_gigas-Pacific_Northwest,Crassostrea gigas,Pacific cupped oyster,Oysters,Pacific Northwest,1.61383562,1.767931895,1.838681258,1.908630169,1.986219259,0.09844482,1.830791811,120410.6389,1959,0.393672932,193229.4623,18210.7113,0.196836466,2600,Domestic
Crassostrea_gigas-Pacific_Northwest,Crassostrea gigas,Pacific cupped oyster,Oysters,Pacific Northwest,1.602050423,1.760506513,1.827537937,1.899329957,1.984689535,0.100304913,1.821539794,120410.6389,1960,0.393672932,193229.4623,18210.7113,0.196836466,4500,Domestic
Crassostrea_gigas-Pacific_Northwest,Crassostrea gigas,Pacific cupped oyster,Oysters,Pacific Northwest,1.556888763,1.705344096,1.780798577,1.848141507,1.961372411,0.104483979,1.775356938,120410.6389,1961,0.393672932,193229.4623,18210.7113,0.196836466,8708,Domestic
Crassostrea_gigas-Pacific_Northwest,Crassostrea gigas,Pacific cupped oyster,Oysters,Pacific Northwest,1.565245724,1.714051245,1.789370151,1.864253914,1.977868382,0.107514116,1.785160726,120410.6389,1962,0.393672932,193229.4623,18210.7113,0.196836466,4794,Domestic
Crassostrea_gigas-Pacific_Northwest,Crassostrea gigas,Pacific cupped oyster,Oysters,Pacific Northwest,1.556282449,1.699459701,1.776691481,1.852377932,1.961486943,0.106730191,1.774730498,120410.6389,1963,0.393672932,193229.4623,18210.7113,0.196836466,6711,Domestic
Crassostrea_gigas-Pacific_Northwest,Crassostrea gigas,Pacific cupped oyster,Oysters,Pacific Northwest,1.511263503,1.65421477,1.731252625,1.800854104,1.938735937,0.107942228,1.728094325,120410.6389,1964,0.393672932,193229.4623,18210.7113,0.196836466,10214,Domestic
Crassostrea_gigas-Pacific_Northwest,Crassostrea gigas,Pacific cupped oyster,Oysters,Pacific Northwest,1.55513378,1.713471912,1.786697473,1.862188047,1.969403825,0.108539393,1.782708928,120410.6389,1965,0.393672932,193229.4623,18210.7113,0.196836466,1188,Domestic
Crassostrea_gigas-Pacific_Northwest,Crassostrea gigas,Pacific cupped oyster,Oysters,Pacific Northwest,1.569608681,1.729547667,1.801509423,1.866967332,1.976932817,0.103610712,1.793912881,120410.6389,1966,0.393672932,193229.4623,18210.7113,0.196836466,3482,Domestic
Crassostrea_gigas-Pacific_Northwest,Crassostrea gigas,Pacific cupped oyster,Oysters,Pacific Northwest,1.592043925,1.744601148,1.822413756,1.887399257,1.977515381,0.102128706,1.811658122,120410.6389,1967,0.393672932,193229.4623,18210.7113,0.196836466,2460,Domestic
Crassostrea_gigas-Pacific_Northwest,Crassostrea gigas,Pacific cupped oyster,Oysters,Pacific Northwest,1.599288715,1.758184433,1.826813023,1.890850881,1.981925908,0.099177332,1.818036202,120410.6389,1968,0.393672932,193229.4623,18210.7113,0.196836466,3042,Domestic
Crassostrea_gigas-Pacific_Northwest,Crassostrea gigas,Pacific cupped oyster,Oysters,Pacific Northwest,1.609811458,1.767575549,1.837410151,1.899506381,1.982744168,0.097739962,1.827604945,120410.6389,1969,0.393672932,193229.4623,18210.7113,0.196836466,2550,Domestic
Crassostrea_gigas-Pacific_Northwest,Crassostrea gigas,Pacific cupped oyster,Oysters,Pacific Northwest,1.596349183,1.747007435,1.818346117,1.885707121,1.97958614,0.098696187,1.811975737,120410.6389,1970,0.393672932,193229.4623,18210.7113,0.196836466,5644,Domestic
Crassostrea_gigas-Pacific_Northwest,Crassostrea gigas,Pacific cupped oyster,Oysters,Pacific Northwest,1.571025247,1.712826316,1.794847391,1.863180873,1.970761453,0.105365043,1.785797239,120410.6389,1971,0.393672932,193229.4623,18210.7113,0.196836466,7874,Domestic
Crassostrea_gigas-Pacific_Northwest,Crassostrea gigas,Pacific cupped oyster,Oysters,Pacific Northwest,1.528837632,1.688963683,1.767140244,1.839925244,1.962088396,0.11001158,1.762155201,120410.6389,1972,0.393672932,193229.4623,18210.7113,0.196836466,8431,Domestic
Crassostrea_gigas-Pacific_Northwest,Crassostrea gigas,Pacific cupped oyster,Oysters,Pacific Northwest,1.457038284,1.606559631,1.685822006,1.764176799,1.914906426,0.115409979,1.68530729,120410.6389,1973,0.393672932,193229.4623,18210.7113,0.196836466,14820,Domestic
Crassostrea_gigas-Pacific_Northwest,Crassostrea gigas,Pacific cupped oyster,Oysters,Pacific Northwest,1.451595993,1.611543731,1.690975611,1.772407531,1.924152022,0.118925917,1.691025932,120410.6389,1974,0.393672932,193229.4623,18210.7113,0.196836466,8952,Domestic
Crassostrea_gigas-Pacific_Northwest,Crassostrea gigas,Pacific cupped oyster,Oysters,Pacific Northwest,1.457483293,1.610563037,1.69832233,1.777374958,1.92408104,0.119994477,1.694513137,120410.6389,1975,0.393672932,193229.4623,18210.7113,0.196836466,9128,Domestic
Crassostrea_gigas-Pacific_Northwest,Crassostrea gigas,Pacific cupped oyster,Oysters,Pacific Northwest,1.436116858,1.601822918,1.685798594,1.768941599,1.910429217,0.122131279,1.682818957,120410.6389,1976,0.393672932,193229.4623,18210.7113,0.196836466,10082,Domestic
Crassostrea_gigas-Pacific_Northwest,Crassostrea gigas,Pacific cupped oyster,Oysters,Pacific Northwest,1.432330047,1.594015776,1.678634092,1.767610161,1.904522353,0.122953895,1.678121715,120410.6389,1977,0.393672932,193229.4623,18210.7113,0.196836466,10162,Domestic
Crassostrea_gigas-Pacific_Northwest,Crassostrea gigas,Pacific cupped oyster,Oysters,Pacific Northwest,1.38167837,1.540492224,1.62228665,1.704950029,1.863196479,0.122890176,1.62239124,120410.6389,1978,0.393672932,193229.4623,18210.7113,0.196836466,14981,Domestic
Crassostrea_gigas-Pacific_Northwest,Crassostrea gigas,Pacific cupped oyster,Oysters,Pacific Northwest,1.348953812,1.513759499,1.601020563,1.677041302,1.836555562,0.123018345,1.596322444,120410.6389,1979,0.393672932,193229.4623,18210.7113,0.196836466,13548,Domestic
Crassostrea_gigas-Pacific_Northwest,Crassostrea gigas,Pacific cupped oyster,Oysters,Pacific Northwest,1.317611394,1.489600069,1.573803545,1.657132716,1.822328386,0.126813284,1.573166113,120410.6389,1980,0.393672932,193229.4623,18210.7113,0.196836466,14007,Domestic
Crassostrea_gigas-Pacific_Northwest,Crassostrea gigas,Pacific cupped oyster,Oysters,Pacific Northwest,1.353772454,1.538295554,1.626305609,1.715235139,1.881742749,0.132555297,1.624267729,120410.6389,1981,0.393672932,193229.4623,18210.7113,0.196836466,7158,Domestic
Crassostrea_gigas-Pacific_Northwest,Crassostrea gigas,Pacific cupped oyster,Oysters,Pacific Northwest,1.390076796,1.569064713,1.656620434,1.747098087,1.900117914,0.13087395,1.656416256,120410.6389,1982,0.393672932,193229.4623,18210.7113,0.196836466,7882,Domestic
Crassostrea_gigas-Pacific_Northwest,Crassostrea gigas,Pacific cupped oyster,Oysters,Pacific Northwest,1.361854364,1.520711107,1.605387934,1.690991012,1.852718435,0.126151976,1.606772363,120410.6389,1983,0.393672932,193229.4623,18210.7113,0.196836466,14546,Domestic
Crassostrea_gigas-Pacific_Northwest,Crassostrea gigas,Pacific cupped oyster,Oysters,Pacific Northwest,1.379380583,1.551760689,1.638460235,1.72264134,1.886028478,0.127532416,1.636182472,120410.6389,1984,0.393672932,193229.4623,18210.7113,0.196836466,8604,Domestic
Crassostrea_gigas-Pacific_Northwest,Crassostrea gigas,Pacific cupped oyster,Oysters,Pacific Northwest,1.373977675,1.54377971,1.627653269,1.712873309,1.878529921,0.1279144,1.627624243,120410.6389,1985,0.393672932,193229.4623,18210.7113,0.196836466,11685,Domestic
Crassostrea_gigas-Pacific_Northwest,Crassostrea gigas,Pacific cupped oyster,Oysters,Pacific Northwest,1.34715224,1.515907862,1.597308584,1.681149211,1.839465411,0.123831321,1.597679393,120410.6389,1986,0.393672932,193229.4623,18210.7113,0.196836466,13798,Domestic
Crassostrea_gigas-Pacific_Northwest,Crassostrea gigas,Pacific cupped oyster,Oysters,Pacific Northwest,1.307396602,1.484865936,1.56695264,1.644812413,1.805246593,0.122949774,1.564278872,120410.6389,1987,0.393672932,193229.4623,18210.7113,0.196836466,15172,Domestic
Crassostrea_gigas-Pacific_Northwest,Crassostrea gigas,Pacific cupped oyster,Oysters,Pacific Northwest,1.305402926,1.472155897,1.558280061,1.642222216,1.807159697,0.126798954,1.558211064,120410.6389,1988,0.393672932,193229.4623,18210.7113,0.196836466,12879,Domestic
Crassostrea_gigas-Pacific_Northwest,Crassostrea gigas,Pacific cupped oyster,Oysters,Pacific Northwest,1.303699117,1.469104615,1.55470595,1.640685625,1.81373429,0.128438827,1.554753868,120410.6389,1989,0.393672932,193229.4623,18210.7113,0.196836466,13181,Domestic
Crassostrea_gigas-Pacific_Northwest,Crassostrea gigas,Pacific cupped oyster,Oysters,Pacific Northwest,1.267349147,1.434568183,1.521204116,1.606418122,1.755435869,0.12608796,1.518745441,120410.6389,1990,0.393672932,193229.4623,18210.7113,0.196836466,16166,Domestic
Crassostrea_gigas-Pacific_Northwest,Crassostrea gigas,Pacific cupped oyster,Oysters,Pacific Northwest,1.246464297,1.404696138,1.490633408,1.574649564,1.73238561,0.124836952,1.489468839,120410.6389,1991,0.393672932,193229.4623,18210.7113,0.196836466,16533,Domestic
Crassostrea_gigas-Pacific_Northwest,Crassostrea gigas,Pacific cupped oyster,Oysters,Pacific Northwest,1.205307987,1.369646459,1.453951683,1.537939239,1.713778404,0.12552372,1.455212991,120410.6389,1992,0.393672932,193229.4623,18210.7113,0.196836466,17540,Domestic
Crassostrea_gigas-Pacific_Northwest,Crassostrea gigas,Pacific cupped oyster,Oysters,Pacific Northwest,1.082742149,1.229644649,1.310909588,1.392287039,1.566386737,0.122281955,1.313389164,120410.6389,1993,0.393672932,193229.4623,18210.7113,0.196836466,28223,Domestic
Crassostrea_gigas-Pacific_Northwest,Crassostrea gigas,Pacific cupped oyster,Oysters,Pacific Northwest,1.025970596,1.185465549,1.268824735,1.35396289,1.522466192,0.123799337,1.269745205,120410.6389,1994,0.393672932,193229.4623,18210.7113,0.196836466,20712,Domestic
Crassostrea_gigas-Pacific_Northwest,Crassostrea gigas,Pacific cupped oyster,Oysters,Pacific Northwest,1.006370306,1.166596217,1.263051094,1.344433501,1.512822448,0.12968748,1.257970592,120410.6389,1995,0.393672932,193229.4623,18210.7113,0.196836466,18269,Domestic
Crassostrea_gigas-Pacific_Northwest,Crassostrea gigas,Pacific cupped oyster,Oysters,Pacific Northwest,0.987527492,1.162934245,1.250019386,1.345340261,1.509902305,0.133211104,1.251164751,120410.6389,1996,0.393672932,193229.4623,18210.7113,0.196836466,18259,Domestic
Crassostrea_gigas-Pacific_Northwest,Crassostrea gigas,Pacific cupped oyster,Oysters,Pacific Northwest,0.983034594,1.154095452,1.251605337,1.347913252,1.513691645,0.137887227,1.251242883,120410.6389,1997,0.393672932,193229.4623,18210.7113,0.196836466,17210,Domestic
Crassostrea_gigas-Pacific_Northwest,Crassostrea gigas,Pacific cupped oyster,Oysters,Pacific Northwest,1.056879847,1.227597553,1.33140621,1.427748182,1.616349821,0.144371315,1.331997682,120410.6389,1998,0.393672932,193229.4623,18210.7113,0.196836466,9905,Domestic
Crassostrea_gigas-Pacific_Northwest,Crassostrea gigas,Pacific cupped oyster,Oysters,Pacific Northwest,1.112580003,1.273938367,1.375391869,1.478388019,1.665694443,0.14608702,1.379714453,120410.6389,1999,0.393672932,193229.4623,18210.7113,0.196836466,11609,Domestic
Crassostrea_gigas-Pacific_Northwest,Crassostrea gigas,Pacific cupped oyster,Oysters,Pacific Northwest,1.116834007,1.275724807,1.374378923,1.476948994,1.649279902,0.140830201,1.376036641,120410.6389,2000,0.393672932,193229.4623,18210.7113,0.196836466,15939,Domestic
Crassostrea_gigas-Pacific_Northwest,Crassostrea gigas,Pacific cupped oyster,Oysters,Pacific Northwest,1.169396959,1.339162984,1.434340571,1.536607058,1.720812343,0.14268992,1.43692342,120410.6389,2001,0.393672932,193229.4623,18210.7113,0.196836466,10060,Domestic
Crassostrea_gigas-Pacific_Northwest,Crassostrea gigas,Pacific cupped oyster,Oysters,Pacific Northwest,1.238974696,1.405620709,1.506610407,1.607953497,1.797479227,0.144365902,1.510897735,120410.6389,2002,0.393672932,193229.4623,18210.7113,0.196836466,7950,Domestic
Crassostrea_gigas-Pacific_Northwest,Crassostrea gigas,Pacific cupped oyster,Oysters,Pacific Northwest,1.204597717,1.353819084,1.438147307,1.519879807,1.685814527,0.123931898,1.439219258,120410.6389,2003,0.393672932,193229.4623,18210.7113,0.196836466,20201,Domestic
Crassostrea_gigas-Pacific_Northwest,Crassostrea gigas,Pacific cupped oyster,Oysters,Pacific Northwest,1.118450657,1.252783529,1.322105052,1.395175938,1.534209721,0.105819195,1.323289339,120410.6389,2004,0.393672932,193229.4623,18210.7113,0.196836466,25690,Domestic
Crassostrea_gigas-Pacific_Northwest,Crassostrea gigas,Pacific cupped oyster,Oysters,Pacific Northwest,1.030265579,1.14280014,1.206869761,1.272597336,1.418878743,0.098038611,1.210908503,120410.6389,2005,0.393672932,193229.4623,18210.7113,0.196836466,27320,Domestic
Crassostrea_gigas-Pacific_Northwest,Crassostrea gigas,Pacific cupped oyster,Oysters,Pacific Northwest,0.900920299,1.0091099,1.064666225,1.124267391,1.262405233,0.090858277,1.069290783,120410.6389,2006,0.393672932,193229.4623,18210.7113,0.196836466,31016,Domestic
Crassostrea_gigas-Pacific_Northwest,Crassostrea gigas,Pacific cupped oyster,Oysters,Pacific Northwest,0.797272582,0.894268465,0.949438344,1.006939533,1.13760817,0.086133452,0.953180321,120410.6389,2007,0.393672932,193229.4623,18210.7113,0.196836466,29316,Domestic
Crassostrea_gigas-Pacific_Northwest,Crassostrea gigas,Pacific cupped oyster,Oysters,Pacific Northwest,0.688185013,0.775058192,0.829694399,0.890239138,1.031175672,0.085852535,0.83543637,120410.6389,2008,0.393672932,193229.4623,18210.7113,0.196836466,29185,Domestic
Crassostrea_gigas-Pacific_Northwest,Crassostrea gigas,Pacific cupped oyster,Oysters,Pacific Northwest,0.617863028,0.701694101,0.759746147,0.824200929,0.964704285,0.088499333,0.767374302,120410.6389,2009,0.393672932,193229.4623,18210.7113,0.196836466,24254,Domestic
Crassostrea_gigas-Pacific_Northwest,Crassostrea gigas,Pacific cupped oyster,Oysters,Pacific Northwest,0.552779406,0.638421689,0.700606028,0.767137935,0.916880345,0.094888721,0.708754637,120410.6389,2010,0.393672932,193229.4623,18210.7113,0.196836466,22686,Domestic
Crassostrea_gigas-Pacific_Northwest,Crassostrea gigas,Pacific cupped oyster,Oysters,Pacific Northwest,0.449371426,0.536220826,0.610354892,0.689505836,0.833606967,0.104349008,0.618060429,120410.6389,2011,0.393672932,193229.4623,18210.7113,0.196836466,24985,Domestic
Crassostrea_gigas-Pacific_Northwest,Crassostrea gigas,Pacific cupped oyster,Oysters,Pacific Northwest,0.391313717,0.491326221,0.58104248,0.670506246,0.824942438,0.117859347,0.585130228,120410.6389,2012,0.393672932,193229.4623,18210.7113,0.196836466,18424,Domestic
Crassostrea_gigas-Pacific_Northwest,Crassostrea gigas,Pacific cupped oyster,Oysters,Pacific Northwest,0.378882538,0.496835846,0.607104366,0.710518964,0.852440866,0.134262643,0.606735372,120410.6389,2013,0.393672932,193229.4623,18210.7113,0.196836466,12751,Domestic
Crassostrea_gigas-Pacific_Northwest,Crassostrea gigas,Pacific cupped oyster,Oysters,Pacific Northwest,0.285095182,0.421301625,0.558962508,0.683764379,0.814568738,0.15562433,0.553714617,120410.6389,2014,0.393672932,193229.4623,18210.7113,0.196836466,20115,Domestic
Crassostrea_gigas-Pacific_Northwest,Crassostrea gigas,Pacific cupped oyster,Oysters,Pacific Northwest,0.155811663,0.315724425,0.490617751,0.633464627,0.772746126,0.184593554,0.476095355,120410.6389,2015,0.393672932,193229.4623,18210.7113,0.196836466,21484,Domestic
Crassostrea_gigas-Pacific_Northwest,Crassostrea gigas,Pacific cupped oyster,Oysters,Pacific Northwest,0.04534089,0.256836731,0.469717853,0.650168767,0.785068006,0.22486845,0.450210632,120410.6389,2016,0.393672932,193229.4623,18210.7113,0.196836466,15061,Domestic
Crassostrea_rhizophorae-Atlantic_Western Central,Crassostrea rhizophorae,Mangrove cupped oyster,Oysters,Atlantic Western Central,1.032817018,1.28318235,1.470060594,1.66097461,1.911042173,0.242765322,1.467507788,22787.35046,1956,0.335063212,33539.42169,2728.868951,0.167531606,300,CBA
Crassostrea_rhizophorae-Atlantic_Western Central,Crassostrea rhizophorae,Mangrove cupped oyster,Oysters,Atlantic Western Central,1.134506516,1.385586758,1.569642747,1.725995338,1.934653044,0.218566235,1.555322702,22787.35046,1957,0.335063212,33539.42169,2728.868951,0.167531606,500,CBA
Crassostrea_rhizophorae-Atlantic_Western Central,Crassostrea rhizophorae,Mangrove cupped oyster,Oysters,Atlantic Western Central,1.241470762,1.49700534,1.649882364,1.786801163,1.954344539,0.19461548,1.635253177,22787.35046,1958,0.335063212,33539.42169,2728.868951,0.167531606,400,CBA
Crassostrea_rhizophorae-Atlantic_Western Central,Crassostrea rhizophorae,Mangrove cupped oyster,Oysters,Atlantic Western Central,1.321118188,1.566183004,1.702018251,1.82048457,1.960364921,0.171544961,1.685783026,22787.35046,1959,0.335063212,33539.42169,2728.868951,0.167531606,600,CBA
Crassostrea_rhizophorae-Atlantic_Western Central,Crassostrea rhizophorae,Mangrove cupped oyster,Oysters,Atlantic Western Central,1.325731345,1.56048902,1.677764319,1.779140054,1.9248749,0.155677216,1.664132052,22787.35046,1960,0.335063212,33539.42169,2728.868951,0.167531606,1700,CBA
Crassostrea_rhizophorae-Atlantic_Western Central,Crassostrea rhizophorae,Mangrove cupped oyster,Oysters,Atlantic Western Central,1.332356329,1.543081746,1.643142467,1.74342365,1.921967935,0.150780979,1.641300095,22787.35046,1961,0.335063212,33539.42169,2728.868951,0.167531606,1800,CBA
Crassostrea_rhizophorae-Atlantic_Western Central,Crassostrea rhizophorae,Mangrove cupped oyster,Oysters,Atlantic Western Central,1.289761598,1.494244781,1.589005646,1.679184864,1.855658188,0.141688369,1.584052037,22787.35046,1962,0.335063212,33539.42169,2728.868951,0.167531606,2600,CBA
Crassostrea_rhizophorae-Atlantic_Western Central,Crassostrea rhizophorae,Mangrove cupped oyster,Oysters,Atlantic Western Central,1.308301386,1.504826863,1.598578245,1.693090533,1.860670604,0.141136391,1.596652149,22787.35046,1963,0.335063212,33539.42169,2728.868951,0.167531606,1700,CBA
Crassostrea_rhizophorae-Atlantic_Western Central,Crassostrea rhizophorae,Mangrove cupped oyster,Oysters,Atlantic Western Central,1.263641914,1.422403809,1.519611219,1.606216809,1.79208515,0.135994647,1.516259871,22787.35046,1964,0.335063212,33539.42169,2728.868951,0.167531606,3000,CBA
Crassostrea_rhizophorae-Atlantic_Western Central,Crassostrea rhizophorae,Mangrove cupped oyster,Oysters,Atlantic Western Central,1.197827372,1.37944814,1.462422306,1.555142231,1.716979119,0.132935497,1.465320034,22787.35046,1965,0.335063212,33539.42169,2728.868951,0.167531606,2900,CBA
Crassostrea_rhizophorae-Atlantic_Western Central,Crassostrea rhizophorae,Mangrove cupped oyster,Oysters,Atlantic Western Central,1.106153387,1.285743303,1.369213143,1.45799158,1.622509082,0.131802642,1.371658857,22787.35046,1966,0.335063212,33539.42169,2728.868951,0.167531606,3700,CBA
Crassostrea_rhizophorae-Atlantic_Western Central,Crassostrea rhizophorae,Mangrove cupped oyster,Oysters,Atlantic Western Central,1.054256773,1.230606714,1.319677133,1.405460387,1.592708632,0.134746695,1.31842677,22787.35046,1967,0.335063212,33539.42169,2728.868951,0.167531606,3280,CBA
Crassostrea_rhizophorae-Atlantic_Western Central,Crassostrea rhizophorae,Mangrove cupped oyster,Oysters,Atlantic Western Central,1.030007409,1.22634142,1.321713995,1.410895629,1.585164281,0.139981236,1.316879562,22787.35046,1968,0.335063212,33539.42169,2728.868951,0.167531606,2520,CBA
Crassostrea_rhizophorae-Atlantic_Western Central,Crassostrea rhizophorae,Mangrove cupped oyster,Oysters,Atlantic Western Central,1.009352015,1.202604478,1.29497984,1.389552793,1.588668418,0.143446359,1.296153428,22787.35046,1969,0.335063212,33539.42169,2728.868951,0.167531606,2780,CBA
Crassostrea_rhizophorae-Atlantic_Western Central,Crassostrea rhizophorae,Mangrove cupped oyster,Oysters,Atlantic Western Central,0.952773726,1.125398451,1.218558936,1.310373912,1.505302574,0.142693295,1.219462459,22787.35046,1970,0.335063212,33539.42169,2728.868951,0.167531606,3750,CBA
Crassostrea_rhizophorae-Atlantic_Western Central,Crassostrea rhizophorae,Mangrove cupped oyster,Oysters,Atlantic Western Central,0.898592915,1.077271781,1.162117195,1.26608844,1.458794798,0.145441839,1.169351885,22787.35046,1971,0.335063212,33539.42169,2728.868951,0.167531606,3440,CBA
Crassostrea_rhizophorae-Atlantic_Western Central,Crassostrea rhizophorae,Mangrove cupped oyster,Oysters,Atlantic Western Central,0.855928873,1.025747934,1.123032763,1.222656097,1.417216396,0.148855387,1.125997088,22787.35046,1972,0.335063212,33539.42169,2728.868951,0.167531606,3430,CBA
Crassostrea_rhizophorae-Atlantic_Western Central,Crassostrea rhizophorae,Mangrove cupped oyster,Oysters,Atlantic Western Central,0.833478122,1.027382582,1.131447375,1.245785345,1.449274537,0.1588775,1.137328555,22787.35046,1973,0.335063212,33539.42169,2728.868951,0.167531606,2430,CBA
Crassostrea_rhizophorae-Atlantic_Western Central,Crassostrea rhizophorae,Mangrove cupped oyster,Oysters,Atlantic Western Central,0.882314591,1.089760523,1.203050043,1.314917733,1.551028267,0.170521266,1.205797872,22787.35046,1974,0.335063212,33539.42169,2728.868951,0.167531606,1580,CBA
Crassostrea_rhizophorae-Atlantic_Western Central,Crassostrea rhizophorae,Mangrove cupped oyster,Oysters,Atlantic Western Central,0.869041169,1.084199115,1.202030451,1.327308397,1.559554187,0.175798864,1.208643735,22787.35046,1975,0.335063212,33539.42169,2728.868951,0.167531606,2536,CBA
Crassostrea_rhizophorae-Atlantic_Western Central,Crassostrea rhizophorae,Mangrove cupped oyster,Oysters,Atlantic Western Central,0.909925211,1.127130241,1.25196677,1.374291859,1.607967826,0.179912917,1.253024971,22787.35046,1976,0.335063212,33539.42169,2728.868951,0.167531606,1889,CBA
Crassostrea_rhizophorae-Atlantic_Western Central,Crassostrea rhizophorae,Mangrove cupped oyster,Oysters,Atlantic Western Central,0.960615916,1.186477275,1.314440833,1.446959705,1.657459199,0.183097327,1.316063409,22787.35046,1977,0.335063212,33539.42169,2728.868951,0.167531606,1483,CBA
Crassostrea_rhizophorae-Atlantic_Western Central,Crassostrea rhizophorae,Mangrove cupped oyster,Oysters,Atlantic Western Central,1.003584665,1.219495393,1.340212665,1.465496203,1.666881832,0.174763078,1.342198504,22787.35046,1978,0.335063212,33539.42169,2728.868951,0.167531606,1965,CBA
Crassostrea_rhizophorae-Atlantic_Western Central,Crassostrea rhizophorae,Mangrove cupped oyster,Oysters,Atlantic Western Central,1.019494671,1.249309222,1.365549045,1.479502107,1.679499393,0.168539805,1.359736519,22787.35046,1979,0.335063212,33539.42169,2728.868951,0.167531606,2114,CBA
Crassostrea_rhizophorae-Atlantic_Western Central,Crassostrea rhizophorae,Mangrove cupped oyster,Oysters,Atlantic Western Central,1.11185666,1.32338157,1.452550227,1.5603775,1.774293356,0.175013451,1.443579865,22787.35046,1980,0.335063212,33539.42169,2728.868951,0.167531606,971,CBA
Crassostrea_rhizophorae-Atlantic_Western Central,Crassostrea rhizophorae,Mangrove cupped oyster,Oysters,Atlantic Western Central,1.120900146,1.34098537,1.458088446,1.572888007,1.744680377,0.168037753,1.453308834,22787.35046,1981,0.335063212,33539.42169,2728.868951,0.167531606,2028,CBA
Crassostrea_rhizophorae-Atlantic_Western Central,Crassostrea rhizophorae,Mangrove cupped oyster,Oysters,Atlantic Western Central,1.095891493,1.310960503,1.420337991,1.526201454,1.705032579,0.156439961,1.418177922,22787.35046,1982,0.335063212,33539.42169,2728.868951,0.167531606,2743,CBA
Crassostrea_rhizophorae-Atlantic_Western Central,Crassostrea rhizophorae,Mangrove cupped oyster,Oysters,Atlantic Western Central,1.127088843,1.312848969,1.425701398,1.526780262,1.708295964,0.154585945,1.422174686,22787.35046,1983,0.335063212,33539.42169,2728.868951,0.167531606,2190,CBA
Crassostrea_rhizophorae-Atlantic_Western Central,Crassostrea rhizophorae,Mangrove cupped oyster,Oysters,Atlantic Western Central,1.102879229,1.304822516,1.407069724,1.511875304,1.707590265,0.150606376,1.407611245,22787.35046,1984,0.335063212,33539.42169,2728.868951,0.167531606,2470,CBA
Crassostrea_rhizophorae-Atlantic_Western Central,Crassostrea rhizophorae,Mangrove cupped oyster,Oysters,Atlantic Western Central,1.133364332,1.309102335,1.404909681,1.495957601,1.676535467,0.142711182,1.403179737,22787.35046,1985,0.335063212,33539.42169,2728.868951,0.167531606,2367,CBA
Crassostrea_rhizophorae-Atlantic_Western Central,Crassostrea rhizophorae,Mangrove cupped oyster,Oysters,Atlantic Western Central,1.125547261,1.315838894,1.405570812,1.506922851,1.67396436,0.140248444,1.410032548,22787.35046,1986,0.335063212,33539.42169,2728.868951,0.167531606,2203,CBA
Crassostrea_rhizophorae-Atlantic_Western Central,Crassostrea rhizophorae,Mangrove cupped oyster,Oysters,Atlantic Western Central,1.181332645,1.354983779,1.457168288,1.55781385,1.746947674,0.14154771,1.458904987,22787.35046,1987,0.335063212,33539.42169,2728.868951,0.167531606,1535,CBA
Crassostrea_rhizophorae-Atlantic_Western Central,Crassostrea rhizophorae,Mangrove cupped oyster,Oysters,Atlantic Western Central,1.219945839,1.385521455,1.469364999,1.57317453,1.741572685,0.134061878,1.475513952,22787.35046,1988,0.335063212,33539.42169,2728.868951,0.167531606,1913,CBA
Crassostrea_rhizophorae-Atlantic_Western Central,Crassostrea rhizophorae,Mangrove cupped oyster,Oysters,Atlantic Western Central,1.198654131,1.341868797,1.430263368,1.506734732,1.663788054,0.120511544,1.427661874,22787.35046,1989,0.335063212,33539.42169,2728.868951,0.167531606,2916,CBA
Crassostrea_rhizophorae-Atlantic_Western Central,Crassostrea rhizophorae,Mangrove cupped oyster,Oysters,Atlantic Western Central,0.96663637,1.080416254,1.146248123,1.209682463,1.352526175,0.096770301,1.147557808,22787.35046,1990,0.335063212,33539.42169,2728.868951,0.167531606,6878,CBA
Crassostrea_rhizophorae-Atlantic_Western Central,Crassostrea rhizophorae,Mangrove cupped oyster,Oysters,Atlantic Western Central,0.950349214,1.057386863,1.120653491,1.187959312,1.314361737,0.094838151,1.124172554,22787.35046,1991,0.335063212,33539.42169,2728.868951,0.167531606,3136,CBA
Crassostrea_rhizophorae-Atlantic_Western Central,Crassostrea rhizophorae,Mangrove cupped oyster,Oysters,Atlantic Western Central,0.917472448,1.01620563,1.07376581,1.134275218,1.253705064,0.087395415,1.07720798,22787.35046,1992,0.335063212,33539.42169,2728.868951,0.167531606,3491,CBA
Crassostrea_rhizophorae-Atlantic_Western Central,Crassostrea rhizophorae,Mangrove cupped oyster,Oysters,Atlantic Western Central,0.880061306,0.96637292,1.018649616,1.076746237,1.181521306,0.07923219,1.021692756,22787.35046,1993,0.335063212,33539.42169,2728.868951,0.167531606,3679,CBA
Crassostrea_rhizophorae-Atlantic_Western Central,Crassostrea rhizophorae,Mangrove cupped oyster,Oysters,Atlantic Western Central,0.774901722,0.847903552,0.894565162,0.942145643,1.0340969,0.067078119,0.895788983,22787.35046,1994,0.335063212,33539.42169,2728.868951,0.167531606,4827,CBA
Crassostrea_rhizophorae-Atlantic_Western Central,Crassostrea rhizophorae,Mangrove cupped oyster,Oysters,Atlantic Western Central,0.619343055,0.673993914,0.710683936,0.747272758,0.820734963,0.052810355,0.712052277,22787.35046,1995,0.335063212,33539.42169,2728.868951,0.167531606,5721,CBA
Crassostrea_rhizophorae-Atlantic_Western Central,Crassostrea rhizophorae,Mangrove cupped oyster,Oysters,Atlantic Western Central,0.50076271,0.551503716,0.582294703,0.612778176,0.684497021,0.047451738,0.585027223,22787.35046,1996,0.335063212,33539.42169,2728.868951,0.167531606,4589,CBA
Crassostrea_rhizophorae-Atlantic_Western Central,Crassostrea rhizophorae,Mangrove cupped oyster,Oysters,Atlantic Western Central,0.417849345,0.463686628,0.493244345,0.523259217,0.597831609,0.045417934,0.495687513,22787.35046,1997,0.335063212,33539.42169,2728.868951,0.167531606,3722,CBA
Crassostrea_rhizophorae-Atlantic_Western Central,Crassostrea rhizophorae,Mangrove cupped oyster,Oysters,Atlantic Western Central,0.383098191,0.429814525,0.45762901,0.486772463,0.555026269,0.043550104,0.45960712,22787.35046,1998,0.335063212,33539.42169,2728.868951,0.167531606,2606,CBA
Crassostrea_rhizophorae-Atlantic_Western Central,Crassostrea rhizophorae,Mangrove cupped oyster,Oysters,Atlantic Western Central,0.376622146,0.422810606,0.448275169,0.477415088,0.544090737,0.041637007,0.450681032,22787.35046,1999,0.335063212,33539.42169,2728.868951,0.167531606,2050,CBA
Crassostrea_rhizophorae-Atlantic_Western Central,Crassostrea rhizophorae,Mangrove cupped oyster,Oysters,Atlantic Western Central,0.39931564,0.442227568,0.463468303,0.491108903,0.550774657,0.038196891,0.467288193,22787.35046,2000,0.335063212,33539.42169,2728.868951,0.167531606,1625,CBA
Crassostrea_rhizophorae-Atlantic_Western Central,Crassostrea rhizophorae,Mangrove cupped oyster,Oysters,Atlantic Western Central,0.291396169,0.330958723,0.353650915,0.379859874,0.443360761,0.037921701,0.356907013,22787.35046,2001,0.335063212,33539.42169,2728.868951,0.167531606,3762,CBA
Crassostrea_rhizophorae-Atlantic_Western Central,Crassostrea rhizophorae,Mangrove cupped oyster,Oysters,Atlantic Western Central,0.335987,0.372059504,0.39264617,0.414156137,0.472992075,0.034733,0.394935054,22787.35046,2002,0.335063212,33539.42169,2728.868951,0.167531606,944,CBA
Crassostrea_rhizophorae-Atlantic_Western Central,Crassostrea rhizophorae,Mangrove cupped oyster,Oysters,Atlantic Western Central,0.302318776,0.334964291,0.354996455,0.374676996,0.441518295,0.033750695,0.358425216,22787.35046,2003,0.335063212,33539.42169,2728.868951,0.167531606,2304,CBA
Crassostrea_rhizophorae-Atlantic_Western Central,Crassostrea rhizophorae,Mangrove cupped oyster,Oysters,Atlantic Western Central,0.249318328,0.278120181,0.295654526,0.316806258,0.381439246,0.032958265,0.300443988,22787.35046,2004,0.335063212,33539.42169,2728.868951,0.167531606,2533,CBA
Crassostrea_rhizophorae-Atlantic_Western Central,Crassostrea rhizophorae,Mangrove cupped oyster,Oysters,Atlantic Western Central,0.201254131,0.224724987,0.243854204,0.266610203,0.335221182,0.035070983,0.249997981,22787.35046,2005,0.335063212,33539.42169,2728.868951,0.167531606,2201,CBA
Crassostrea_rhizophorae-Atlantic_Western Central,Crassostrea rhizophorae,Mangrove cupped oyster,Oysters,Atlantic Western Central,0.186620527,0.21190044,0.233722398,0.259599846,0.328208025,0.037386728,0.240564957,22787.35046,2006,0.335063212,33539.42169,2728.868951,0.167531606,1335,CBA
Crassostrea_rhizophorae-Atlantic_Western Central,Crassostrea rhizophorae,Mangrove cupped oyster,Oysters,Atlantic Western Central,0.159275549,0.188201787,0.211707089,0.244261483,0.31995262,0.042300573,0.219903743,22787.35046,2007,0.335063212,33539.42169,2728.868951,0.167531606,1485,CBA
Crassostrea_rhizophorae-Atlantic_Western Central,Crassostrea rhizophorae,Mangrove cupped oyster,Oysters,Atlantic Western Central,0.119003388,0.148938002,0.181031675,0.220736478,0.301770663,0.049908691,0.189145751,22787.35046,2008,0.335063212,33539.42169,2728.868951,0.167531606,1556,CBA
Crassostrea_rhizophorae-Atlantic_Western Central,Crassostrea rhizophorae,Mangrove cupped oyster,Oysters,Atlantic Western Central,0.063364752,0.097169158,0.139672049,0.18974824,0.282800543,0.061352993,0.148240582,22787.35046,2009,0.335063212,33539.42169,2728.868951,0.167531606,1577,CBA
Crassostrea_rhizophorae-Atlantic_Western Central,Crassostrea rhizophorae,Mangrove cupped oyster,Oysters,Atlantic Western Central,0.024602769,0.070188961,0.126442798,0.188607848,0.287134111,0.075690944,0.134108468,22787.35046,2010,0.335063212,33539.42169,2728.868951,0.167531606,937,CBA
Crassostrea_rhizophorae-Atlantic_Western Central,Crassostrea rhizophorae,Mangrove cupped oyster,Oysters,Atlantic Western Central,0.033183672,0.093234729,0.163183356,0.239677753,0.352391019,0.091378145,0.17087447,22787.35046,2011,0.335063212,33539.42169,2728.868951,0.167531606,18,CBA
Crassostrea_rhizophorae-Atlantic_Western Central,Crassostrea rhizophorae,Mangrove cupped oyster,Oysters,Atlantic Western Central,0.043592461,0.124808776,0.213094747,0.306037985,0.423741978,0.110394769,0.217919082,22787.35046,2012,0.335063212,33539.42169,2728.868951,0.167531606,15,CBA
Crassostrea_rhizophorae-Atlantic_Western Central,Crassostrea rhizophorae,Mangrove cupped oyster,Oysters,Atlantic Western Central,0.026002865,0.134513396,0.244021704,0.357763466,0.482343159,0.133431661,0.245727657,22787.35046,2013,0.335063212,33539.42169,2728.868951,0.167531606,516,CBA
Crassostrea_rhizophorae-Atlantic_Western Central,Crassostrea rhizophorae,Mangrove cupped oyster,Oysters,Atlantic Western Central,0.029642708,0.171975645,0.312558404,0.442230101,0.571667937,0.161592754,0.305578582,22787.35046,2014,0.335063212,33539.42169,2728.868951,0.167531606,98,CBA
Crassostrea_rhizophorae-Atlantic_Western Central,Crassostrea rhizophorae,Mangrove cupped oyster,Oysters,Atlantic Western Central,0.038978601,0.220415561,0.394641278,0.547752904,0.687893031,0.193227117,0.381489748,22787.35046,2015,0.335063212,33539.42169,2728.868951,0.167531606,29,CBA
Crassostrea_rhizophorae-Atlantic_Western Central,Crassostrea rhizophorae,Mangrove cupped oyster,Oysters,Atlantic Western Central,0.053246171,0.288362997,0.49925247,0.679425361,0.790043742,0.228043485,0.472524863,22787.35046,2016,0.335063212,33539.42169,2728.868951,0.167531606,9,CBA
Crassostrea_virginica-Atlantic_Northwest,Crassostrea virginica,American cupped oyster,Oysters,Atlantic Northwest,NA,NA,NA,NA,NA,NA,NA,NA,NA,NA,NA,NA,NA,NA,Domestic
Crassostrea_virginica-Atlantic_Western Central,Crassostrea virginica,American cupped oyster,Oysters,Atlantic Western Central,0.396740558,0.57646253,0.79060557,1.054747281,1.387055374,0.290614988,0.825413004,361247.4368,1950,0.430599335,998424.5962,98551.85674,0.215299668,43120,Domestic
Crassostrea_virginica-Atlantic_Western Central,Crassostrea virginica,American cupped oyster,Oysters,Atlantic Western Central,0.438334586,0.664705713,0.905939664,1.18977432,1.570724041,0.323099605,0.935975446,361247.4368,1951,0.430599335,998424.5962,98551.85674,0.215299668,38022,Domestic
Crassostrea_virginica-Atlantic_Western Central,Crassostrea virginica,American cupped oyster,Oysters,Atlantic Western Central,0.468397038,0.738366852,1.011156171,1.29567433,1.661719589,0.341795016,1.024697242,361247.4368,1952,0.430599335,998424.5962,98551.85674,0.215299668,48339,Domestic
Crassostrea_virginica-Atlantic_Western Central,Crassostrea virginica,American cupped oyster,Oysters,Atlantic Western Central,0.49586488,0.809693818,1.109269314,1.387182078,1.738175185,0.353597549,1.104900202,361247.4368,1953,0.430599335,998424.5962,98551.85674,0.215299668,49931,Domestic
Crassostrea_virginica-Atlantic_Western Central,Crassostrea virginica,American cupped oyster,Oysters,Atlantic Western Central,0.550947934,0.919588087,1.232107982,1.497320886,1.80175745,0.357720387,1.205026502,361247.4368,1954,0.430599335,998424.5962,98551.85674,0.215299668,36906,Domestic
Crassostrea_virginica-Atlantic_Western Central,Crassostrea virginica,American cupped oyster,Oysters,Atlantic Western Central,0.614146181,1.030602826,1.358264257,1.596810456,1.867526503,0.35568668,1.307211073,361247.4368,1955,0.430599335,998424.5962,98551.85674,0.215299668,32365,Domestic
Crassostrea_virginica-Atlantic_Western Central,Crassostrea virginica,American cupped oyster,Oysters,Atlantic Western Central,0.679456365,1.143967558,1.437450147,1.6556919,1.886926374,0.338900434,1.385844387,361247.4368,1956,0.430599335,998424.5962,98551.85674,0.215299668,36922,Domestic
Crassostrea_virginica-Atlantic_Western Central,Crassostrea virginica,American cupped oyster,Oysters,Atlantic Western Central,0.745659374,1.239113655,1.514294596,1.697869174,1.907660402,0.31782773,1.449255547,361247.4368,1957,0.430599335,998424.5962,98551.85674,0.215299668,39234,Domestic
Crassostrea_virginica-Atlantic_Western Central,Crassostrea virginica,American cupped oyster,Oysters,Atlantic Western Central,0.835356936,1.346781832,1.595232998,1.756206808,1.949612816,0.298132981,1.528418744,361247.4368,1958,0.430599335,998424.5962,98551.85674,0.215299668,26145,Domestic
Crassostrea_virginica-Atlantic_Western Central,Crassostrea virginica,American cupped oyster,Oysters,Atlantic Western Central,0.919615329,1.417484652,1.63387471,1.764468148,1.925657154,0.268089476,1.565851417,361247.4368,1959,0.430599335,998424.5962,98551.85674,0.215299668,38836,Domestic
Crassostrea_virginica-Atlantic_Western Central,Crassostrea virginica,American cupped oyster,Oysters,Atlantic Western Central,0.963832195,1.458336342,1.634773628,1.747398359,1.911140596,0.242659951,1.576576756,361247.4368,1960,0.430599335,998424.5962,98551.85674,0.215299668,49876,Domestic
Crassostrea_virginica-Atlantic_Western Central,Crassostrea virginica,American cupped oyster,Oysters,Atlantic Western Central,1.011284678,1.475849137,1.62329438,1.725882207,1.883195498,0.219943107,1.576082151,361247.4368,1961,0.430599335,998424.5962,98551.85674,0.215299668,57984,Domestic
Crassostrea_virginica-Atlantic_Western Central,Crassostrea virginica,American cupped oyster,Oysters,Atlantic Western Central,1.059348814,1.493452816,1.624134799,1.72622504,1.887488459,0.204792052,1.58751079,361247.4368,1962,0.430599335,998424.5962,98551.85674,0.215299668,54152,Domestic
Crassostrea_virginica-Atlantic_Western Central,Crassostrea virginica,American cupped oyster,Oysters,Atlantic Western Central,1.086305665,1.480193208,1.597068561,1.688481777,1.860245933,0.185832921,1.566584343,361247.4368,1963,0.430599335,998424.5962,98551.85674,0.215299668,68601,Domestic
Crassostrea_virginica-Atlantic_Western Central,Crassostrea virginica,American cupped oyster,Oysters,Atlantic Western Central,1.119400782,1.483316866,1.588713097,1.684492233,1.857604021,0.176783316,1.568380854,361247.4368,1964,0.430599335,998424.5962,98551.85674,0.215299668,61929,Domestic
Crassostrea_virginica-Atlantic_Western Central,Crassostrea virginica,American cupped oyster,Oysters,Atlantic Western Central,1.168888795,1.498358652,1.60398138,1.697845152,1.85576577,0.169524237,1.585010057,361247.4368,1965,0.430599335,998424.5962,98551.85674,0.215299668,55192,Domestic
Crassostrea_virginica-Atlantic_Western Central,Crassostrea virginica,American cupped oyster,Oysters,Atlantic Western Central,1.234402778,1.526702749,1.635379272,1.725859513,1.892334578,0.16511078,1.616112727,361247.4368,1966,0.430599335,998424.5962,98551.85674,0.215299668,46739,Domestic
Crassostrea_virginica-Atlantic_Western Central,Crassostrea virginica,American cupped oyster,Oysters,Atlantic Western Central,1.245589072,1.530858901,1.629289279,1.718098866,1.882880174,0.157055448,1.61458981,361247.4368,1967,0.430599335,998424.5962,98551.85674,0.215299668,58520,Domestic
Crassostrea_virginica-Atlantic_Western Central,Crassostrea virginica,American cupped oyster,Oysters,Atlantic Western Central,1.230310453,1.473506004,1.562985434,1.645036654,1.810804448,0.143862832,1.554212026,361247.4368,1968,0.430599335,998424.5962,98551.85674,0.215299668,86735,Domestic
Crassostrea_virginica-Atlantic_Western Central,Crassostrea virginica,American cupped oyster,Oysters,Atlantic Western Central,1.244710968,1.473139715,1.565043826,1.647589048,1.807257052,0.14295558,1.554577101,361247.4368,1969,0.430599335,998424.5962,98551.85674,0.215299668,67101,Domestic
Crassostrea_virginica-Atlantic_Western Central,Crassostrea virginica,American cupped oyster,Oysters,Atlantic Western Central,1.249714663,1.466372603,1.558953994,1.640864785,1.803233523,0.139952269,1.549010148,361247.4368,1970,0.430599335,998424.5962,98551.85674,0.215299668,70600,Domestic
Crassostrea_virginica-Atlantic_Western Central,Crassostrea virginica,American cupped oyster,Oysters,Atlantic Western Central,1.236388658,1.449230811,1.54049646,1.625604996,1.782252856,0.138696547,1.533640753,361247.4368,1971,0.430599335,998424.5962,98551.85674,0.215299668,74500,Domestic
Crassostrea_virginica-Atlantic_Western Central,Crassostrea virginica,American cupped oyster,Oysters,Atlantic Western Central,1.279062331,1.483401002,1.575465588,1.662098451,1.815694648,0.139729248,1.568045272,361247.4368,1972,0.430599335,998424.5962,98551.85674,0.215299668,53400,Domestic
Crassostrea_virginica-Atlantic_Western Central,Crassostrea virginica,American cupped oyster,Oysters,Atlantic Western Central,1.311440531,1.522932672,1.618412038,1.713479802,1.879317979,0.144498759,1.613709768,361247.4368,1973,0.430599335,998424.5962,98551.85674,0.215299668,43700,Domestic
Crassostrea_virginica-Atlantic_Western Central,Crassostrea virginica,American cupped oyster,Oysters,Atlantic Western Central,1.339964012,1.544392738,1.637947911,1.726532244,1.883288941,0.137490671,1.630971079,361247.4368,1974,0.430599335,998424.5962,98551.85674,0.215299668,50049,Domestic
Crassostrea_virginica-Atlantic_Western Central,Crassostrea virginica,American cupped oyster,Oysters,Atlantic Western Central,1.385332682,1.586520475,1.677600756,1.76368611,1.910717793,0.134130386,1.67094398,361247.4368,1975,0.430599335,998424.5962,98551.85674,0.215299668,37771,Domestic
Crassostrea_virginica-Atlantic_Western Central,Crassostrea virginica,American cupped oyster,Oysters,Atlantic Western Central,1.342883026,1.510401094,1.593599369,1.669125785,1.828700117,0.122317439,1.588579022,361247.4368,1976,0.430599335,998424.5962,98551.85674,0.215299668,90755,Domestic
Crassostrea_virginica-Atlantic_Western Central,Crassostrea virginica,American cupped oyster,Oysters,Atlantic Western Central,1.324337672,1.487848846,1.571367486,1.64789533,1.817455514,0.123265771,1.568708148,361247.4368,1977,0.430599335,998424.5962,98551.85674,0.215299668,75376,Domestic
Crassostrea_virginica-Atlantic_Western Central,Crassostrea virginica,American cupped oyster,Oysters,Atlantic Western Central,1.28028025,1.428483624,1.511568243,1.58956558,1.752792226,0.122121096,1.511174429,361247.4368,1978,0.430599335,998424.5962,98551.85674,0.215299668,96424,Domestic
Crassostrea_virginica-Atlantic_Western Central,Crassostrea virginica,American cupped oyster,Oysters,Atlantic Western Central,1.237832972,1.39357737,1.478656428,1.558442828,1.732519816,0.124403397,1.479567551,361247.4368,1979,0.430599335,998424.5962,98551.85674,0.215299668,89710,Domestic
Crassostrea_virginica-Atlantic_Western Central,Crassostrea virginica,American cupped oyster,Oysters,Atlantic Western Central,1.17538378,1.330979912,1.413551185,1.498998995,1.672667856,0.124178085,1.415397142,361247.4368,1980,0.430599335,998424.5962,98551.85674,0.215299668,107678,Domestic
Crassostrea_virginica-Atlantic_Western Central,Crassostrea virginica,American cupped oyster,Oysters,Atlantic Western Central,1.172938338,1.328835414,1.405799154,1.493859626,1.654364705,0.124469602,1.410773167,361247.4368,1981,0.430599335,998424.5962,98551.85674,0.215299668,86275,Domestic
Crassostrea_virginica-Atlantic_Western Central,Crassostrea virginica,American cupped oyster,Oysters,Atlantic Western Central,1.107823657,1.250252534,1.32591351,1.412113961,1.588580083,0.123144608,1.332282311,361247.4368,1982,0.430599335,998424.5962,98551.85674,0.215299668,120767,Domestic
Crassostrea_virginica-Atlantic_Western Central,Crassostrea virginica,American cupped oyster,Oysters,Atlantic Western Central,0.961856674,1.098725617,1.177776942,1.266697817,1.457041229,0.125314498,1.186131244,361247.4368,1983,0.430599335,998424.5962,98551.85674,0.215299668,158888,Domestic
Crassostrea_virginica-Atlantic_Western Central,Crassostrea virginica,American cupped oyster,Oysters,Atlantic Western Central,0.915547386,1.051850681,1.13356201,1.222815987,1.412936632,0.128430404,1.142172717,361247.4368,1984,0.430599335,998424.5962,98551.85674,0.215299668,118352,Domestic
Crassostrea_virginica-Atlantic_Western Central,Crassostrea virginica,American cupped oyster,Oysters,Atlantic Western Central,0.836888054,0.985847437,1.070359318,1.164822999,1.360336802,0.132794476,1.078693548,361247.4368,1985,0.430599335,998424.5962,98551.85674,0.215299668,128327,Domestic
Crassostrea_virginica-Atlantic_Western Central,Crassostrea virginica,American cupped oyster,Oysters,Atlantic Western Central,0.828207899,0.993574654,1.080995374,1.172024858,1.362621976,0.136725904,1.085627275,361247.4368,1986,0.430599335,998424.5962,98551.85674,0.215299668,97440,Domestic
Crassostrea_virginica-Atlantic_Western Central,Crassostrea virginica,American cupped oyster,Oysters,Atlantic Western Central,0.82461797,0.995272637,1.092972018,1.189263555,1.390076871,0.142751116,1.095354666,361247.4368,1987,0.430599335,998424.5962,98551.85674,0.215299668,94023,Domestic
Crassostrea_virginica-Atlantic_Western Central,Crassostrea virginica,American cupped oyster,Oysters,Atlantic Western Central,0.84992586,1.028350989,1.133662787,1.233203109,1.436893651,0.148917042,1.134883705,361247.4368,1988,0.430599335,998424.5962,98551.85674,0.215299668,80129,Domestic
Crassostrea_virginica-Atlantic_Western Central,Crassostrea virginica,American cupped oyster,Oysters,Atlantic Western Central,0.887679781,1.070596867,1.174781966,1.283480982,1.499003461,0.155676745,1.179111898,361247.4368,1989,0.430599335,998424.5962,98551.85674,0.215299668,76855,Domestic
Crassostrea_virginica-Atlantic_Western Central,Crassostrea virginica,American cupped oyster,Oysters,Atlantic Western Central,0.895707802,1.082708135,1.188754132,1.300584777,1.518056888,0.158996927,1.195504565,361247.4368,1990,0.430599335,998424.5962,98551.85674,0.215299668,88461,Domestic
Crassostrea_virginica-Atlantic_Western Central,Crassostrea virginica,American cupped oyster,Oysters,Atlantic Western Central,0.961782839,1.154327309,1.266028773,1.383486256,1.624961712,0.170556028,1.272536024,361247.4368,1991,0.430599335,998424.5962,98551.85674,0.215299668,58726,Domestic
Crassostrea_virginica-Atlantic_Western Central,Crassostrea virginica,American cupped oyster,Oysters,Atlantic Western Central,1.006070501,1.197241265,1.309955116,1.429645748,1.661757935,0.169132527,1.317040147,361247.4368,1992,0.430599335,998424.5962,98551.85674,0.215299668,68494,Domestic
Crassostrea_virginica-Atlantic_Western Central,Crassostrea virginica,American cupped oyster,Oysters,Atlantic Western Central,1.026993908,1.207639832,1.321394088,1.427829129,1.636119339,0.15821488,1.320939988,361247.4368,1993,0.430599335,998424.5962,98551.85674,0.215299668,85301,Domestic
Crassostrea_virginica-Atlantic_Western Central,Crassostrea virginica,American cupped oyster,Oysters,Atlantic Western Central,1.038528847,1.214136352,1.325707681,1.432889672,1.619433169,0.152088607,1.325045385,361247.4368,1994,0.430599335,998424.5962,98551.85674,0.215299668,85394,Domestic
Crassostrea_virginica-Atlantic_Western Central,Crassostrea virginica,American cupped oyster,Oysters,Atlantic Western Central,0.983786374,1.150567181,1.242630964,1.334001882,1.493639551,0.132034913,1.241589056,361247.4368,1995,0.430599335,998424.5962,98551.85674,0.215299668,125652,Domestic
Crassostrea_virginica-Atlantic_Western Central,Crassostrea virginica,American cupped oyster,Oysters,Atlantic Western Central,0.970086176,1.120100045,1.20913369,1.296928632,1.455592808,0.126478072,1.208556696,361247.4368,1996,0.430599335,998424.5962,98551.85674,0.215299668,108971,Domestic
Crassostrea_virginica-Atlantic_Western Central,Crassostrea virginica,American cupped oyster,Oysters,Atlantic Western Central,0.965742289,1.117754147,1.203603447,1.290544394,1.457074847,0.126326999,1.204652588,361247.4368,1997,0.430599335,998424.5962,98551.85674,0.215299668,95608,Domestic
Crassostrea_virginica-Atlantic_Western Central,Crassostrea virginica,American cupped oyster,Oysters,Atlantic Western Central,0.956480931,1.103044429,1.187498419,1.271065025,1.435592564,0.122603798,1.189197318,361247.4368,1998,0.430599335,998424.5962,98551.85674,0.215299668,101957,Domestic
Crassostrea_virginica-Atlantic_Western Central,Crassostrea virginica,American cupped oyster,Oysters,Atlantic Western Central,0.979313969,1.122357552,1.208019122,1.294537502,1.468554756,0.125202549,1.211985245,361247.4368,1999,0.430599335,998424.5962,98551.85674,0.215299668,85150,Domestic
Crassostrea_virginica-Atlantic_Western Central,Crassostrea virginica,American cupped oyster,Oysters,Atlantic Western Central,0.827542452,0.935792429,0.990932413,1.045585492,1.155859523,0.082959877,0.991064634,361247.4368,2000,0.430599335,998424.5962,98551.85674,0.215299668,195113,Domestic
Crassostrea_virginica-Atlantic_Western Central,Crassostrea virginica,American cupped oyster,Oysters,Atlantic Western Central,0.731536223,0.822656261,0.866001671,0.911481342,1.015118711,0.070885129,0.868164852,361247.4368,2001,0.430599335,998424.5962,98551.85674,0.215299668,156485,Domestic
Crassostrea_virginica-Atlantic_Western Central,Crassostrea virginica,American cupped oyster,Oysters,Atlantic Western Central,0.650684191,0.722975376,0.760383889,0.801779771,0.906747857,0.063892356,0.764755209,361247.4368,2002,0.430599335,998424.5962,98551.85674,0.215299668,145951,Domestic
Crassostrea_virginica-Atlantic_Western Central,Crassostrea virginica,American cupped oyster,Oysters,Atlantic Western Central,0.528783282,0.591373374,0.628196652,0.6729999,0.774017778,0.063564077,0.635429344,361247.4368,2003,0.430599335,998424.5962,98551.85674,0.215299668,153878,Domestic
Crassostrea_virginica-Atlantic_Western Central,Crassostrea virginica,American cupped oyster,Oysters,Atlantic Western Central,0.502353253,0.561129364,0.596929826,0.639772718,0.748307936,0.062428762,0.604418783,361247.4368,2004,0.430599335,998424.5962,98551.85674,0.215299668,99656,Domestic
Crassostrea_virginica-Atlantic_Western Central,Crassostrea virginica,American cupped oyster,Oysters,Atlantic Western Central,0.438751565,0.494696101,0.533054174,0.579376941,0.685466895,0.065277306,0.541566513,361247.4368,2005,0.430599335,998424.5962,98551.85674,0.215299668,111446,Domestic
Crassostrea_virginica-Atlantic_Western Central,Crassostrea virginica,American cupped oyster,Oysters,Atlantic Western Central,0.43517383,0.48962375,0.525911321,0.571377272,0.68332326,0.064338632,0.535125325,361247.4368,2006,0.430599335,998424.5962,98551.85674,0.215299668,79389,Domestic
Crassostrea_virginica-Atlantic_Western Central,Crassostrea virginica,American cupped oyster,Oysters,Atlantic Western Central,0.388981184,0.443614269,0.483439496,0.534486122,0.654196391,0.068507223,0.494072078,361247.4368,2007,0.430599335,998424.5962,98551.85674,0.215299668,95093,Domestic
Crassostrea_virginica-Atlantic_Western Central,Crassostrea virginica,American cupped oyster,Oysters,Atlantic Western Central,0.37248787,0.426086998,0.4687091,0.522554561,0.643067872,0.072058704,0.480139194,361247.4368,2008,0.430599335,998424.5962,98551.85674,0.215299668,78144,Domestic
Crassostrea_virginica-Atlantic_Western Central,Crassostrea virginica,American cupped oyster,Oysters,Atlantic Western Central,0.334733674,0.389160734,0.436950462,0.50188177,0.624460422,0.079715196,0.450736547,361247.4368,2009,0.430599335,998424.5962,98551.85674,0.215299668,84229,Domestic
Crassostrea_virginica-Atlantic_Western Central,Crassostrea virginica,American cupped oyster,Oysters,Atlantic Western Central,0.333878006,0.391458934,0.444867992,0.516297896,0.644016018,0.085426742,0.458666628,361247.4368,2010,0.430599335,998424.5962,98551.85674,0.215299668,63085,Domestic
Crassostrea_virginica-Atlantic_Western Central,Crassostrea virginica,American cupped oyster,Oysters,Atlantic Western Central,0.306121811,0.380041448,0.442331229,0.52331319,0.659146187,0.094724665,0.455469754,361247.4368,2011,0.430599335,998424.5962,98551.85674,0.215299668,69536,Domestic
Crassostrea_virginica-Atlantic_Western Central,Crassostrea virginica,American cupped oyster,Oysters,Atlantic Western Central,0.246520345,0.330469255,0.407167533,0.499999402,0.643927855,0.110265692,0.420088468,361247.4368,2012,0.430599335,998424.5962,98551.85674,0.215299668,84188,Domestic
Crassostrea_virginica-Atlantic_Western Central,Crassostrea virginica,American cupped oyster,Oysters,Atlantic Western Central,0.202112124,0.307283294,0.404524926,0.510637327,0.659820945,0.129147751,0.412088971,361247.4368,2013,0.430599335,998424.5962,98551.85674,0.215299668,66680,Domestic
Crassostrea_virginica-Atlantic_Western Central,Crassostrea virginica,American cupped oyster,Oysters,Atlantic Western Central,0.176348656,0.316629908,0.442287833,0.558077211,0.702172996,0.151060149,0.439766079,361247.4368,2014,0.430599335,998424.5962,98551.85674,0.215299668,48046,Domestic
Crassostrea_virginica-Atlantic_Western Central,Crassostrea virginica,American cupped oyster,Oysters,Atlantic Western Central,0.123194621,0.307684137,0.46905799,0.605489153,0.741104797,0.18096115,0.453393878,361247.4368,2015,0.430599335,998424.5962,98551.85674,0.215299668,57998,Domestic
Crassostrea_virginica-Atlantic_Western Central,Crassostrea virginica,American cupped oyster,Oysters,Atlantic Western Central,0.055256602,0.302060935,0.504249842,0.667363594,0.78758926,0.219282124,0.476198496,361247.4368,2016,0.430599335,998424.5962,98551.85674,0.215299668,54320,Domestic
Dentex_dentex-Atlantic_Eastern Central,Dentex dentex,Common dentex,Miscellaneous coastal fishes,Atlantic Eastern Central,0.613903511,0.849364986,0.959908736,1.058864082,1.245674436,0.159762564,0.951945793,26949.42652,1962,0.143516618,49839.72598,1730.191922,0.071758309,5500,CBA
Dentex_dentex-Atlantic_Eastern Central,Dentex dentex,Common dentex,Miscellaneous coastal fishes,Atlantic Eastern Central,0.510756646,0.726642617,0.828350851,0.929981131,1.119155347,0.155266905,0.82704403,26949.42652,1963,0.143516618,49839.72598,1730.191922,0.071758309,4900,CBA
Dentex_dentex-Atlantic_Eastern Central,Dentex dentex,Common dentex,Miscellaneous coastal fishes,Atlantic Eastern Central,0.433155824,0.629887476,0.731458371,0.835485109,1.051027668,0.154486139,0.733448433,26949.42652,1964,0.143516618,49839.72598,1730.191922,0.071758309,4000,CBA
Dentex_dentex-Atlantic_Eastern Central,Dentex dentex,Common dentex,Miscellaneous coastal fishes,Atlantic Eastern Central,0.429550846,0.627370409,0.725148922,0.830102898,1.045100911,0.15501914,0.727956053,26949.42652,1965,0.143516618,49839.72598,1730.191922,0.071758309,1800,CBA
Dentex_dentex-Atlantic_Eastern Central,Dentex dentex,Common dentex,Miscellaneous coastal fishes,Atlantic Eastern Central,0.380618056,0.566657524,0.674153712,0.776957482,0.984854217,0.156940434,0.675183345,26949.42652,1966,0.143516618,49839.72598,1730.191922,0.071758309,2900,CBA
Dentex_dentex-Atlantic_Eastern Central,Dentex dentex,Common dentex,Miscellaneous coastal fishes,Atlantic Eastern Central,0.379847059,0.575115259,0.673801692,0.784811066,1.0035635,0.159645229,0.682346868,26949.42652,1967,0.143516618,49839.72598,1730.191922,0.071758309,1400,CBA
Dentex_dentex-Atlantic_Eastern Central,Dentex dentex,Common dentex,Miscellaneous coastal fishes,Atlantic Eastern Central,0.373621559,0.57341611,0.675941308,0.785801612,1.008119368,0.162136394,0.68161231,26949.42652,1968,0.143516618,49839.72598,1730.191922,0.071758309,1600,CBA
Dentex_dentex-Atlantic_Eastern Central,Dentex dentex,Common dentex,Miscellaneous coastal fishes,Atlantic Eastern Central,0.375959066,0.581669617,0.688215215,0.789415208,1.011174089,0.162545284,0.689569286,26949.42652,1969,0.143516618,49839.72598,1730.191922,0.071758309,1400,CBA
Dentex_dentex-Atlantic_Eastern Central,Dentex dentex,Common dentex,Miscellaneous coastal fishes,Atlantic Eastern Central,0.386557242,0.591782599,0.697902787,0.807251323,1.028307321,0.164081479,0.700104294,26949.42652,1970,0.143516618,49839.72598,1730.191922,0.071758309,1300,CBA
Dentex_dentex-Atlantic_Eastern Central,Dentex dentex,Common dentex,Miscellaneous coastal fishes,Atlantic Eastern Central,0.400481291,0.60295847,0.709316899,0.819171387,1.030408741,0.165164936,0.712837818,26949.42652,1971,0.143516618,49839.72598,1730.191922,0.071758309,1300,CBA
Dentex_dentex-Atlantic_Eastern Central,Dentex dentex,Common dentex,Miscellaneous coastal fishes,Atlantic Eastern Central,0.456102178,0.665271022,0.775016781,0.878234939,1.090533605,0.165410652,0.772737632,26949.42652,1972,0.143516618,49839.72598,1730.191922,0.071758309,108,CBA
Dentex_dentex-Atlantic_Eastern Central,Dentex dentex,Common dentex,Miscellaneous coastal fishes,Atlantic Eastern Central,0.492746715,0.693955966,0.806995041,0.910762023,1.119586841,0.163368528,0.806222667,26949.42652,1974,0.143516618,49839.72598,1730.191922,0.071758309,817,CBA
Dentex_dentex-Atlantic_Eastern Central,Dentex dentex,Common dentex,Miscellaneous coastal fishes,Atlantic Eastern Central,0.495761868,0.700148936,0.812846331,0.917685187,1.118166249,0.162038474,0.810210941,26949.42652,1976,0.143516618,49839.72598,1730.191922,0.071758309,1587,CBA
Dentex_dentex-Atlantic_Eastern Central,Dentex dentex,Common dentex,Miscellaneous coastal fishes,Atlantic Eastern Central,0.464216628,0.660301567,0.765807511,0.873081895,1.080378087,0.158601224,0.766999945,26949.42652,1977,0.143516618,49839.72598,1730.191922,0.071758309,2680,CBA
Dentex_dentex-Atlantic_Eastern Central,Dentex dentex,Common dentex,Miscellaneous coastal fishes,Atlantic Eastern Central,0.450243336,0.644229916,0.748043815,0.856268241,1.075517339,0.157320792,0.750432161,26949.42652,1978,0.143516618,49839.72598,1730.191922,0.071758309,2051,CBA
Dentex_dentex-Atlantic_Eastern Central,Dentex dentex,Common dentex,Miscellaneous coastal fishes,Atlantic Eastern Central,0.443359754,0.636524147,0.739275435,0.8430714,1.040078377,0.153767206,0.740762234,26949.42652,1979,0.143516618,49839.72598,1730.191922,0.071758309,1790,CBA
Dentex_dentex-Atlantic_Eastern Central,Dentex dentex,Common dentex,Miscellaneous coastal fishes,Atlantic Eastern Central,0.426323965,0.614571535,0.711791669,0.813187468,1.022899844,0.149859155,0.714960568,26949.42652,1980,0.143516618,49839.72598,1730.191922,0.071758309,2144,CBA
Dentex_dentex-Atlantic_Eastern Central,Dentex dentex,Common dentex,Miscellaneous coastal fishes,Atlantic Eastern Central,0.489138363,0.67482892,0.774911291,0.869495053,1.085476459,0.149478439,0.776531039,26949.42652,1981,0.143516618,49839.72598,1730.191922,0.071758309,39,CBA
Dentex_dentex-Atlantic_Eastern Central,Dentex dentex,Common dentex,Miscellaneous coastal fishes,Atlantic Eastern Central,0.519353618,0.69333338,0.785815437,0.882056932,1.105311119,0.148802889,0.790480312,26949.42652,1982,0.143516618,49839.72598,1730.191922,0.071758309,1226,CBA
Dentex_dentex-Atlantic_Eastern Central,Dentex dentex,Common dentex,Miscellaneous coastal fishes,Atlantic Eastern Central,0.538429401,0.711195058,0.804194576,0.888296037,1.113423969,0.144929863,0.807351632,26949.42652,1983,0.143516618,49839.72598,1730.191922,0.071758309,1210,CBA
Dentex_dentex-Atlantic_Eastern Central,Dentex dentex,Common dentex,Miscellaneous coastal fishes,Atlantic Eastern Central,0.546060439,0.707202222,0.790143922,0.877492779,1.083462166,0.138013134,0.796682953,26949.42652,1984,0.143516618,49839.72598,1730.191922,0.071758309,1892,CBA
Dentex_dentex-Atlantic_Eastern Central,Dentex dentex,Common dentex,Miscellaneous coastal fishes,Atlantic Eastern Central,0.534195624,0.687965743,0.767961075,0.853208243,1.058931326,0.130102215,0.774185603,26949.42652,1985,0.143516618,49839.72598,1730.191922,0.071758309,2188,CBA
Dentex_dentex-Atlantic_Eastern Central,Dentex dentex,Common dentex,Miscellaneous coastal fishes,Atlantic Eastern Central,0.530608422,0.681225681,0.756981553,0.838311455,1.008646155,0.122445846,0.761058609,26949.42652,1986,0.143516618,49839.72598,1730.191922,0.071758309,1921,CBA
Dentex_dentex-Atlantic_Eastern Central,Dentex dentex,Common dentex,Miscellaneous coastal fishes,Atlantic Eastern Central,0.532382741,0.663751683,0.736497041,0.817524938,0.978003023,0.115269037,0.742068894,26949.42652,1987,0.143516618,49839.72598,1730.191922,0.071758309,2052,CBA
Dentex_dentex-Atlantic_Eastern Central,Dentex dentex,Common dentex,Miscellaneous coastal fishes,Atlantic Eastern Central,0.525790779,0.64937099,0.722708018,0.797382311,0.940286214,0.107094163,0.727214652,26949.42652,1988,0.143516618,49839.72598,1730.191922,0.071758309,1890,CBA
Dentex_dentex-Atlantic_Eastern Central,Dentex dentex,Common dentex,Miscellaneous coastal fishes,Atlantic Eastern Central,0.511324353,0.622475179,0.687575432,0.752317051,0.8911236,0.099178447,0.690681136,26949.42652,1989,0.143516618,49839.72598,1730.191922,0.071758309,2424,CBA
Dentex_dentex-Atlantic_Eastern Central,Dentex dentex,Common dentex,Miscellaneous coastal fishes,Atlantic Eastern Central,0.512994712,0.617050247,0.666463479,0.732980033,0.878139301,0.093326694,0.676963435,26949.42652,1990,0.143516618,49839.72598,1730.191922,0.071758309,1839,CBA
Dentex_dentex-Atlantic_Eastern Central,Dentex dentex,Common dentex,Miscellaneous coastal fishes,Atlantic Eastern Central,0.458593748,0.540715893,0.58488631,0.644450724,0.777252967,0.080532793,0.594888341,26949.42652,1991,0.143516618,49839.72598,1730.191922,0.071758309,3485,CBA
Dentex_dentex-Atlantic_Eastern Central,Dentex dentex,Common dentex,Miscellaneous coastal fishes,Atlantic Eastern Central,0.336665114,0.403195637,0.440933542,0.485119488,0.58490186,0.064568439,0.446590122,26949.42652,1992,0.143516618,49839.72598,1730.191922,0.071758309,5009,CBA
Dentex_dentex-Atlantic_Eastern Central,Dentex dentex,Common dentex,Miscellaneous coastal fishes,Atlantic Eastern Central,0.232140966,0.283384194,0.312515901,0.350234582,0.452769659,0.056590435,0.320126511,26949.42652,1993,0.143516618,49839.72598,1730.191922,0.071758309,4239,CBA
Dentex_dentex-Atlantic_Eastern Central,Dentex dentex,Common dentex,Miscellaneous coastal fishes,Atlantic Eastern Central,0.122685742,0.157905921,0.182805371,0.221172286,0.345089636,0.057273099,0.19625637,26949.42652,1994,0.143516618,49839.72598,1730.191922,0.071758309,3922,CBA
Dentex_dentex-Atlantic_Eastern Central,Dentex dentex,Common dentex,Miscellaneous coastal fishes,Atlantic Eastern Central,0.091852087,0.123727792,0.14982932,0.192047413,0.327004777,0.060217079,0.165543721,26949.42652,1995,0.143516618,49839.72598,1730.191922,0.071758309,1322,CBA
Dentex_dentex-Atlantic_Eastern Central,Dentex dentex,Common dentex,Miscellaneous coastal fishes,Atlantic Eastern Central,0.066936764,0.098182164,0.128128195,0.174325457,0.317571107,0.064327628,0.144487307,26949.42652,1996,0.143516618,49839.72598,1730.191922,0.071758309,995,CBA
Dentex_dentex-Atlantic_Eastern Central,Dentex dentex,Common dentex,Miscellaneous coastal fishes,Atlantic Eastern Central,0.069216052,0.103598188,0.134030194,0.185462842,0.330967139,0.067868992,0.151887468,26949.42652,1997,0.143516618,49839.72598,1730.191922,0.071758309,239,CBA
Dentex_dentex-Atlantic_Eastern Central,Dentex dentex,Common dentex,Miscellaneous coastal fishes,Atlantic Eastern Central,0.065843516,0.101905605,0.135720511,0.191257545,0.34089405,0.071857976,0.153978646,26949.42652,1998,0.143516618,49839.72598,1730.191922,0.071758309,389,CBA
Dentex_dentex-Atlantic_Eastern Central,Dentex dentex,Common dentex,Miscellaneous coastal fishes,Atlantic Eastern Central,0.06763353,0.105609749,0.143460466,0.201551979,0.355028574,0.076385923,0.161820599,26949.42652,1999,0.143516618,49839.72598,1730.191922,0.071758309,255,CBA
Dentex_dentex-Atlantic_Eastern Central,Dentex dentex,Common dentex,Miscellaneous coastal fishes,Atlantic Eastern Central,0.073483979,0.114503649,0.156748008,0.218917047,0.373343052,0.080151483,0.174960149,26949.42652,2000,0.143516618,49839.72598,1730.191922,0.071758309,134,CBA
Dentex_dentex-Atlantic_Eastern Central,Dentex dentex,Common dentex,Miscellaneous coastal fishes,Atlantic Eastern Central,0.073072109,0.115473469,0.16224266,0.230567572,0.388838172,0.084776372,0.181682149,26949.42652,2001,0.143516618,49839.72598,1730.191922,0.071758309,336,CBA
Dentex_dentex-Atlantic_Eastern Central,Dentex dentex,Common dentex,Miscellaneous coastal fishes,Atlantic Eastern Central,0.06517527,0.112463275,0.164672122,0.235484357,0.400750523,0.09077641,0.183553531,26949.42652,2002,0.143516618,49839.72598,1730.191922,0.071758309,474,CBA
Dentex_dentex-Atlantic_Eastern Central,Dentex dentex,Common dentex,Miscellaneous coastal fishes,Atlantic Eastern Central,0.063466875,0.11603697,0.173338191,0.251698778,0.417968131,0.096922254,0.192643677,26949.42652,2003,0.143516618,49839.72598,1730.191922,0.071758309,294,CBA
Dentex_dentex-Atlantic_Eastern Central,Dentex dentex,Common dentex,Miscellaneous coastal fishes,Atlantic Eastern Central,0.055606954,0.115659528,0.179115318,0.261077531,0.43315273,0.103883477,0.197659519,26949.42652,2004,0.143516618,49839.72598,1730.191922,0.071758309,416,CBA
Dentex_dentex-Atlantic_Eastern Central,Dentex dentex,Common dentex,Miscellaneous coastal fishes,Atlantic Eastern Central,0.039758321,0.107153222,0.179027527,0.267662957,0.453740473,0.112338069,0.197106528,26949.42652,2005,0.143516618,49839.72598,1730.191922,0.071758309,563,CBA
Dentex_dentex-Atlantic_Eastern Central,Dentex dentex,Common dentex,Miscellaneous coastal fishes,Atlantic Eastern Central,0.037023442,0.11401656,0.193501414,0.288984717,0.47934086,0.120345224,0.210445616,26949.42652,2006,0.143516618,49839.72598,1730.191922,0.071758309,220,CBA
Dentex_dentex-Atlantic_Eastern Central,Dentex dentex,Common dentex,Miscellaneous coastal fishes,Atlantic Eastern Central,0.036588627,0.124067229,0.211611458,0.313213084,0.507581078,0.129142948,0.227917116,26949.42652,2007,0.143516618,49839.72598,1730.191922,0.071758309,147,CBA
Dentex_dentex-Atlantic_Eastern Central,Dentex dentex,Common dentex,Miscellaneous coastal fishes,Atlantic Eastern Central,0.040012774,0.139017636,0.23933838,0.348968467,0.542402271,0.138577773,0.251494199,26949.42652,2008,0.143516618,49839.72598,1730.191922,0.071758309,52,CBA
Dentex_dentex-Atlantic_Eastern Central,Dentex dentex,Common dentex,Miscellaneous coastal fishes,Atlantic Eastern Central,0.045041953,0.15860318,0.270684725,0.382639946,0.579226698,0.149184984,0.278935914,26949.42652,2009,0.143516618,49839.72598,1730.191922,0.071758309,25,CBA
Dentex_dentex-Atlantic_Eastern Central,Dentex dentex,Common dentex,Miscellaneous coastal fishes,Atlantic Eastern Central,0.050312925,0.180339311,0.305740576,0.425285499,0.61606373,0.159568544,0.308743465,26949.42652,2010,0.143516618,49839.72598,1730.191922,0.071758309,9,CBA
Dentex_dentex-Atlantic_Eastern Central,Dentex dentex,Common dentex,Miscellaneous coastal fishes,Atlantic Eastern Central,0.056422871,0.204007856,0.345902599,0.471975416,0.653835893,0.171366192,0.342928206,26949.42652,2011,0.143516618,49839.72598,1730.191922,0.071758309,6,CBA
Dentex_dentex-Atlantic_Eastern Central,Dentex dentex,Common dentex,Miscellaneous coastal fishes,Atlantic Eastern Central,0.042002029,0.20345956,0.361438098,0.499635922,0.673350451,0.182993715,0.354737155,26949.42652,2013,0.143516618,49839.72598,1730.191922,0.071758309,585,CBA
Dentex_dentex-Atlantic_Eastern Central,Dentex dentex,Common dentex,Miscellaneous coastal fishes,Atlantic Eastern Central,0.041765519,0.222008959,0.397503015,0.553169467,0.712082318,0.196535701,0.386862468,26949.42652,2014,0.143516618,49839.72598,1730.191922,0.071758309,121,CBA
Dentex_dentex-Atlantic_Eastern Central,Dentex dentex,Common dentex,Miscellaneous coastal fishes,Atlantic Eastern Central,0.044265159,0.246024175,0.439704593,0.604814706,0.753571598,0.211440639,0.42245167,26949.42652,2015,0.143516618,49839.72598,1730.191922,0.071758309,110,CBA
Dentex_dentex-Atlantic_Eastern Central,Dentex dentex,Common dentex,Miscellaneous coastal fishes,Atlantic Eastern Central,0.04912863,0.272250715,0.485593096,0.656765697,0.785753921,0.224954764,0.459093637,26949.42652,2016,0.143516618,49839.72598,1730.191922,0.071758309,89,CBA
Dentex_dentex-Mediterranean and Black Sea,Dentex dentex,Common dentex,Miscellaneous coastal fishes,Mediterranean and Black Sea,0.941712964,1.131375362,1.292552134,1.497178854,1.808126236,0.238246009,1.319470113,33581.11193,1950,0.153067799,53232.10676,1930.735457,0.076533899,200,CBA
Dentex_dentex-Mediterranean and Black Sea,Dentex dentex,Common dentex,Miscellaneous coastal fishes,Mediterranean and Black Sea,0.987272948,1.194618072,1.355365165,1.54367042,1.831016548,0.231757119,1.375500933,33581.11193,1951,0.153067799,53232.10676,1930.735457,0.076533899,100,CBA
Dentex_dentex-Mediterranean and Black Sea,Dentex dentex,Common dentex,Miscellaneous coastal fishes,Mediterranean and Black Sea,1.029362217,1.251775729,1.41620655,1.589642671,1.853020992,0.225111344,1.422899019,33581.11193,1952,0.153067799,53232.10676,1930.735457,0.076533899,200,CBA
Dentex_dentex-Mediterranean and Black Sea,Dentex dentex,Common dentex,Miscellaneous coastal fishes,Mediterranean and Black Sea,1.06514214,1.305143124,1.463153939,1.630924421,1.879111974,0.218184803,1.468326227,33581.11193,1953,0.153067799,53232.10676,1930.735457,0.076533899,200,CBA
Dentex_dentex-Mediterranean and Black Sea,Dentex dentex,Common dentex,Miscellaneous coastal fishes,Mediterranean and Black Sea,1.101106612,1.350741131,1.513809773,1.665597483,1.894573203,0.211809177,1.508161551,33581.11193,1954,0.153067799,53232.10676,1930.735457,0.076533899,200,CBA
Dentex_dentex-Mediterranean and Black Sea,Dentex dentex,Common dentex,Miscellaneous coastal fishes,Mediterranean and Black Sea,1.144811953,1.397633335,1.553787458,1.6982548,1.906738318,0.204989782,1.545538115,33581.11193,1955,0.153067799,53232.10676,1930.735457,0.076533899,200,CBA
Dentex_dentex-Mediterranean and Black Sea,Dentex dentex,Common dentex,Miscellaneous coastal fishes,Mediterranean and Black Sea,1.171115949,1.443041614,1.58871172,1.733046562,1.92080531,0.197644277,1.579082301,33581.11193,1956,0.153067799,53232.10676,1930.735457,0.076533899,200,CBA
Dentex_dentex-Mediterranean and Black Sea,Dentex dentex,Common dentex,Miscellaneous coastal fishes,Mediterranean and Black Sea,1.219315979,1.479008997,1.625883093,1.757637255,1.936482662,0.190718175,1.610668676,33581.11193,1957,0.153067799,53232.10676,1930.735457,0.076533899,200,CBA
Dentex_dentex-Mediterranean and Black Sea,Dentex dentex,Common dentex,Miscellaneous coastal fishes,Mediterranean and Black Sea,1.242331539,1.49879139,1.640164036,1.769622185,1.937690553,0.185502297,1.625901986,33581.11193,1958,0.153067799,53232.10676,1930.735457,0.076533899,600,CBA
Dentex_dentex-Mediterranean and Black Sea,Dentex dentex,Common dentex,Miscellaneous coastal fishes,Mediterranean and Black Sea,1.256046255,1.506779094,1.646472343,1.76921534,1.936005108,0.181220418,1.630887818,33581.11193,1959,0.153067799,53232.10676,1930.735457,0.076533899,800,CBA
Dentex_dentex-Mediterranean and Black Sea,Dentex dentex,Common dentex,Miscellaneous coastal fishes,Mediterranean and Black Sea,1.263416573,1.507556168,1.645616455,1.758210885,1.930394726,0.176749613,1.628669543,33581.11193,1960,0.153067799,53232.10676,1930.735457,0.076533899,1000,CBA
Dentex_dentex-Mediterranean and Black Sea,Dentex dentex,Common dentex,Miscellaneous coastal fishes,Mediterranean and Black Sea,1.258071173,1.50689116,1.632663289,1.749141603,1.917241406,0.172367689,1.621397793,33581.11193,1961,0.153067799,53232.10676,1930.735457,0.076533899,1200,CBA
Dentex_dentex-Mediterranean and Black Sea,Dentex dentex,Common dentex,Miscellaneous coastal fishes,Mediterranean and Black Sea,1.249806182,1.503873181,1.623887549,1.73886189,1.916592075,0.171689096,1.612522317,33581.11193,1962,0.153067799,53232.10676,1930.735457,0.076533899,1300,CBA
Dentex_dentex-Mediterranean and Black Sea,Dentex dentex,Common dentex,Miscellaneous coastal fishes,Mediterranean and Black Sea,1.252398371,1.506294013,1.63455796,1.746818738,1.924466043,0.171874917,1.621143508,33581.11193,1963,0.153067799,53232.10676,1930.735457,0.076533899,900,CBA
Dentex_dentex-Mediterranean and Black Sea,Dentex dentex,Common dentex,Miscellaneous coastal fishes,Mediterranean and Black Sea,1.246886464,1.501278624,1.624200531,1.734548453,1.912745578,0.170220983,1.612949565,33581.11193,1964,0.153067799,53232.10676,1930.735457,0.076533899,1300,CBA
Dentex_dentex-Mediterranean and Black Sea,Dentex dentex,Common dentex,Miscellaneous coastal fishes,Mediterranean and Black Sea,1.255774763,1.501963303,1.624416184,1.740108781,1.914687131,0.169291192,1.615476139,33581.11193,1965,0.153067799,53232.10676,1930.735457,0.076533899,1100,CBA
Dentex_dentex-Mediterranean and Black Sea,Dentex dentex,Common dentex,Miscellaneous coastal fishes,Mediterranean and Black Sea,1.267636143,1.502280235,1.629622438,1.748112694,1.9337504,0.171381536,1.620982698,33581.11193,1966,0.153067799,53232.10676,1930.735457,0.076533899,1000,CBA
Dentex_dentex-Mediterranean and Black Sea,Dentex dentex,Common dentex,Miscellaneous coastal fishes,Mediterranean and Black Sea,1.233174089,1.4763174,1.597286509,1.70769811,1.907944617,0.17159391,1.589229715,33581.11193,1967,0.153067799,53232.10676,1930.735457,0.076533899,2000,CBA
Dentex_dentex-Mediterranean and Black Sea,Dentex dentex,Common dentex,Miscellaneous coastal fishes,Mediterranean and Black Sea,1.209927204,1.453075202,1.573186825,1.687621011,1.875479958,0.170441827,1.565940891,33581.11193,1968,0.153067799,53232.10676,1930.735457,0.076533899,1900,CBA
Dentex_dentex-Mediterranean and Black Sea,Dentex dentex,Common dentex,Miscellaneous coastal fishes,Mediterranean and Black Sea,1.195697253,1.4300383,1.543482682,1.656944475,1.853873749,0.168985578,1.539813137,33581.11193,1969,0.153067799,53232.10676,1930.735457,0.076533899,2000,CBA
Dentex_dentex-Mediterranean and Black Sea,Dentex dentex,Common dentex,Miscellaneous coastal fishes,Mediterranean and Black Sea,1.189251235,1.421056755,1.538909765,1.650071694,1.855994014,0.169225211,1.534094779,33581.11193,1970,0.153067799,53232.10676,1930.735457,0.076533899,1535,CBA
Dentex_dentex-Mediterranean and Black Sea,Dentex dentex,Common dentex,Miscellaneous coastal fishes,Mediterranean and Black Sea,1.189579609,1.419602936,1.535370624,1.652377621,1.851913245,0.169123305,1.531954327,33581.11193,1971,0.153067799,53232.10676,1930.735457,0.076533899,1463,CBA
Dentex_dentex-Mediterranean and Black Sea,Dentex dentex,Common dentex,Miscellaneous coastal fishes,Mediterranean and Black Sea,1.188192622,1.416094308,1.539027369,1.655027904,1.855898917,0.172009381,1.534938546,33581.11193,1972,0.153067799,53232.10676,1930.735457,0.076533899,1406,CBA
Dentex_dentex-Mediterranean and Black Sea,Dentex dentex,Common dentex,Miscellaneous coastal fishes,Mediterranean and Black Sea,1.197994161,1.429356949,1.54906145,1.669245742,1.869088187,0.17211207,1.546918759,33581.11193,1973,0.153067799,53232.10676,1930.735457,0.076533899,1114,CBA
Dentex_dentex-Mediterranean and Black Sea,Dentex dentex,Common dentex,Miscellaneous coastal fishes,Mediterranean and Black Sea,1.211233148,1.436173046,1.559714429,1.67861294,1.870501037,0.171360797,1.555492714,33581.11193,1974,0.153067799,53232.10676,1930.735457,0.076533899,1167,CBA
Dentex_dentex-Mediterranean and Black Sea,Dentex dentex,Common dentex,Miscellaneous coastal fishes,Mediterranean and Black Sea,1.218563586,1.446205422,1.565757377,1.679727398,1.883074275,0.1693817,1.56075083,33581.11193,1975,0.153067799,53232.10676,1930.735457,0.076533899,1202,CBA
Dentex_dentex-Mediterranean and Black Sea,Dentex dentex,Common dentex,Miscellaneous coastal fishes,Mediterranean and Black Sea,1.23394424,1.457795977,1.569910504,1.688360475,1.890846481,0.167493045,1.569463655,33581.11193,1976,0.153067799,53232.10676,1930.735457,0.076533899,1157,CBA
Dentex_dentex-Mediterranean and Black Sea,Dentex dentex,Common dentex,Miscellaneous coastal fishes,Mediterranean and Black Sea,1.237491238,1.454257193,1.565865734,1.679848486,1.881049736,0.164373972,1.565239498,33581.11193,1977,0.153067799,53232.10676,1930.735457,0.076533899,1463,CBA
Dentex_dentex-Mediterranean and Black Sea,Dentex dentex,Common dentex,Miscellaneous coastal fishes,Mediterranean and Black Sea,1.227907879,1.448416464,1.55990377,1.669413992,1.870445545,0.163452093,1.557719062,33581.11193,1978,0.153067799,53232.10676,1930.735457,0.076533899,1596,CBA
Dentex_dentex-Mediterranean and Black Sea,Dentex dentex,Common dentex,Miscellaneous coastal fishes,Mediterranean and Black Sea,1.229748961,1.449535202,1.557237836,1.670469622,1.873260575,0.163308179,1.557576931,33581.11193,1979,0.153067799,53232.10676,1930.735457,0.076533899,1507,CBA
Dentex_dentex-Mediterranean and Black Sea,Dentex dentex,Common dentex,Miscellaneous coastal fishes,Mediterranean and Black Sea,1.231930478,1.441671585,1.550764446,1.660612487,1.862384803,0.160335968,1.549483974,33581.11193,1980,0.153067799,53232.10676,1930.735457,0.076533899,1640,CBA
Dentex_dentex-Mediterranean and Black Sea,Dentex dentex,Common dentex,Miscellaneous coastal fishes,Mediterranean and Black Sea,1.236165182,1.437927931,1.550323323,1.657547983,1.857195274,0.160627119,1.547671453,33581.11193,1981,0.153067799,53232.10676,1930.735457,0.076533899,1533,CBA
Dentex_dentex-Mediterranean and Black Sea,Dentex dentex,Common dentex,Miscellaneous coastal fishes,Mediterranean and Black Sea,1.23267852,1.441010992,1.549014528,1.658110924,1.863916571,0.160189024,1.548872917,33581.11193,1982,0.153067799,53232.10676,1930.735457,0.076533899,1474,CBA
Dentex_dentex-Mediterranean and Black Sea,Dentex dentex,Common dentex,Miscellaneous coastal fishes,Mediterranean and Black Sea,1.225465632,1.423267243,1.529274394,1.636580852,1.838206975,0.156260348,1.531096321,33581.11193,1983,0.153067799,53232.10676,1930.735457,0.076533899,1974,CBA
Dentex_dentex-Mediterranean and Black Sea,Dentex dentex,Common dentex,Miscellaneous coastal fishes,Mediterranean and Black Sea,1.165710667,1.352602765,1.451060091,1.55749975,1.753624646,0.150761893,1.455521174,33581.11193,1984,0.153067799,53232.10676,1930.735457,0.076533899,3555,CBA
Dentex_dentex-Mediterranean and Black Sea,Dentex dentex,Common dentex,Miscellaneous coastal fishes,Mediterranean and Black Sea,1.075542456,1.239971647,1.334242099,1.430605571,1.633456831,0.142698109,1.339828828,33581.11193,1985,0.153067799,53232.10676,1930.735457,0.076533899,4706,CBA
Dentex_dentex-Mediterranean and Black Sea,Dentex dentex,Common dentex,Miscellaneous coastal fishes,Mediterranean and Black Sea,0.993136411,1.150561654,1.239178884,1.336640217,1.534214996,0.137980094,1.24691867,33581.11193,1986,0.153067799,53232.10676,1930.735457,0.076533899,4286,CBA
Dentex_dentex-Mediterranean and Black Sea,Dentex dentex,Common dentex,Miscellaneous coastal fishes,Mediterranean and Black Sea,0.934822279,1.0823929,1.166084836,1.256522499,1.455797154,0.131966799,1.173714377,33581.11193,1987,0.153067799,53232.10676,1930.735457,0.076533899,3848,CBA
Dentex_dentex-Mediterranean and Black Sea,Dentex dentex,Common dentex,Miscellaneous coastal fishes,Mediterranean and Black Sea,0.885857097,1.022222171,1.09991186,1.18543153,1.38278624,0.125077006,1.108269282,33581.11193,1988,0.153067799,53232.10676,1930.735457,0.076533899,3690,CBA
Dentex_dentex-Mediterranean and Black Sea,Dentex dentex,Common dentex,Miscellaneous coastal fishes,Mediterranean and Black Sea,0.848240677,0.974558969,1.04993524,1.128194882,1.315546573,0.119036074,1.057086192,33581.11193,1989,0.153067799,53232.10676,1930.735457,0.076533899,3360,CBA
Dentex_dentex-Mediterranean and Black Sea,Dentex dentex,Common dentex,Miscellaneous coastal fishes,Mediterranean and Black Sea,0.686363358,0.791548849,0.858099683,0.932580946,1.117288909,0.110831661,0.869980363,33581.11193,1990,0.153067799,53232.10676,1930.735457,0.076533899,6825,CBA
Dentex_dentex-Mediterranean and Black Sea,Dentex dentex,Common dentex,Miscellaneous coastal fishes,Mediterranean and Black Sea,0.611609137,0.708070409,0.768680859,0.844184997,1.022932043,0.106557926,0.782631263,33581.11193,1991,0.153067799,53232.10676,1930.735457,0.076533899,4175,CBA
Dentex_dentex-Mediterranean and Black Sea,Dentex dentex,Common dentex,Miscellaneous coastal fishes,Mediterranean and Black Sea,0.49102219,0.572236857,0.6332047,0.710546243,0.896889307,0.105457193,0.649126199,33581.11193,1992,0.153067799,53232.10676,1930.735457,0.076533899,5305,CBA
Dentex_dentex-Mediterranean and Black Sea,Dentex dentex,Common dentex,Miscellaneous coastal fishes,Mediterranean and Black Sea,0.444005293,0.519526925,0.578951578,0.654182653,0.84580722,0.103944256,0.595871211,33581.11193,1993,0.153067799,53232.10676,1930.735457,0.076533899,3039,CBA
Dentex_dentex-Mediterranean and Black Sea,Dentex dentex,Common dentex,Miscellaneous coastal fishes,Mediterranean and Black Sea,0.377400201,0.451107816,0.511532229,0.587594627,0.783734833,0.105397398,0.529353869,33581.11193,1994,0.153067799,53232.10676,1930.735457,0.076533899,3302,CBA
Dentex_dentex-Mediterranean and Black Sea,Dentex dentex,Common dentex,Miscellaneous coastal fishes,Mediterranean and Black Sea,0.309127211,0.387249551,0.450299644,0.528153525,0.723786049,0.108203487,0.467329249,33581.11193,1995,0.153067799,53232.10676,1930.735457,0.076533899,3061,CBA
Dentex_dentex-Mediterranean and Black Sea,Dentex dentex,Common dentex,Miscellaneous coastal fishes,Mediterranean and Black Sea,0.2640206,0.347739655,0.413119999,0.493145666,0.69034556,0.111258048,0.429896163,33581.11193,1996,0.153067799,53232.10676,1930.735457,0.076533899,2287,CBA
Dentex_dentex-Mediterranean and Black Sea,Dentex dentex,Common dentex,Miscellaneous coastal fishes,Mediterranean and Black Sea,0.251176733,0.338128904,0.404356455,0.487145321,0.68788221,0.113574457,0.421538145,33581.11193,1997,0.153067799,53232.10676,1930.735457,0.076533899,1458,CBA
Dentex_dentex-Mediterranean and Black Sea,Dentex dentex,Common dentex,Miscellaneous coastal fishes,Mediterranean and Black Sea,0.24635661,0.335048104,0.401939206,0.487970586,0.690640638,0.116110591,0.420880751,33581.11193,1998,0.153067799,53232.10676,1930.735457,0.076533899,1237,CBA
Dentex_dentex-Mediterranean and Black Sea,Dentex dentex,Common dentex,Miscellaneous coastal fishes,Mediterranean and Black Sea,0.244361385,0.334758928,0.404376051,0.489847176,0.696437348,0.117982891,0.421734114,33581.11193,1999,0.153067799,53232.10676,1930.735457,0.076533899,1172,CBA
Dentex_dentex-Mediterranean and Black Sea,Dentex dentex,Common dentex,Miscellaneous coastal fishes,Mediterranean and Black Sea,0.239490996,0.332756279,0.402455317,0.489786649,0.696515116,0.120710228,0.420724608,33581.11193,2000,0.153067799,53232.10676,1930.735457,0.076533899,1241,CBA
Dentex_dentex-Mediterranean and Black Sea,Dentex dentex,Common dentex,Miscellaneous coastal fishes,Mediterranean and Black Sea,0.254469942,0.34755844,0.418902679,0.508141912,0.719072858,0.122741288,0.437918663,33581.11193,2001,0.153067799,53232.10676,1930.735457,0.076533899,767,CBA
Dentex_dentex-Mediterranean and Black Sea,Dentex dentex,Common dentex,Miscellaneous coastal fishes,Mediterranean and Black Sea,0.271125923,0.360500858,0.433868922,0.523796945,0.738786135,0.123265825,0.453559452,33581.11193,2002,0.153067799,53232.10676,1930.735457,0.076533899,830,CBA
Dentex_dentex-Mediterranean and Black Sea,Dentex dentex,Common dentex,Miscellaneous coastal fishes,Mediterranean and Black Sea,0.283395175,0.371586626,0.446558437,0.542649509,0.751795505,0.124507951,0.466994755,33581.11193,2003,0.153067799,53232.10676,1930.735457,0.076533899,922,CBA
Dentex_dentex-Mediterranean and Black Sea,Dentex dentex,Common dentex,Miscellaneous coastal fishes,Mediterranean and Black Sea,0.295530922,0.385216955,0.46207191,0.55986414,0.773566442,0.12638359,0.482044712,33581.11193,2004,0.153067799,53232.10676,1930.735457,0.076533899,920,CBA
Dentex_dentex-Mediterranean and Black Sea,Dentex dentex,Common dentex,Miscellaneous coastal fishes,Mediterranean and Black Sea,0.307832233,0.395548342,0.47789638,0.574565292,0.794147136,0.12814385,0.496214984,33581.11193,2005,0.153067799,53232.10676,1930.735457,0.076533899,965,CBA
Dentex_dentex-Mediterranean and Black Sea,Dentex dentex,Common dentex,Miscellaneous coastal fishes,Mediterranean and Black Sea,0.320558709,0.407705086,0.491912305,0.592547766,0.805760064,0.130214094,0.510104904,33581.11193,2006,0.153067799,53232.10676,1930.735457,0.076533899,1014,CBA
Dentex_dentex-Mediterranean and Black Sea,Dentex dentex,Common dentex,Miscellaneous coastal fishes,Mediterranean and Black Sea,0.299601253,0.389171839,0.48094517,0.585649865,0.793092408,0.133827758,0.49716564,33581.11193,2007,0.153067799,53232.10676,1930.735457,0.076533899,1752,CBA
Dentex_dentex-Mediterranean and Black Sea,Dentex dentex,Common dentex,Miscellaneous coastal fishes,Mediterranean and Black Sea,0.2543074,0.348332943,0.445833485,0.554394873,0.758702575,0.138822045,0.460868991,33581.11193,2008,0.153067799,53232.10676,1930.735457,0.076533899,2291,CBA
Dentex_dentex-Mediterranean and Black Sea,Dentex dentex,Common dentex,Miscellaneous coastal fishes,Mediterranean and Black Sea,0.229143218,0.330288505,0.437091519,0.551726513,0.752678428,0.145814205,0.449802823,33581.11193,2009,0.153067799,53232.10676,1930.735457,0.076533899,1584,CBA
Dentex_dentex-Mediterranean and Black Sea,Dentex dentex,Common dentex,Miscellaneous coastal fishes,Mediterranean and Black Sea,0.199764343,0.30978971,0.427661799,0.550299174,0.749846752,0.153906538,0.437619427,33581.11193,2010,0.153067799,53232.10676,1930.735457,0.076533899,1588,CBA
Dentex_dentex-Mediterranean and Black Sea,Dentex dentex,Common dentex,Miscellaneous coastal fishes,Mediterranean and Black Sea,0.180772785,0.303933194,0.432097271,0.563992276,0.755672152,0.16222661,0.439076319,33581.11193,2011,0.153067799,53232.10676,1930.735457,0.076533899,1197,CBA
Dentex_dentex-Mediterranean and Black Sea,Dentex dentex,Common dentex,Miscellaneous coastal fishes,Mediterranean and Black Sea,0.161319204,0.297123141,0.437657371,0.578550942,0.760736934,0.17240215,0.442013502,33581.11193,2012,0.153067799,53232.10676,1930.735457,0.076533899,1165,CBA
Dentex_dentex-Mediterranean and Black Sea,Dentex dentex,Common dentex,Miscellaneous coastal fishes,Mediterranean and Black Sea,0.137693609,0.290152066,0.444899442,0.593753541,0.771982192,0.183417694,0.444610629,33581.11193,2013,0.153067799,53232.10676,1930.735457,0.076533899,1167,CBA
Dentex_dentex-Mediterranean and Black Sea,Dentex dentex,Common dentex,Miscellaneous coastal fishes,Mediterranean and Black Sea,0.110543494,0.283935379,0.452574531,0.612423389,0.775558675,0.196223257,0.447395146,33581.11193,2014,0.153067799,53232.10676,1930.735457,0.076533899,1176,CBA
Dentex_dentex-Mediterranean and Black Sea,Dentex dentex,Common dentex,Miscellaneous coastal fishes,Mediterranean and Black Sea,0.082699108,0.275709805,0.462814589,0.63259986,0.78052839,0.209982281,0.4513711,33581.11193,2015,0.153067799,53232.10676,1930.735457,0.076533899,1119,CBA
Dentex_dentex-Mediterranean and Black Sea,Dentex dentex,Common dentex,Miscellaneous coastal fishes,Mediterranean and Black Sea,0.045874491,0.263248486,0.468745398,0.650281554,0.78730666,0.226020657,0.451163309,33581.11193,2016,0.153067799,53232.10676,1930.735457,0.076533899,1238,CBA
Dicentrarchus_labrax-Atlantic_Northeast,Dicentrarchus labrax,European seabass,Miscellaneous coastal fishes,Atlantic Northeast,1.018785213,1.232748644,1.408820612,1.607963391,1.8827023,0.236696301,1.420306334,42193.41359,1950,0.371114769,65610.82826,5851.443945,0.185557384,300,Domestic
Dicentrarchus_labrax-Atlantic_Northeast,Dicentrarchus labrax,European seabass,Miscellaneous coastal fishes,Atlantic Northeast,1.134477586,1.366712054,1.533460928,1.713712489,1.924828932,0.217262416,1.536303959,42193.41359,1951,0.371114769,65610.82826,5851.443945,0.185557384,400,Domestic
Dicentrarchus_labrax-Atlantic_Northeast,Dicentrarchus labrax,European seabass,Miscellaneous coastal fishes,Atlantic Northeast,1.244238673,1.493683309,1.642837514,1.776921848,1.950223855,0.191760987,1.628499152,42193.41359,1952,0.371114769,65610.82826,5851.443945,0.185557384,400,Domestic
Dicentrarchus_labrax-Atlantic_Northeast,Dicentrarchus labrax,European seabass,Miscellaneous coastal fishes,Atlantic Northeast,1.324610405,1.589781064,1.711452583,1.829399799,1.960099355,0.170324083,1.694512687,42193.41359,1953,0.371114769,65610.82826,5851.443945,0.185557384,400,Domestic
Dicentrarchus_labrax-Atlantic_Northeast,Dicentrarchus labrax,European seabass,Miscellaneous coastal fishes,Atlantic Northeast,1.39890939,1.658380269,1.766323958,1.853274526,1.97056408,0.146017062,1.743867459,42193.41359,1954,0.371114769,65610.82826,5851.443945,0.185557384,300,Domestic
Dicentrarchus_labrax-Atlantic_Northeast,Dicentrarchus labrax,European seabass,Miscellaneous coastal fishes,Atlantic Northeast,1.481356977,1.709456863,1.796776768,1.874991242,1.983267615,0.129466835,1.781056868,42193.41359,1955,0.371114769,65610.82826,5851.443945,0.185557384,400,Domestic
Dicentrarchus_labrax-Atlantic_Northeast,Dicentrarchus labrax,European seabass,Miscellaneous coastal fishes,Atlantic Northeast,1.545965752,1.728435396,1.805164556,1.87758064,1.982078446,0.113286865,1.794936466,42193.41359,1956,0.371114769,65610.82826,5851.443945,0.185557384,500,Domestic
Dicentrarchus_labrax-Atlantic_Northeast,Dicentrarchus labrax,European seabass,Miscellaneous coastal fishes,Atlantic Northeast,1.570505263,1.740963437,1.823163799,1.892100258,1.981916778,0.108896161,1.810660314,42193.41359,1957,0.371114769,65610.82826,5851.443945,0.185557384,400,Domestic
Dicentrarchus_labrax-Atlantic_Northeast,Dicentrarchus labrax,European seabass,Miscellaneous coastal fishes,Atlantic Northeast,1.593807548,1.747994313,1.818915984,1.89345825,1.98806741,0.104598168,1.815718655,42193.41359,1958,0.371114769,65610.82826,5851.443945,0.185557384,600,Domestic
Dicentrarchus_labrax-Atlantic_Northeast,Dicentrarchus labrax,European seabass,Miscellaneous coastal fishes,Atlantic Northeast,1.57269809,1.734833325,1.808224192,1.876353943,1.978880125,0.104058958,1.801730286,42193.41359,1959,0.371114769,65610.82826,5851.443945,0.185557384,1100,Domestic
Dicentrarchus_labrax-Atlantic_Northeast,Dicentrarchus labrax,European seabass,Miscellaneous coastal fishes,Atlantic Northeast,1.606935459,1.758643297,1.828345472,1.895226699,1.981216048,0.098437727,1.819949607,42193.41359,1960,0.371114769,65610.82826,5851.443945,0.185557384,400,Domestic
Dicentrarchus_labrax-Atlantic_Northeast,Dicentrarchus labrax,European seabass,Miscellaneous coastal fishes,Atlantic Northeast,1.607678281,1.76361107,1.834180563,1.897617437,1.977727997,0.095204939,1.825101692,42193.41359,1961,0.371114769,65610.82826,5851.443945,0.185557384,300,Domestic
Dicentrarchus_labrax-Atlantic_Northeast,Dicentrarchus labrax,European seabass,Miscellaneous coastal fishes,Atlantic Northeast,1.616534397,1.762664649,1.832657193,1.900243478,1.985276325,0.09621586,1.826623169,42193.41359,1962,0.371114769,65610.82826,5851.443945,0.185557384,400,Domestic
Dicentrarchus_labrax-Atlantic_Northeast,Dicentrarchus labrax,European seabass,Miscellaneous coastal fishes,Atlantic Northeast,1.621375944,1.770117099,1.8362748,1.909265183,1.981313236,0.098804576,1.82924824,42193.41359,1963,0.371114769,65610.82826,5851.443945,0.185557384,500,Domestic
Dicentrarchus_labrax-Atlantic_Northeast,Dicentrarchus labrax,European seabass,Miscellaneous coastal fishes,Atlantic Northeast,1.617529095,1.762921247,1.83683482,1.902923652,1.985323382,0.096987057,1.829213934,42193.41359,1964,0.371114769,65610.82826,5851.443945,0.185557384,500,Domestic
Dicentrarchus_labrax-Atlantic_Northeast,Dicentrarchus labrax,European seabass,Miscellaneous coastal fishes,Atlantic Northeast,1.63179295,1.779097129,1.84279781,1.902330869,1.984435038,0.091300512,1.833186722,42193.41359,1965,0.371114769,65610.82826,5851.443945,0.185557384,500,Domestic
Dicentrarchus_labrax-Atlantic_Northeast,Dicentrarchus labrax,European seabass,Miscellaneous coastal fishes,Atlantic Northeast,1.627846299,1.769182504,1.840511536,1.903287616,1.986093398,0.094688157,1.832411441,42193.41359,1966,0.371114769,65610.82826,5851.443945,0.185557384,500,Domestic
Dicentrarchus_labrax-Atlantic_Northeast,Dicentrarchus labrax,European seabass,Miscellaneous coastal fishes,Atlantic Northeast,1.616894627,1.773202177,1.838440229,1.898790161,1.987636719,0.094834967,1.829594431,42193.41359,1967,0.371114769,65610.82826,5851.443945,0.185557384,500,Domestic
Dicentrarchus_labrax-Atlantic_Northeast,Dicentrarchus labrax,European seabass,Miscellaneous coastal fishes,Atlantic Northeast,1.620134796,1.767383498,1.839949443,1.899266369,1.975869996,0.095766709,1.827243014,42193.41359,1968,0.371114769,65610.82826,5851.443945,0.185557384,500,Domestic
Dicentrarchus_labrax-Atlantic_Northeast,Dicentrarchus labrax,European seabass,Miscellaneous coastal fishes,Atlantic Northeast,1.620936348,1.775250584,1.840850581,1.907873882,1.986987975,0.093282381,1.834488952,42193.41359,1969,0.371114769,65610.82826,5851.443945,0.185557384,300,Domestic
Dicentrarchus_labrax-Atlantic_Northeast,Dicentrarchus labrax,European seabass,Miscellaneous coastal fishes,Atlantic Northeast,1.630819064,1.771295646,1.841268206,1.902639189,1.983898469,0.094644509,1.832722546,42193.41359,1970,0.371114769,65610.82826,5851.443945,0.185557384,600,Domestic
Dicentrarchus_labrax-Atlantic_Northeast,Dicentrarchus labrax,European seabass,Miscellaneous coastal fishes,Atlantic Northeast,1.634106833,1.76127934,1.832268563,1.897645024,1.987504854,0.093417411,1.827955379,42193.41359,1971,0.371114769,65610.82826,5851.443945,0.185557384,600,Domestic
Dicentrarchus_labrax-Atlantic_Northeast,Dicentrarchus labrax,European seabass,Miscellaneous coastal fishes,Atlantic Northeast,1.623716318,1.766883001,1.834993206,1.906228798,1.991430876,0.097961394,1.830835586,42193.41359,1972,0.371114769,65610.82826,5851.443945,0.185557384,300,Domestic
Dicentrarchus_labrax-Atlantic_Northeast,Dicentrarchus labrax,European seabass,Miscellaneous coastal fishes,Atlantic Northeast,1.63701327,1.793320676,1.859596245,1.917380972,1.99059042,0.09260614,1.849283544,42193.41359,1974,0.371114769,65610.82826,5851.443945,0.185557384,59,Domestic
Dicentrarchus_labrax-Atlantic_Northeast,Dicentrarchus labrax,European seabass,Miscellaneous coastal fishes,Atlantic Northeast,1.606385708,1.753769642,1.827752026,1.891246501,1.978934117,0.096598232,1.819142941,42193.41359,1975,0.371114769,65610.82826,5851.443945,0.185557384,1749,Domestic
Dicentrarchus_labrax-Atlantic_Northeast,Dicentrarchus labrax,European seabass,Miscellaneous coastal fishes,Atlantic Northeast,1.631741486,1.773673762,1.846053389,1.909381943,1.984804547,0.094979637,1.836021459,42193.41359,1976,0.371114769,65610.82826,5851.443945,0.185557384,532,Domestic
Dicentrarchus_labrax-Atlantic_Northeast,Dicentrarchus labrax,European seabass,Miscellaneous coastal fishes,Atlantic Northeast,1.616794115,1.741199964,1.816463406,1.887465999,1.976596866,0.098855783,1.811641732,42193.41359,1977,0.371114769,65610.82826,5851.443945,0.185557384,1950,Domestic
Dicentrarchus_labrax-Atlantic_Northeast,Dicentrarchus labrax,European seabass,Miscellaneous coastal fishes,Atlantic Northeast,1.585545069,1.716655213,1.786007316,1.85875362,1.963917232,0.099599415,1.785263873,42193.41359,1978,0.371114769,65610.82826,5851.443945,0.185557384,2303,Domestic
Dicentrarchus_labrax-Atlantic_Northeast,Dicentrarchus labrax,European seabass,Miscellaneous coastal fishes,Atlantic Northeast,1.535701862,1.689741653,1.768446882,1.845948176,1.966349853,0.110436334,1.765185635,42193.41359,1979,0.371114769,65610.82826,5851.443945,0.185557384,2691,Domestic
Dicentrarchus_labrax-Atlantic_Northeast,Dicentrarchus labrax,European seabass,Miscellaneous coastal fishes,Atlantic Northeast,1.535936342,1.681578204,1.759928284,1.833344458,1.947689033,0.1099973,1.756039999,42193.41359,1980,0.371114769,65610.82826,5851.443945,0.185557384,2422,Domestic
Dicentrarchus_labrax-Atlantic_Northeast,Dicentrarchus labrax,European seabass,Miscellaneous coastal fishes,Atlantic Northeast,1.551219001,1.712643087,1.79244532,1.865106884,1.964804015,0.109533371,1.784377743,42193.41359,1981,0.371114769,65610.82826,5851.443945,0.185557384,1280,Domestic
Dicentrarchus_labrax-Atlantic_Northeast,Dicentrarchus labrax,European seabass,Miscellaneous coastal fishes,Atlantic Northeast,1.518287473,1.677333943,1.759268172,1.835618781,1.960177354,0.115091963,1.752834152,42193.41359,1982,0.371114769,65610.82826,5851.443945,0.185557384,2899,Domestic
Dicentrarchus_labrax-Atlantic_Northeast,Dicentrarchus labrax,European seabass,Miscellaneous coastal fishes,Atlantic Northeast,1.503348816,1.659461159,1.737451577,1.814303327,1.942945905,0.114867161,1.734302805,42193.41359,1983,0.371114769,65610.82826,5851.443945,0.185557384,2923,Domestic
Dicentrarchus_labrax-Atlantic_Northeast,Dicentrarchus labrax,European seabass,Miscellaneous coastal fishes,Atlantic Northeast,1.446023451,1.594425055,1.675159447,1.749003666,1.911676767,0.117137958,1.672456384,42193.41359,1984,0.371114769,65610.82826,5851.443945,0.185557384,4639,Domestic
Dicentrarchus_labrax-Atlantic_Northeast,Dicentrarchus labrax,European seabass,Miscellaneous coastal fishes,Atlantic Northeast,1.40972392,1.563745279,1.64484445,1.728104412,1.888995689,0.120290885,1.647182621,42193.41359,1985,0.371114769,65610.82826,5851.443945,0.185557384,3836,Domestic
Dicentrarchus_labrax-Atlantic_Northeast,Dicentrarchus labrax,European seabass,Miscellaneous coastal fishes,Atlantic Northeast,1.373532411,1.528100134,1.611449288,1.695828039,1.853221842,0.123421447,1.612324034,42193.41359,1986,0.371114769,65610.82826,5851.443945,0.185557384,4390,Domestic
Dicentrarchus_labrax-Atlantic_Northeast,Dicentrarchus labrax,European seabass,Miscellaneous coastal fishes,Atlantic Northeast,1.337980328,1.497868933,1.586040922,1.660577648,1.830897746,0.124120548,1.582392329,42193.41359,1987,0.371114769,65610.82826,5851.443945,0.185557384,4521,Domestic
Dicentrarchus_labrax-Atlantic_Northeast,Dicentrarchus labrax,European seabass,Miscellaneous coastal fishes,Atlantic Northeast,1.324515892,1.494738746,1.58579412,1.671955753,1.81685576,0.129668563,1.580791178,42193.41359,1988,0.371114769,65610.82826,5851.443945,0.185557384,3800,Domestic
Dicentrarchus_labrax-Atlantic_Northeast,Dicentrarchus labrax,European seabass,Miscellaneous coastal fishes,Atlantic Northeast,1.346060816,1.501389024,1.596353295,1.683321342,1.852887554,0.132929259,1.594074334,42193.41359,1989,0.371114769,65610.82826,5851.443945,0.185557384,3571,Domestic
Dicentrarchus_labrax-Atlantic_Northeast,Dicentrarchus labrax,European seabass,Miscellaneous coastal fishes,Atlantic Northeast,1.338491904,1.525134094,1.616410676,1.698277672,1.875309265,0.132863047,1.611752146,42193.41359,1990,0.371114769,65610.82826,5851.443945,0.185557384,3163,Domestic
Dicentrarchus_labrax-Atlantic_Northeast,Dicentrarchus labrax,European seabass,Miscellaneous coastal fishes,Atlantic Northeast,1.357925932,1.522042186,1.61357233,1.708615396,1.888908113,0.137249503,1.614516373,42193.41359,1991,0.371114769,65610.82826,5851.443945,0.185557384,3319,Domestic
Dicentrarchus_labrax-Atlantic_Northeast,Dicentrarchus labrax,European seabass,Miscellaneous coastal fishes,Atlantic Northeast,1.365651061,1.53494119,1.62662748,1.724275933,1.891997998,0.1369898,1.628501141,42193.41359,1992,0.371114769,65610.82826,5851.443945,0.185557384,3091,Domestic
Dicentrarchus_labrax-Atlantic_Northeast,Dicentrarchus labrax,European seabass,Miscellaneous coastal fishes,Atlantic Northeast,1.357328383,1.546623988,1.639164488,1.735777517,1.887602753,0.136632618,1.636531547,42193.41359,1993,0.371114769,65610.82826,5851.443945,0.185557384,3040,Domestic
Dicentrarchus_labrax-Atlantic_Northeast,Dicentrarchus labrax,European seabass,Miscellaneous coastal fishes,Atlantic Northeast,1.358661593,1.548025413,1.631742259,1.727980056,1.905911335,0.135950133,1.634883567,42193.41359,1994,0.371114769,65610.82826,5851.443945,0.185557384,3501,Domestic
Dicentrarchus_labrax-Atlantic_Northeast,Dicentrarchus labrax,European seabass,Miscellaneous coastal fishes,Atlantic Northeast,1.364966637,1.542404352,1.630553823,1.722301977,1.902776545,0.136328035,1.631651135,42193.41359,1995,0.371114769,65610.82826,5851.443945,0.185557384,3665,Domestic
Dicentrarchus_labrax-Atlantic_Northeast,Dicentrarchus labrax,European seabass,Miscellaneous coastal fishes,Atlantic Northeast,1.35070257,1.508787483,1.604701651,1.699868701,1.853866599,0.134338889,1.604315641,42193.41359,1996,0.371114769,65610.82826,5851.443945,0.185557384,4401,Domestic
Dicentrarchus_labrax-Atlantic_Northeast,Dicentrarchus labrax,European seabass,Miscellaneous coastal fishes,Atlantic Northeast,1.318266974,1.507242663,1.59635126,1.688815546,1.849173516,0.135547071,1.594736781,42193.41359,1997,0.371114769,65610.82826,5851.443945,0.185557384,4007,Domestic
Dicentrarchus_labrax-Atlantic_Northeast,Dicentrarchus labrax,European seabass,Miscellaneous coastal fishes,Atlantic Northeast,1.325615949,1.503067892,1.598638409,1.683226574,1.878708664,0.13496259,1.596848943,42193.41359,1998,0.371114769,65610.82826,5851.443945,0.185557384,3752,Domestic
Dicentrarchus_labrax-Atlantic_Northeast,Dicentrarchus labrax,European seabass,Miscellaneous coastal fishes,Atlantic Northeast,1.32020511,1.484216708,1.571743211,1.668466151,1.832362296,0.133237103,1.575641545,42193.41359,1999,0.371114769,65610.82826,5851.443945,0.185557384,4471,Domestic
Dicentrarchus_labrax-Atlantic_Northeast,Dicentrarchus labrax,European seabass,Miscellaneous coastal fishes,Atlantic Northeast,1.288487516,1.452485642,1.54551659,1.640134359,1.79295753,0.132114125,1.54489743,42193.41359,2000,0.371114769,65610.82826,5851.443945,0.185557384,5003,Domestic
Dicentrarchus_labrax-Atlantic_Northeast,Dicentrarchus labrax,European seabass,Miscellaneous coastal fishes,Atlantic Northeast,1.267313618,1.433914659,1.515919002,1.605108123,1.785120663,0.128122604,1.522032539,42193.41359,2001,0.371114769,65610.82826,5851.443945,0.185557384,4944,Domestic
Dicentrarchus_labrax-Atlantic_Northeast,Dicentrarchus labrax,European seabass,Miscellaneous coastal fishes,Atlantic Northeast,1.263636831,1.422047513,1.504306415,1.59228867,1.780308756,0.130482541,1.509748704,42193.41359,2002,0.371114769,65610.82826,5851.443945,0.185557384,4959,Domestic
Dicentrarchus_labrax-Atlantic_Northeast,Dicentrarchus labrax,European seabass,Miscellaneous coastal fishes,Atlantic Northeast,1.228320581,1.367501348,1.454160691,1.546155958,1.720311104,0.127288019,1.461034655,42193.41359,2003,0.371114769,65610.82826,5851.443945,0.185557384,6036,Domestic
Dicentrarchus_labrax-Atlantic_Northeast,Dicentrarchus labrax,European seabass,Miscellaneous coastal fishes,Atlantic Northeast,1.182542506,1.327067149,1.412572918,1.50975695,1.686245936,0.130895353,1.422136437,42193.41359,2004,0.371114769,65610.82826,5851.443945,0.185557384,6058,Domestic
Dicentrarchus_labrax-Atlantic_Northeast,Dicentrarchus labrax,European seabass,Miscellaneous coastal fishes,Atlantic Northeast,1.138902862,1.271704525,1.356750419,1.45145664,1.6288953,0.126757612,1.363842544,42193.41359,2005,0.371114769,65610.82826,5851.443945,0.185557384,6941,Domestic
Dicentrarchus_labrax-Atlantic_Northeast,Dicentrarchus labrax,European seabass,Miscellaneous coastal fishes,Atlantic Northeast,1.0735058,1.193587422,1.283539507,1.374756849,1.568065581,0.130681729,1.289650356,42193.41359,2006,0.371114769,65610.82826,5851.443945,0.185557384,7634,Domestic
Dicentrarchus_labrax-Atlantic_Northeast,Dicentrarchus labrax,European seabass,Miscellaneous coastal fishes,Atlantic Northeast,0.998790376,1.134462967,1.228093294,1.327711906,1.50633283,0.134647805,1.235231198,42193.41359,2007,0.371114769,65610.82826,5851.443945,0.185557384,7415,Domestic
Dicentrarchus_labrax-Atlantic_Northeast,Dicentrarchus labrax,European seabass,Miscellaneous coastal fishes,Atlantic Northeast,0.984326964,1.141311623,1.238490966,1.34094384,1.549876315,0.143067464,1.247592525,42193.41359,2008,0.371114769,65610.82826,5851.443945,0.185557384,5321,Domestic
Dicentrarchus_labrax-Atlantic_Northeast,Dicentrarchus labrax,European seabass,Miscellaneous coastal fishes,Atlantic Northeast,0.944138416,1.0836595,1.174064439,1.286362151,1.513727774,0.14504996,1.18905346,42193.41359,2009,0.371114769,65610.82826,5851.443945,0.185557384,7472,Domestic
Dicentrarchus_labrax-Atlantic_Northeast,Dicentrarchus labrax,European seabass,Miscellaneous coastal fishes,Atlantic Northeast,0.859781243,0.993532532,1.093449897,1.202010782,1.424634883,0.149143796,1.10800919,42193.41359,2010,0.371114769,65610.82826,5851.443945,0.185557384,8262,Domestic
Dicentrarchus_labrax-Atlantic_Northeast,Dicentrarchus labrax,European seabass,Miscellaneous coastal fishes,Atlantic Northeast,0.795256702,0.927055273,1.020679049,1.146044934,1.370851502,0.156136509,1.044137253,42193.41359,2011,0.371114769,65610.82826,5851.443945,0.185557384,7848,Domestic
Dicentrarchus_labrax-Atlantic_Northeast,Dicentrarchus labrax,European seabass,Miscellaneous coastal fishes,Atlantic Northeast,0.748936667,0.869382535,0.979682535,1.116962261,1.360666388,0.164626246,1.00128119,42193.41359,2012,0.371114769,65610.82826,5851.443945,0.185557384,7251,Domestic
Dicentrarchus_labrax-Atlantic_Northeast,Dicentrarchus labrax,European seabass,Miscellaneous coastal fishes,Atlantic Northeast,0.668323758,0.790199043,0.915529882,1.057094333,1.300253983,0.176997332,0.935828035,42193.41359,2013,0.371114769,65610.82826,5851.443945,0.185557384,7902,Domestic
Dicentrarchus_labrax-Atlantic_Northeast,Dicentrarchus labrax,European seabass,Miscellaneous coastal fishes,Atlantic Northeast,0.6053212,0.73528395,0.881908248,1.035119612,1.291648408,0.194284753,0.900090295,42193.41359,2014,0.371114769,65610.82826,5851.443945,0.185557384,6865,Domestic
Dicentrarchus_labrax-Atlantic_Northeast,Dicentrarchus labrax,European seabass,Miscellaneous coastal fishes,Atlantic Northeast,0.599559958,0.728955847,0.897789729,1.071325793,1.313766928,0.210285488,0.911799969,42193.41359,2015,0.371114769,65610.82826,5851.443945,0.185557384,5189,Domestic
Dicentrarchus_labrax-Atlantic_Northeast,Dicentrarchus labrax,European seabass,Miscellaneous coastal fishes,Atlantic Northeast,0.613226997,0.747612145,0.929099147,1.122697933,1.357875302,0.22382787,0.946373167,42193.41359,2016,0.371114769,65610.82826,5851.443945,0.185557384,4439,Domestic
Dicentrarchus_labrax-Mediterranean and Black Sea,Dicentrarchus labrax,European seabass,Miscellaneous coastal fishes,Mediterranean and Black Sea,1.018612237,1.246265175,1.412331161,1.606020855,1.89202076,0.235494163,1.43023729,21815.76243,1958,0.405141309,33654.9985,3195.347532,0.202570655,600,Domestic
Dicentrarchus_labrax-Mediterranean and Black Sea,Dicentrarchus labrax,European seabass,Miscellaneous coastal fishes,Mediterranean and Black Sea,1.132912603,1.375381418,1.541962785,1.701020098,1.91680193,0.212220363,1.536631328,21815.76243,1959,0.405141309,33654.9985,3195.347532,0.202570655,600,Domestic
Dicentrarchus_labrax-Mediterranean and Black Sea,Dicentrarchus labrax,European seabass,Miscellaneous coastal fishes,Mediterranean and Black Sea,1.215451116,1.479407059,1.627089099,1.761405047,1.931615403,0.191243024,1.610941376,21815.76243,1960,0.405141309,33654.9985,3195.347532,0.202570655,700,Domestic
Dicentrarchus_labrax-Mediterranean and Black Sea,Dicentrarchus labrax,European seabass,Miscellaneous coastal fishes,Mediterranean and Black Sea,1.276039621,1.542088354,1.666572611,1.782290874,1.94656711,0.172584825,1.653876486,21815.76243,1961,0.405141309,33654.9985,3195.347532,0.202570655,1000,Domestic
Dicentrarchus_labrax-Mediterranean and Black Sea,Dicentrarchus labrax,European seabass,Miscellaneous coastal fishes,Mediterranean and Black Sea,1.345447292,1.591228444,1.705743902,1.803488705,1.954415004,0.156749819,1.690349725,21815.76243,1962,0.405141309,33654.9985,3195.347532,0.202570655,900,Domestic
Dicentrarchus_labrax-Mediterranean and Black Sea,Dicentrarchus labrax,European seabass,Miscellaneous coastal fishes,Mediterranean and Black Sea,1.407800756,1.63342254,1.741171621,1.83815916,1.963194701,0.146131709,1.726257472,21815.76243,1963,0.405141309,33654.9985,3195.347532,0.202570655,800,Domestic
Dicentrarchus_labrax-Mediterranean and Black Sea,Dicentrarchus labrax,European seabass,Miscellaneous coastal fishes,Mediterranean and Black Sea,1.451028347,1.65965878,1.756001798,1.843380333,1.968962612,0.13425179,1.744151776,21815.76243,1964,0.405141309,33654.9985,3195.347532,0.202570655,1000,Domestic
Dicentrarchus_labrax-Mediterranean and Black Sea,Dicentrarchus labrax,European seabass,Miscellaneous coastal fishes,Mediterranean and Black Sea,1.466045098,1.656742187,1.751490223,1.831988964,1.957997846,0.128129077,1.740993783,21815.76243,1965,0.405141309,33654.9985,3195.347532,0.202570655,1200,Domestic
Dicentrarchus_labrax-Mediterranean and Black Sea,Dicentrarchus labrax,European seabass,Miscellaneous coastal fishes,Mediterranean and Black Sea,1.475397929,1.65198871,1.744408529,1.829188297,1.949631216,0.124092374,1.736197303,21815.76243,1966,0.405141309,33654.9985,3195.347532,0.202570655,1300,Domestic
Dicentrarchus_labrax-Mediterranean and Black Sea,Dicentrarchus labrax,European seabass,Miscellaneous coastal fishes,Mediterranean and Black Sea,1.493572724,1.671885533,1.756129853,1.838044438,1.964987001,0.121308043,1.751052372,21815.76243,1967,0.405141309,33654.9985,3195.347532,0.202570655,1000,Domestic
Dicentrarchus_labrax-Mediterranean and Black Sea,Dicentrarchus labrax,European seabass,Miscellaneous coastal fishes,Mediterranean and Black Sea,1.504609238,1.686742103,1.767569332,1.845986209,1.964405004,0.117348876,1.760583603,21815.76243,1968,0.405141309,33654.9985,3195.347532,0.202570655,1000,Domestic
Dicentrarchus_labrax-Mediterranean and Black Sea,Dicentrarchus labrax,European seabass,Miscellaneous coastal fishes,Mediterranean and Black Sea,1.524087457,1.683598612,1.764341139,1.84467907,1.962531061,0.114632383,1.75842766,21815.76243,1969,0.405141309,33654.9985,3195.347532,0.202570655,1100,Domestic
Dicentrarchus_labrax-Mediterranean and Black Sea,Dicentrarchus labrax,European seabass,Miscellaneous coastal fishes,Mediterranean and Black Sea,1.528181537,1.692764692,1.774558951,1.852840032,1.967666041,0.113943234,1.768210922,21815.76243,1970,0.405141309,33654.9985,3195.347532,0.202570655,980,Domestic
Dicentrarchus_labrax-Mediterranean and Black Sea,Dicentrarchus labrax,European seabass,Miscellaneous coastal fishes,Mediterranean and Black Sea,1.534178653,1.690902293,1.772400124,1.849170575,1.966712533,0.112245991,1.765427628,21815.76243,1971,0.405141309,33654.9985,3195.347532,0.202570655,1163,Domestic
Dicentrarchus_labrax-Mediterranean and Black Sea,Dicentrarchus labrax,European seabass,Miscellaneous coastal fishes,Mediterranean and Black Sea,1.514920492,1.671657405,1.751779867,1.826513583,1.958059816,0.112565759,1.747022593,21815.76243,1972,0.405141309,33654.9985,3195.347532,0.202570655,1458,Domestic
Dicentrarchus_labrax-Mediterranean and Black Sea,Dicentrarchus labrax,European seabass,Miscellaneous coastal fishes,Mediterranean and Black Sea,1.494988181,1.647115463,1.724422554,1.800347047,1.932625008,0.113309655,1.722913212,21815.76243,1973,0.405141309,33654.9985,3195.347532,0.202570655,1722,Domestic
Dicentrarchus_labrax-Mediterranean and Black Sea,Dicentrarchus labrax,European seabass,Miscellaneous coastal fishes,Mediterranean and Black Sea,1.484674048,1.643432746,1.72385771,1.796607526,1.927161725,0.11424292,1.719143569,21815.76243,1974,0.405141309,33654.9985,3195.347532,0.202570655,1485,Domestic
Dicentrarchus_labrax-Mediterranean and Black Sea,Dicentrarchus labrax,European seabass,Miscellaneous coastal fishes,Mediterranean and Black Sea,1.475917376,1.641680454,1.720571361,1.798446412,1.935427752,0.116003355,1.716198565,21815.76243,1975,0.405141309,33654.9985,3195.347532,0.202570655,1532,Domestic
Dicentrarchus_labrax-Mediterranean and Black Sea,Dicentrarchus labrax,European seabass,Miscellaneous coastal fishes,Mediterranean and Black Sea,1.475376272,1.641679024,1.718622545,1.801348136,1.942262619,0.117917811,1.717350048,21815.76243,1976,0.405141309,33654.9985,3195.347532,0.202570655,1479,Domestic
Dicentrarchus_labrax-Mediterranean and Black Sea,Dicentrarchus labrax,European seabass,Miscellaneous coastal fishes,Mediterranean and Black Sea,1.463853874,1.623849166,1.704778591,1.786436386,1.918758269,0.118374735,1.700716912,21815.76243,1977,0.405141309,33654.9985,3195.347532,0.202570655,1766,Domestic
Dicentrarchus_labrax-Mediterranean and Black Sea,Dicentrarchus labrax,European seabass,Miscellaneous coastal fishes,Mediterranean and Black Sea,1.44143447,1.608145497,1.684198164,1.772213897,1.924590802,0.120134158,1.686665477,21815.76243,1978,0.405141309,33654.9985,3195.347532,0.202570655,1812,Domestic
Dicentrarchus_labrax-Mediterranean and Black Sea,Dicentrarchus labrax,European seabass,Miscellaneous coastal fishes,Mediterranean and Black Sea,1.433933071,1.592750587,1.675111786,1.752858142,1.903114831,0.119316818,1.672581828,21815.76243,1979,0.405141309,33654.9985,3195.347532,0.202570655,1876,Domestic
Dicentrarchus_labrax-Mediterranean and Black Sea,Dicentrarchus labrax,European seabass,Miscellaneous coastal fishes,Mediterranean and Black Sea,1.417518337,1.57145153,1.651088356,1.740634617,1.88959575,0.121580873,1.654618099,21815.76243,1980,0.405141309,33654.9985,3195.347532,0.202570655,2038,Domestic
Dicentrarchus_labrax-Mediterranean and Black Sea,Dicentrarchus labrax,European seabass,Miscellaneous coastal fishes,Mediterranean and Black Sea,1.415402163,1.582635929,1.666973163,1.748298443,1.911146383,0.124873641,1.665997677,21815.76243,1981,0.405141309,33654.9985,3195.347532,0.202570655,1613,Domestic
Dicentrarchus_labrax-Mediterranean and Black Sea,Dicentrarchus labrax,European seabass,Miscellaneous coastal fishes,Mediterranean and Black Sea,1.402060684,1.552689283,1.637946688,1.720764527,1.883524425,0.122804231,1.638312269,21815.76243,1982,0.405141309,33654.9985,3195.347532,0.202570655,2212,Domestic
Dicentrarchus_labrax-Mediterranean and Black Sea,Dicentrarchus labrax,European seabass,Miscellaneous coastal fishes,Mediterranean and Black Sea,1.394402831,1.553324696,1.639442127,1.726825929,1.880500626,0.124735376,1.639950929,21815.76243,1983,0.405141309,33654.9985,3195.347532,0.202570655,1864,Domestic
Dicentrarchus_labrax-Mediterranean and Black Sea,Dicentrarchus labrax,European seabass,Miscellaneous coastal fishes,Mediterranean and Black Sea,1.373261065,1.536617839,1.620786943,1.702482859,1.853481109,0.122046888,1.617163147,21815.76243,1984,0.405141309,33654.9985,3195.347532,0.202570655,2272,Domestic
Dicentrarchus_labrax-Mediterranean and Black Sea,Dicentrarchus labrax,European seabass,Miscellaneous coastal fishes,Mediterranean and Black Sea,1.291440854,1.435766253,1.511337215,1.594269326,1.757297068,0.120182734,1.516303735,21815.76243,1985,0.405141309,33654.9985,3195.347532,0.202570655,3649,Domestic
Dicentrarchus_labrax-Mediterranean and Black Sea,Dicentrarchus labrax,European seabass,Miscellaneous coastal fishes,Mediterranean and Black Sea,1.235672468,1.377602014,1.454289498,1.535228575,1.717058975,0.120308419,1.459739424,21815.76243,1986,0.405141309,33654.9985,3195.347532,0.202570655,3320,Domestic
Dicentrarchus_labrax-Mediterranean and Black Sea,Dicentrarchus labrax,European seabass,Miscellaneous coastal fishes,Mediterranean and Black Sea,1.189234584,1.331458331,1.40787581,1.489322517,1.667685659,0.121655645,1.413552663,21815.76243,1987,0.405141309,33654.9985,3195.347532,0.202570655,3369,Domestic
Dicentrarchus_labrax-Mediterranean and Black Sea,Dicentrarchus labrax,European seabass,Miscellaneous coastal fishes,Mediterranean and Black Sea,1.167200673,1.320326681,1.402363598,1.486706427,1.663448366,0.12543686,1.405174446,21815.76243,1988,0.405141309,33654.9985,3195.347532,0.202570655,2878,Domestic
Dicentrarchus_labrax-Mediterranean and Black Sea,Dicentrarchus labrax,European seabass,Miscellaneous coastal fishes,Mediterranean and Black Sea,1.160867693,1.315748618,1.39853746,1.484026845,1.663704751,0.126025958,1.401111597,21815.76243,1989,0.405141309,33654.9985,3195.347532,0.202570655,2842,Domestic
Dicentrarchus_labrax-Mediterranean and Black Sea,Dicentrarchus labrax,European seabass,Miscellaneous coastal fishes,Mediterranean and Black Sea,1.168666513,1.326709732,1.414709811,1.496782051,1.6746638,0.1270149,1.415919236,21815.76243,1990,0.405141309,33654.9985,3195.347532,0.202570655,2504,Domestic
Dicentrarchus_labrax-Mediterranean and Black Sea,Dicentrarchus labrax,European seabass,Miscellaneous coastal fishes,Mediterranean and Black Sea,1.176093076,1.319449336,1.404453286,1.490641302,1.669538245,0.125844749,1.406694143,21815.76243,1991,0.405141309,33654.9985,3195.347532,0.202570655,2797,Domestic
Dicentrarchus_labrax-Mediterranean and Black Sea,Dicentrarchus labrax,European seabass,Miscellaneous coastal fishes,Mediterranean and Black Sea,1.149752153,1.301259539,1.3827165,1.460926575,1.632245715,0.120942185,1.383369907,21815.76243,1992,0.405141309,33654.9985,3195.347532,0.202570655,3106,Domestic
Dicentrarchus_labrax-Mediterranean and Black Sea,Dicentrarchus labrax,European seabass,Miscellaneous coastal fishes,Mediterranean and Black Sea,1.092972414,1.2339671,1.308955183,1.386822667,1.550393336,0.116400933,1.312703884,21815.76243,1993,0.405141309,33654.9985,3195.347532,0.202570655,3992,Domestic
Dicentrarchus_labrax-Mediterranean and Black Sea,Dicentrarchus labrax,European seabass,Miscellaneous coastal fishes,Mediterranean and Black Sea,1.080085868,1.223406798,1.298524002,1.376685248,1.54057377,0.11631742,1.301241065,21815.76243,1994,0.405141309,33654.9985,3195.347532,0.202570655,3140,Domestic
Dicentrarchus_labrax-Mediterranean and Black Sea,Dicentrarchus labrax,European seabass,Miscellaneous coastal fishes,Mediterranean and Black Sea,0.938936258,1.057739996,1.131403011,1.206877918,1.360402648,0.108763998,1.135188916,21815.76243,1995,0.405141309,33654.9985,3195.347532,0.202570655,5649,Domestic
Dicentrarchus_labrax-Mediterranean and Black Sea,Dicentrarchus labrax,European seabass,Miscellaneous coastal fishes,Mediterranean and Black Sea,0.910306866,1.025645752,1.101117992,1.172888221,1.32027256,0.106702601,1.102806961,21815.76243,1996,0.405141309,33654.9985,3195.347532,0.202570655,3754,Domestic
Dicentrarchus_labrax-Mediterranean and Black Sea,Dicentrarchus labrax,European seabass,Miscellaneous coastal fishes,Mediterranean and Black Sea,0.915113684,1.042865169,1.111930945,1.186457195,1.340112464,0.107124571,1.116504303,21815.76243,1997,0.405141309,33654.9985,3195.347532,0.202570655,3025,Domestic
Dicentrarchus_labrax-Mediterranean and Black Sea,Dicentrarchus labrax,European seabass,Miscellaneous coastal fishes,Mediterranean and Black Sea,0.944128632,1.058195444,1.130278946,1.205039619,1.36157298,0.107650719,1.134896586,21815.76243,1998,0.405141309,33654.9985,3195.347532,0.202570655,2927,Domestic
Dicentrarchus_labrax-Mediterranean and Black Sea,Dicentrarchus labrax,European seabass,Miscellaneous coastal fishes,Mediterranean and Black Sea,0.935453942,1.053561359,1.121667456,1.195081925,1.35197975,0.107099,1.12742189,21815.76243,1999,0.405141309,33654.9985,3195.347532,0.202570655,3309,Domestic
Dicentrarchus_labrax-Mediterranean and Black Sea,Dicentrarchus labrax,European seabass,Miscellaneous coastal fishes,Mediterranean and Black Sea,0.913013508,1.027710421,1.093283662,1.164696188,1.312613418,0.101272113,1.097679284,21815.76243,2000,0.405141309,33654.9985,3195.347532,0.202570655,3698,Domestic
Dicentrarchus_labrax-Mediterranean and Black Sea,Dicentrarchus labrax,European seabass,Miscellaneous coastal fishes,Mediterranean and Black Sea,0.857283512,0.960265134,1.018104564,1.080272015,1.208681737,0.088276238,1.022439369,21815.76243,2001,0.405141309,33654.9985,3195.347532,0.202570655,4415,Domestic
Dicentrarchus_labrax-Mediterranean and Black Sea,Dicentrarchus labrax,European seabass,Miscellaneous coastal fishes,Mediterranean and Black Sea,0.730984514,0.815162967,0.860570559,0.905131295,1.000666955,0.068369864,0.86159995,21815.76243,2002,0.405141309,33654.9985,3195.347532,0.202570655,5797,Domestic
Dicentrarchus_labrax-Mediterranean and Black Sea,Dicentrarchus labrax,European seabass,Miscellaneous coastal fishes,Mediterranean and Black Sea,0.59800593,0.659990288,0.695173149,0.731623212,0.823646542,0.056337545,0.698443304,21815.76243,2003,0.405141309,33654.9985,3195.347532,0.202570655,5773,Domestic
Dicentrarchus_labrax-Mediterranean and Black Sea,Dicentrarchus labrax,European seabass,Miscellaneous coastal fishes,Mediterranean and Black Sea,0.449057588,0.503985648,0.536361991,0.574980672,0.676383129,0.057388303,0.543204297,21815.76243,2004,0.405141309,33654.9985,3195.347532,0.202570655,5410,Domestic
Dicentrarchus_labrax-Mediterranean and Black Sea,Dicentrarchus labrax,European seabass,Miscellaneous coastal fishes,Mediterranean and Black Sea,0.451976546,0.503041117,0.531503689,0.570172119,0.670871176,0.053940348,0.539401701,21815.76243,2005,0.405141309,33654.9985,3195.347532,0.202570655,2572,Domestic
Dicentrarchus_labrax-Mediterranean and Black Sea,Dicentrarchus labrax,European seabass,Miscellaneous coastal fishes,Mediterranean and Black Sea,0.398076389,0.443116461,0.474150277,0.512047689,0.606952218,0.053806428,0.481725204,21815.76243,2006,0.405141309,33654.9985,3195.347532,0.202570655,3425,Domestic
Dicentrarchus_labrax-Mediterranean and Black Sea,Dicentrarchus labrax,European seabass,Miscellaneous coastal fishes,Mediterranean and Black Sea,0.341387496,0.382804006,0.416025591,0.459117772,0.564716473,0.058921245,0.426705366,21815.76243,2007,0.405141309,33654.9985,3195.347532,0.202570655,3204,Domestic
Dicentrarchus_labrax-Mediterranean and Black Sea,Dicentrarchus labrax,European seabass,Miscellaneous coastal fishes,Mediterranean and Black Sea,0.324782913,0.367117648,0.404193102,0.451233526,0.560892647,0.06222687,0.414553983,21815.76243,2008,0.405141309,33654.9985,3195.347532,0.202570655,2303,Domestic
Dicentrarchus_labrax-Mediterranean and Black Sea,Dicentrarchus labrax,European seabass,Miscellaneous coastal fishes,Mediterranean and Black Sea,0.293865876,0.340604377,0.381434637,0.433974593,0.548524055,0.06808045,0.393295035,21815.76243,2009,0.405141309,33654.9985,3195.347532,0.202570655,2404,Domestic
Dicentrarchus_labrax-Mediterranean and Black Sea,Dicentrarchus labrax,European seabass,Miscellaneous coastal fishes,Mediterranean and Black Sea,0.246413624,0.292523485,0.34450198,0.406874241,0.531954585,0.078471394,0.356829733,21815.76243,2010,0.405141309,33654.9985,3195.347532,0.202570655,2555,Domestic
Dicentrarchus_labrax-Mediterranean and Black Sea,Dicentrarchus labrax,European seabass,Miscellaneous coastal fishes,Mediterranean and Black Sea,0.22103236,0.277263916,0.340249812,0.414883322,0.55293564,0.091272511,0.351981064,21815.76243,2011,0.405141309,33654.9985,3195.347532,0.202570655,1909,Domestic
Dicentrarchus_labrax-Mediterranean and Black Sea,Dicentrarchus labrax,European seabass,Miscellaneous coastal fishes,Mediterranean and Black Sea,0.192724535,0.265927024,0.346955972,0.433694537,0.584425641,0.107476543,0.355974554,21815.76243,2012,0.405141309,33654.9985,3195.347532,0.202570655,1736,Domestic
Dicentrarchus_labrax-Mediterranean and Black Sea,Dicentrarchus labrax,European seabass,Miscellaneous coastal fishes,Mediterranean and Black Sea,0.158601862,0.25634241,0.357498513,0.460423203,0.61903759,0.127451808,0.36340183,21815.76243,2013,0.405141309,33654.9985,3195.347532,0.202570655,1674,Domestic
Dicentrarchus_labrax-Mediterranean and Black Sea,Dicentrarchus labrax,European seabass,Miscellaneous coastal fishes,Mediterranean and Black Sea,0.121530252,0.248523095,0.379687159,0.501490131,0.655267185,0.152643227,0.379042873,21815.76243,2014,0.405141309,33654.9985,3195.347532,0.202570655,1559,Domestic
Dicentrarchus_labrax-Mediterranean and Black Sea,Dicentrarchus labrax,European seabass,Miscellaneous coastal fishes,Mediterranean and Black Sea,0.090840405,0.260722626,0.43195185,0.57553843,0.714428226,0.184472988,0.418114292,21815.76243,2015,0.405141309,33654.9985,3195.347532,0.202570655,1241,Domestic
Dicentrarchus_labrax-Mediterranean and Black Sea,Dicentrarchus labrax,European seabass,Miscellaneous coastal fishes,Mediterranean and Black Sea,0.046204715,0.271830928,0.487980579,0.663835096,0.78767588,0.225638984,0.461630679,21815.76243,2016,0.405141309,33654.9985,3195.347532,0.202570655,1292,Domestic
Diplodus_sargus-Mediterranean and Black Sea,Diplodus sargus,White seabream,Miscellaneous coastal fishes,Mediterranean and Black Sea,1.054986844,1.290307205,1.449373361,1.63383973,1.917658596,0.231708446,1.464195257,11117.66049,1970,0.497390593,17461.25603,2070.124853,0.248695296,120,CBA
Diplodus_sargus-Mediterranean and Black Sea,Diplodus sargus,White seabream,Miscellaneous coastal fishes,Mediterranean and Black Sea,1.205564305,1.455599585,1.613560244,1.76227526,1.957331564,0.202789032,1.60616209,11117.66049,1971,0.497390593,17461.25603,2070.124853,0.248695296,160,CBA
Diplodus_sargus-Mediterranean and Black Sea,Diplodus sargus,White seabream,Miscellaneous coastal fishes,Mediterranean and Black Sea,1.320110307,1.59520435,1.726549288,1.836989951,1.975135845,0.171982615,1.705542045,11117.66049,1972,0.497390593,17461.25603,2070.124853,0.248695296,121,CBA
Diplodus_sargus-Mediterranean and Black Sea,Diplodus sargus,White seabream,Miscellaneous coastal fishes,Mediterranean and Black Sea,1.435931268,1.683627237,1.793206988,1.878989533,1.977939051,0.144356295,1.769969961,11117.66049,1973,0.497390593,17461.25603,2070.124853,0.248695296,109,CBA
Diplodus_sargus-Mediterranean and Black Sea,Diplodus sargus,White seabream,Miscellaneous coastal fishes,Mediterranean and Black Sea,1.523687154,1.735825286,1.827127259,1.902914804,1.983531056,0.124062743,1.80776856,11117.66049,1974,0.497390593,17461.25603,2070.124853,0.248695296,106,CBA
Diplodus_sargus-Mediterranean and Black Sea,Diplodus sargus,White seabream,Miscellaneous coastal fishes,Mediterranean and Black Sea,1.583536723,1.76366875,1.842978536,1.910235067,1.99015723,0.108144846,1.828736906,11117.66049,1975,0.497390593,17461.25603,2070.124853,0.248695296,100,CBA
Diplodus_sargus-Mediterranean and Black Sea,Diplodus sargus,White seabream,Miscellaneous coastal fishes,Mediterranean and Black Sea,1.617220078,1.781463437,1.855888886,1.91677728,1.989213756,0.099064201,1.841588745,11117.66049,1976,0.497390593,17461.25603,2070.124853,0.248695296,96,CBA
Diplodus_sargus-Mediterranean and Black Sea,Diplodus sargus,White seabream,Miscellaneous coastal fishes,Mediterranean and Black Sea,1.641486522,1.789129377,1.859677657,1.919260013,1.986992186,0.092804159,1.847826932,11117.66049,1977,0.497390593,17461.25603,2070.124853,0.248695296,140,CBA
Diplodus_sargus-Mediterranean and Black Sea,Diplodus sargus,White seabream,Miscellaneous coastal fishes,Mediterranean and Black Sea,1.652251039,1.794027351,1.861015417,1.921474484,1.988598541,0.089293534,1.851894692,11117.66049,1978,0.497390593,17461.25603,2070.124853,0.248695296,153,CBA
Diplodus_sargus-Mediterranean and Black Sea,Diplodus sargus,White seabream,Miscellaneous coastal fishes,Mediterranean and Black Sea,1.66590072,1.796229985,1.862579049,1.92162749,1.989521091,0.086627064,1.853831308,11117.66049,1979,0.497390593,17461.25603,2070.124853,0.248695296,127,CBA
Diplodus_sargus-Mediterranean and Black Sea,Diplodus sargus,White seabream,Miscellaneous coastal fishes,Mediterranean and Black Sea,1.671378012,1.797179289,1.861672174,1.92104357,1.988732806,0.085851784,1.853620704,11117.66049,1980,0.497390593,17461.25603,2070.124853,0.248695296,213,CBA
Diplodus_sargus-Mediterranean and Black Sea,Diplodus sargus,White seabream,Miscellaneous coastal fishes,Mediterranean and Black Sea,1.665735987,1.801816761,1.864190812,1.926748981,1.99129213,0.08681938,1.857928126,11117.66049,1981,0.497390593,17461.25603,2070.124853,0.248695296,162,CBA
Diplodus_sargus-Mediterranean and Black Sea,Diplodus sargus,White seabream,Miscellaneous coastal fishes,Mediterranean and Black Sea,1.641047991,1.778589047,1.843101756,1.901549375,1.98346506,0.088822641,1.835722121,11117.66049,1982,0.497390593,17461.25603,2070.124853,0.248695296,462,CBA
Diplodus_sargus-Mediterranean and Black Sea,Diplodus sargus,White seabream,Miscellaneous coastal fishes,Mediterranean and Black Sea,1.644663424,1.776542579,1.845878006,1.908576852,1.986519702,0.091308623,1.838740254,11117.66049,1983,0.497390593,17461.25603,2070.124853,0.248695296,336,CBA
Diplodus_sargus-Mediterranean and Black Sea,Diplodus sargus,White seabream,Miscellaneous coastal fishes,Mediterranean and Black Sea,1.628177249,1.764697622,1.832160355,1.893852861,1.979629459,0.092191854,1.825856313,11117.66049,1984,0.497390593,17461.25603,2070.124853,0.248695296,501,CBA
Diplodus_sargus-Mediterranean and Black Sea,Diplodus sargus,White seabream,Miscellaneous coastal fishes,Mediterranean and Black Sea,1.621442955,1.759568239,1.828691519,1.891669782,1.981855865,0.095313187,1.821527791,11117.66049,1985,0.497390593,17461.25603,2070.124853,0.248695296,480,CBA
Diplodus_sargus-Mediterranean and Black Sea,Diplodus sargus,White seabream,Miscellaneous coastal fishes,Mediterranean and Black Sea,1.616710319,1.760438721,1.829452628,1.892919835,1.981606915,0.09639648,1.8220229,11117.66049,1986,0.497390593,17461.25603,2070.124853,0.248695296,437,CBA
Diplodus_sargus-Mediterranean and Black Sea,Diplodus sargus,White seabream,Miscellaneous coastal fishes,Mediterranean and Black Sea,1.621588732,1.758942105,1.83096867,1.894674871,1.983155733,0.095948028,1.823266126,11117.66049,1987,0.497390593,17461.25603,2070.124853,0.248695296,460,CBA
Diplodus_sargus-Mediterranean and Black Sea,Diplodus sargus,White seabream,Miscellaneous coastal fishes,Mediterranean and Black Sea,1.612636797,1.749512493,1.821546816,1.887587334,1.979106219,0.097291309,1.814528755,11117.66049,1988,0.497390593,17461.25603,2070.124853,0.248695296,516,CBA
Diplodus_sargus-Mediterranean and Black Sea,Diplodus sargus,White seabream,Miscellaneous coastal fishes,Mediterranean and Black Sea,1.604255932,1.738642286,1.807083115,1.873654192,1.974771583,0.097786613,1.802798973,11117.66049,1989,0.497390593,17461.25603,2070.124853,0.248695296,660,CBA
Diplodus_sargus-Mediterranean and Black Sea,Diplodus sargus,White seabream,Miscellaneous coastal fishes,Mediterranean and Black Sea,1.593494893,1.733451962,1.801652491,1.872351778,1.97195466,0.098710496,1.798879968,11117.66049,1990,0.497390593,17461.25603,2070.124853,0.248695296,627,CBA
Diplodus_sargus-Mediterranean and Black Sea,Diplodus sargus,White seabream,Miscellaneous coastal fishes,Mediterranean and Black Sea,1.591985778,1.728748838,1.803325044,1.874062158,1.978869,0.101292309,1.799180772,11117.66049,1991,0.497390593,17461.25603,2070.124853,0.248695296,591,CBA
Diplodus_sargus-Mediterranean and Black Sea,Diplodus sargus,White seabream,Miscellaneous coastal fishes,Mediterranean and Black Sea,1.586322061,1.731551619,1.805197102,1.874166671,1.975069852,0.102491287,1.79928278,11117.66049,1992,0.497390593,17461.25603,2070.124853,0.248695296,630,CBA
Diplodus_sargus-Mediterranean and Black Sea,Diplodus sargus,White seabream,Miscellaneous coastal fishes,Mediterranean and Black Sea,1.564472046,1.709218794,1.787252689,1.857676258,1.971032356,0.105380624,1.780780199,11117.66049,1993,0.497390593,17461.25603,2070.124853,0.248695296,772,CBA
Diplodus_sargus-Mediterranean and Black Sea,Diplodus sargus,White seabream,Miscellaneous coastal fishes,Mediterranean and Black Sea,1.562500992,1.722013917,1.797222798,1.864505513,1.972082624,0.105078394,1.788876254,11117.66049,1994,0.497390593,17461.25603,2070.124853,0.248695296,629,CBA
Diplodus_sargus-Mediterranean and Black Sea,Diplodus sargus,White seabream,Miscellaneous coastal fishes,Mediterranean and Black Sea,1.551004339,1.700733533,1.771438998,1.844108081,1.964033626,0.105854548,1.769466062,11117.66049,1995,0.497390593,17461.25603,2070.124853,0.248695296,885,CBA
Diplodus_sargus-Mediterranean and Black Sea,Diplodus sargus,White seabream,Miscellaneous coastal fishes,Mediterranean and Black Sea,1.53310467,1.676739859,1.747360391,1.822834604,1.951109828,0.107295846,1.747263767,11117.66049,1996,0.497390593,17461.25603,2070.124853,0.248695296,999,CBA
Diplodus_sargus-Mediterranean and Black Sea,Diplodus sargus,White seabream,Miscellaneous coastal fishes,Mediterranean and Black Sea,1.508889447,1.657864812,1.732608491,1.807639189,1.937861543,0.10898786,1.730771212,11117.66049,1997,0.497390593,17461.25603,2070.124853,0.248695296,1022,CBA
Diplodus_sargus-Mediterranean and Black Sea,Diplodus sargus,White seabream,Miscellaneous coastal fishes,Mediterranean and Black Sea,1.519651348,1.665439858,1.743506285,1.820214805,1.946001877,0.111307424,1.740525852,11117.66049,1998,0.497390593,17461.25603,2070.124853,0.248695296,823,CBA
Diplodus_sargus-Mediterranean and Black Sea,Diplodus sargus,White seabream,Miscellaneous coastal fishes,Mediterranean and Black Sea,1.449944471,1.593695993,1.676257212,1.753528254,1.895632061,0.115187089,1.674050393,11117.66049,1999,0.497390593,17461.25603,2070.124853,0.248695296,1481,CBA
Diplodus_sargus-Mediterranean and Black Sea,Diplodus sargus,White seabream,Miscellaneous coastal fishes,Mediterranean and Black Sea,1.400011988,1.543113545,1.62067429,1.699779288,1.84388969,0.116415853,1.622273386,11117.66049,2000,0.497390593,17461.25603,2070.124853,0.248695296,1579,CBA
Diplodus_sargus-Mediterranean and Black Sea,Diplodus sargus,White seabream,Miscellaneous coastal fishes,Mediterranean and Black Sea,1.381287231,1.529492725,1.608497058,1.691442875,1.840134609,0.118503916,1.61141219,11117.66049,2001,0.497390593,17461.25603,2070.124853,0.248695296,1382,CBA
Diplodus_sargus-Mediterranean and Black Sea,Diplodus sargus,White seabream,Miscellaneous coastal fishes,Mediterranean and Black Sea,1.365582385,1.512730649,1.600196314,1.681323464,1.831007301,0.121178776,1.598447743,11117.66049,2002,0.497390593,17461.25603,2070.124853,0.248695296,1408,CBA
Diplodus_sargus-Mediterranean and Black Sea,Diplodus sargus,White seabream,Miscellaneous coastal fishes,Mediterranean and Black Sea,1.383730637,1.534626397,1.624389238,1.708972545,1.864458091,0.125594043,1.623701995,11117.66049,2003,0.497390593,17461.25603,2070.124853,0.248695296,1118,CBA
Diplodus_sargus-Mediterranean and Black Sea,Diplodus sargus,White seabream,Miscellaneous coastal fishes,Mediterranean and Black Sea,1.368554287,1.527256907,1.614630172,1.698152346,1.849634918,0.124733614,1.612934283,11117.66049,2004,0.497390593,17461.25603,2070.124853,0.248695296,1357,CBA
Diplodus_sargus-Mediterranean and Black Sea,Diplodus sargus,White seabream,Miscellaneous coastal fishes,Mediterranean and Black Sea,1.336789642,1.493762658,1.577179553,1.657882563,1.821596931,0.124203292,1.575677816,11117.66049,2005,0.497390593,17461.25603,2070.124853,0.248695296,1626,CBA
Diplodus_sargus-Mediterranean and Black Sea,Diplodus sargus,White seabream,Miscellaneous coastal fishes,Mediterranean and Black Sea,1.299147921,1.450451066,1.53092849,1.615910764,1.773392336,0.122305996,1.533116339,11117.66049,2006,0.497390593,17461.25603,2070.124853,0.248695296,1754,CBA
Diplodus_sargus-Mediterranean and Black Sea,Diplodus sargus,White seabream,Miscellaneous coastal fishes,Mediterranean and Black Sea,1.30681534,1.455437878,1.537290404,1.621879057,1.786674932,0.123561391,1.54084894,11117.66049,2007,0.497390593,17461.25603,2070.124853,0.248695296,1451,CBA
Diplodus_sargus-Mediterranean and Black Sea,Diplodus sargus,White seabream,Miscellaneous coastal fishes,Mediterranean and Black Sea,1.291416231,1.441418577,1.521105548,1.604755263,1.768324863,0.121957915,1.524205559,11117.66049,2008,0.497390593,17461.25603,2070.124853,0.248695296,1648,CBA
Diplodus_sargus-Mediterranean and Black Sea,Diplodus sargus,White seabream,Miscellaneous coastal fishes,Mediterranean and Black Sea,1.147779117,1.271713861,1.348360428,1.429099848,1.593175513,0.114836476,1.353446427,11117.66049,2009,0.497390593,17461.25603,2070.124853,0.248695296,2980,CBA
Diplodus_sargus-Mediterranean and Black Sea,Diplodus sargus,White seabream,Miscellaneous coastal fishes,Mediterranean and Black Sea,1.016307358,1.14159901,1.221676475,1.308898337,1.492359544,0.122337271,1.229403407,11117.66049,2010,0.497390593,17461.25603,2070.124853,0.248695296,2912,CBA
Diplodus_sargus-Mediterranean and Black Sea,Diplodus sargus,White seabream,Miscellaneous coastal fishes,Mediterranean and Black Sea,0.913800864,1.035699596,1.123912353,1.221622607,1.431003345,0.13366534,1.135222114,11117.66049,2011,0.497390593,17461.25603,2070.124853,0.248695296,2795,CBA
Diplodus_sargus-Mediterranean and Black Sea,Diplodus sargus,White seabream,Miscellaneous coastal fishes,Mediterranean and Black Sea,0.861129722,0.984412943,1.079366853,1.198565074,1.433099136,0.150300602,1.098537433,11117.66049,2012,0.497390593,17461.25603,2070.124853,0.248695296,2358,CBA
Diplodus_sargus-Mediterranean and Black Sea,Diplodus sargus,White seabream,Miscellaneous coastal fishes,Mediterranean and Black Sea,0.807489519,0.932821599,1.043493941,1.176378201,1.430125341,0.166522689,1.064050818,11117.66049,2013,0.497390593,17461.25603,2070.124853,0.248695296,2331,CBA
Diplodus_sargus-Mediterranean and Black Sea,Diplodus sargus,White seabream,Miscellaneous coastal fishes,Mediterranean and Black Sea,0.787369399,0.908814914,1.042646101,1.188693079,1.455791674,0.18455089,1.062136701,11117.66049,2014,0.497390593,17461.25603,2070.124853,0.248695296,2056,CBA
Diplodus_sargus-Mediterranean and Black Sea,Diplodus sargus,White seabream,Miscellaneous coastal fishes,Mediterranean and Black Sea,0.721798591,0.844632683,0.992508144,1.161724526,1.424385446,0.199960005,1.014983191,11117.66049,2015,0.497390593,17461.25603,2070.124853,0.248695296,2423,CBA
Diplodus_sargus-Mediterranean and Black Sea,Diplodus sargus,White seabream,Miscellaneous coastal fishes,Mediterranean and Black Sea,0.61298195,0.742470725,0.910445631,1.103590358,1.360125717,0.219690192,0.933347462,11117.66049,2016,0.497390593,17461.25603,2070.124853,0.248695296,2687,CBA
Eleutheronema_tetradactylum-Pacific_Northwest,Eleutheronema tetradactylum,Fourfinger threadfin,Miscellaneous coastal fishes,Pacific Northwest,1.019585184,1.257988105,1.453162946,1.631829113,1.880509235,0.239448155,1.445570397,55965.57536,1958,0.294173953,82933.47133,6046.460949,0.147086977,800,CBA
Eleutheronema_tetradactylum-Pacific_Northwest,Eleutheronema tetradactylum,Fourfinger threadfin,Miscellaneous coastal fishes,Pacific Northwest,1.103667397,1.365672807,1.542823801,1.684577526,1.899896718,0.216063294,1.527533589,55965.57536,1959,0.294173953,82933.47133,6046.460949,0.147086977,1000,CBA
Eleutheronema_tetradactylum-Pacific_Northwest,Eleutheronema tetradactylum,Fourfinger threadfin,Miscellaneous coastal fishes,Pacific Northwest,1.176916764,1.430315784,1.598539027,1.728259933,1.915034983,0.197112636,1.579212399,55965.57536,1960,0.294173953,82933.47133,6046.460949,0.147086977,1600,CBA
Eleutheronema_tetradactylum-Pacific_Northwest,Eleutheronema tetradactylum,Fourfinger threadfin,Miscellaneous coastal fishes,Pacific Northwest,1.265723417,1.504414806,1.637433999,1.750051713,1.91638836,0.176193582,1.621135748,55965.57536,1961,0.294173953,82933.47133,6046.460949,0.147086977,1700,CBA
Eleutheronema_tetradactylum-Pacific_Northwest,Eleutheronema tetradactylum,Fourfinger threadfin,Miscellaneous coastal fishes,Pacific Northwest,1.316277687,1.544864945,1.664721797,1.774079969,1.929516167,0.163379778,1.653577628,55965.57536,1962,0.294173953,82933.47133,6046.460949,0.147086977,1800,CBA
Eleutheronema_tetradactylum-Pacific_Northwest,Eleutheronema tetradactylum,Fourfinger threadfin,Miscellaneous coastal fishes,Pacific Northwest,1.341316677,1.57146328,1.685682354,1.789393555,1.947424727,0.156038798,1.676812698,55965.57536,1963,0.294173953,82933.47133,6046.460949,0.147086977,1900,CBA
Eleutheronema_tetradactylum-Pacific_Northwest,Eleutheronema tetradactylum,Fourfinger threadfin,Miscellaneous coastal fishes,Pacific Northwest,1.336101756,1.563332369,1.668409869,1.767219715,1.905473439,0.145474013,1.656191718,55965.57536,1964,0.294173953,82933.47133,6046.460949,0.147086977,3500,CBA
Eleutheronema_tetradactylum-Pacific_Northwest,Eleutheronema tetradactylum,Fourfinger threadfin,Miscellaneous coastal fishes,Pacific Northwest,1.374189004,1.583133811,1.685584971,1.775995726,1.92974104,0.141443828,1.675897443,55965.57536,1965,0.294173953,82933.47133,6046.460949,0.147086977,2200,CBA
Eleutheronema_tetradactylum-Pacific_Northwest,Eleutheronema tetradactylum,Fourfinger threadfin,Miscellaneous coastal fishes,Pacific Northwest,1.415446846,1.604528612,1.70291443,1.788145275,1.933099999,0.136973002,1.69300161,55965.57536,1966,0.294173953,82933.47133,6046.460949,0.147086977,2000,CBA
Eleutheronema_tetradactylum-Pacific_Northwest,Eleutheronema tetradactylum,Fourfinger threadfin,Miscellaneous coastal fishes,Pacific Northwest,1.431764283,1.622281055,1.70942972,1.794497005,1.945781912,0.128301448,1.704872029,55965.57536,1967,0.294173953,82933.47133,6046.460949,0.147086977,2200,CBA
Eleutheronema_tetradactylum-Pacific_Northwest,Eleutheronema tetradactylum,Fourfinger threadfin,Miscellaneous coastal fishes,Pacific Northwest,1.469043946,1.649233429,1.739108143,1.823266191,1.951921854,0.125218608,1.73122604,55965.57536,1968,0.294173953,82933.47133,6046.460949,0.147086977,1300,CBA
Eleutheronema_tetradactylum-Pacific_Northwest,Eleutheronema tetradactylum,Fourfinger threadfin,Miscellaneous coastal fishes,Pacific Northwest,1.508736033,1.678789579,1.759441535,1.836222813,1.960387193,0.116115585,1.754783744,55965.57536,1969,0.294173953,82933.47133,6046.460949,0.147086977,1200,CBA
Eleutheronema_tetradactylum-Pacific_Northwest,Eleutheronema tetradactylum,Fourfinger threadfin,Miscellaneous coastal fishes,Pacific Northwest,1.54735255,1.700517067,1.78486457,1.861347105,1.971530197,0.113186777,1.77887246,55965.57536,1970,0.294173953,82933.47133,6046.460949,0.147086977,1140,CBA
Eleutheronema_tetradactylum-Pacific_Northwest,Eleutheronema tetradactylum,Fourfinger threadfin,Miscellaneous coastal fishes,Pacific Northwest,1.531128182,1.702408589,1.773765168,1.850971241,1.955805668,0.110122801,1.769562264,55965.57536,1971,0.294173953,82933.47133,6046.460949,0.147086977,2459,CBA
Eleutheronema_tetradactylum-Pacific_Northwest,Eleutheronema tetradactylum,Fourfinger threadfin,Miscellaneous coastal fishes,Pacific Northwest,1.534348408,1.689848067,1.7696499,1.844668872,1.96894187,0.113361162,1.763171433,55965.57536,1972,0.294173953,82933.47133,6046.460949,0.147086977,2723,CBA
Eleutheronema_tetradactylum-Pacific_Northwest,Eleutheronema tetradactylum,Fourfinger threadfin,Miscellaneous coastal fishes,Pacific Northwest,1.455239948,1.615897556,1.700768191,1.78266948,1.923885064,0.121837263,1.698450488,55965.57536,1973,0.294173953,82933.47133,6046.460949,0.147086977,5039,CBA
Eleutheronema_tetradactylum-Pacific_Northwest,Eleutheronema tetradactylum,Fourfinger threadfin,Miscellaneous coastal fishes,Pacific Northwest,1.419861747,1.596391303,1.67564289,1.757651781,1.915704054,0.125070507,1.67421164,55965.57536,1974,0.294173953,82933.47133,6046.460949,0.147086977,4141,CBA
Eleutheronema_tetradactylum-Pacific_Northwest,Eleutheronema tetradactylum,Fourfinger threadfin,Miscellaneous coastal fishes,Pacific Northwest,1.410121332,1.568956088,1.659219562,1.749209907,1.910163406,0.128410281,1.660590595,55965.57536,1975,0.294173953,82933.47133,6046.460949,0.147086977,3847,CBA
Eleutheronema_tetradactylum-Pacific_Northwest,Eleutheronema tetradactylum,Fourfinger threadfin,Miscellaneous coastal fishes,Pacific Northwest,1.381642529,1.554817327,1.635436739,1.731115421,1.898418409,0.132379761,1.640246728,55965.57536,1976,0.294173953,82933.47133,6046.460949,0.147086977,4555,CBA
Eleutheronema_tetradactylum-Pacific_Northwest,Eleutheronema tetradactylum,Fourfinger threadfin,Miscellaneous coastal fishes,Pacific Northwest,1.360817421,1.519709927,1.610759592,1.701810589,1.876407767,0.133513622,1.613611483,55965.57536,1977,0.294173953,82933.47133,6046.460949,0.147086977,4864,CBA
Eleutheronema_tetradactylum-Pacific_Northwest,Eleutheronema tetradactylum,Fourfinger threadfin,Miscellaneous coastal fishes,Pacific Northwest,1.302557777,1.455819851,1.539820852,1.631508032,1.805919388,0.13149133,1.545325502,55965.57536,1978,0.294173953,82933.47133,6046.460949,0.147086977,6990,CBA
Eleutheronema_tetradactylum-Pacific_Northwest,Eleutheronema tetradactylum,Fourfinger threadfin,Miscellaneous coastal fishes,Pacific Northwest,1.259953453,1.430764773,1.514826724,1.601381508,1.795566123,0.132541938,1.517652123,55965.57536,1979,0.294173953,82933.47133,6046.460949,0.147086977,5893,CBA
Eleutheronema_tetradactylum-Pacific_Northwest,Eleutheronema tetradactylum,Fourfinger threadfin,Miscellaneous coastal fishes,Pacific Northwest,1.252486576,1.412958039,1.499768111,1.593447848,1.757315211,0.131110159,1.502673956,55965.57536,1980,0.294173953,82933.47133,6046.460949,0.147086977,5525,CBA
Eleutheronema_tetradactylum-Pacific_Northwest,Eleutheronema tetradactylum,Fourfinger threadfin,Miscellaneous coastal fishes,Pacific Northwest,1.239814188,1.392979627,1.477070199,1.567512148,1.728838227,0.128731605,1.481293171,55965.57536,1981,0.294173953,82933.47133,6046.460949,0.147086977,5847,CBA
Eleutheronema_tetradactylum-Pacific_Northwest,Eleutheronema tetradactylum,Fourfinger threadfin,Miscellaneous coastal fishes,Pacific Northwest,1.221539922,1.366878908,1.452612787,1.541210001,1.704467419,0.125532809,1.453488246,55965.57536,1982,0.294173953,82933.47133,6046.460949,0.147086977,6120,CBA
Eleutheronema_tetradactylum-Pacific_Northwest,Eleutheronema tetradactylum,Fourfinger threadfin,Miscellaneous coastal fishes,Pacific Northwest,1.213811087,1.350011422,1.425281297,1.512543256,1.661617466,0.117196109,1.431586563,55965.57536,1983,0.294173953,82933.47133,6046.460949,0.147086977,6065,CBA
Eleutheronema_tetradactylum-Pacific_Northwest,Eleutheronema tetradactylum,Fourfinger threadfin,Miscellaneous coastal fishes,Pacific Northwest,1.208788442,1.34668983,1.423374422,1.498827387,1.650031018,0.112776135,1.4224428,55965.57536,1984,0.294173953,82933.47133,6046.460949,0.147086977,5930,CBA
Eleutheronema_tetradactylum-Pacific_Northwest,Eleutheronema tetradactylum,Fourfinger threadfin,Miscellaneous coastal fishes,Pacific Northwest,1.187287789,1.305094598,1.386036964,1.453612092,1.588728764,0.107345031,1.381475039,55965.57536,1985,0.294173953,82933.47133,6046.460949,0.147086977,7217,CBA
Eleutheronema_tetradactylum-Pacific_Northwest,Eleutheronema tetradactylum,Fourfinger threadfin,Miscellaneous coastal fishes,Pacific Northwest,1.159700206,1.267350797,1.336838696,1.405322441,1.548307302,0.102586122,1.338985797,55965.57536,1986,0.294173953,82933.47133,6046.460949,0.147086977,7479,CBA
Eleutheronema_tetradactylum-Pacific_Northwest,Eleutheronema tetradactylum,Fourfinger threadfin,Miscellaneous coastal fishes,Pacific Northwest,1.027803833,1.123770547,1.18289387,1.243655571,1.366501424,0.088622679,1.186283777,55965.57536,1987,0.294173953,82933.47133,6046.460949,0.147086977,12050,CBA
Eleutheronema_tetradactylum-Pacific_Northwest,Eleutheronema tetradactylum,Fourfinger threadfin,Miscellaneous coastal fishes,Pacific Northwest,0.818330501,0.895930059,0.940703633,0.990423961,1.094159981,0.071879751,0.945881258,55965.57536,1988,0.294173953,82933.47133,6046.460949,0.147086977,16041,CBA
Eleutheronema_tetradactylum-Pacific_Northwest,Eleutheronema tetradactylum,Fourfinger threadfin,Miscellaneous coastal fishes,Pacific Northwest,0.68119532,0.741958897,0.779652075,0.823970065,0.919482522,0.060999546,0.786072356,55965.57536,1989,0.294173953,82933.47133,6046.460949,0.147086977,12727,CBA
Eleutheronema_tetradactylum-Pacific_Northwest,Eleutheronema tetradactylum,Fourfinger threadfin,Miscellaneous coastal fishes,Pacific Northwest,0.555420104,0.606919041,0.638409004,0.675994215,0.746609118,0.050115493,0.643470823,55965.57536,1990,0.294173953,82933.47133,6046.460949,0.147086977,11690,CBA
Eleutheronema_tetradactylum-Pacific_Northwest,Eleutheronema tetradactylum,Fourfinger threadfin,Miscellaneous coastal fishes,Pacific Northwest,0.515721627,0.563186659,0.592081405,0.62287092,0.690836221,0.043988262,0.594698317,55965.57536,1991,0.294173953,82933.47133,6046.460949,0.147086977,7418,CBA
Eleutheronema_tetradactylum-Pacific_Northwest,Eleutheronema tetradactylum,Fourfinger threadfin,Miscellaneous coastal fishes,Pacific Northwest,0.40069401,0.436667127,0.457269306,0.485330859,0.539220525,0.036031529,0.461882015,55965.57536,1992,0.294173953,82933.47133,6046.460949,0.147086977,10543,CBA
Eleutheronema_tetradactylum-Pacific_Northwest,Eleutheronema tetradactylum,Fourfinger threadfin,Miscellaneous coastal fishes,Pacific Northwest,0.258716799,0.291023536,0.312023325,0.334509276,0.38327591,0.031894702,0.314982124,55965.57536,1993,0.294173953,82933.47133,6046.460949,0.147086977,10310,CBA
Eleutheronema_tetradactylum-Pacific_Northwest,Eleutheronema tetradactylum,Fourfinger threadfin,Miscellaneous coastal fishes,Pacific Northwest,0.228204245,0.258882015,0.278706039,0.299863145,0.348230932,0.031004689,0.281107713,55965.57536,1994,0.294173953,82933.47133,6046.460949,0.147086977,4603,CBA
Eleutheronema_tetradactylum-Pacific_Northwest,Eleutheronema tetradactylum,Fourfinger threadfin,Miscellaneous coastal fishes,Pacific Northwest,0.216771853,0.245360522,0.263322551,0.285590001,0.332551184,0.030051142,0.266953086,55965.57536,1995,0.294173953,82933.47133,6046.460949,0.147086977,3469,CBA
Eleutheronema_tetradactylum-Pacific_Northwest,Eleutheronema tetradactylum,Fourfinger threadfin,Miscellaneous coastal fishes,Pacific Northwest,0.208470474,0.236576909,0.253980734,0.27427605,0.322254397,0.029020629,0.257055739,55965.57536,1996,0.294173953,82933.47133,6046.460949,0.147086977,3157,CBA
Eleutheronema_tetradactylum-Pacific_Northwest,Eleutheronema tetradactylum,Fourfinger threadfin,Miscellaneous coastal fishes,Pacific Northwest,0.208025166,0.234240676,0.248709215,0.268186018,0.314308691,0.026867356,0.252841905,55965.57536,1997,0.294173953,82933.47133,6046.460949,0.147086977,2831,CBA
Eleutheronema_tetradactylum-Pacific_Northwest,Eleutheronema tetradactylum,Fourfinger threadfin,Miscellaneous coastal fishes,Pacific Northwest,0.197807742,0.220464006,0.234619384,0.250674061,0.295247704,0.024740635,0.237441044,55965.57536,1998,0.294173953,82933.47133,6046.460949,0.147086977,3248,CBA
Eleutheronema_tetradactylum-Pacific_Northwest,Eleutheronema tetradactylum,Fourfinger threadfin,Miscellaneous coastal fishes,Pacific Northwest,0.204591385,0.223464694,0.235413057,0.250031976,0.287266871,0.02167817,0.238536831,55965.57536,1999,0.294173953,82933.47133,6046.460949,0.147086977,2414,CBA
Eleutheronema_tetradactylum-Pacific_Northwest,Eleutheronema tetradactylum,Fourfinger threadfin,Miscellaneous coastal fishes,Pacific Northwest,0.097825835,0.114901763,0.127650277,0.14330694,0.18480594,0.022709938,0.131569685,55965.57536,2000,0.294173953,82933.47133,6046.460949,0.147086977,6917,CBA
Eleutheronema_tetradactylum-Pacific_Northwest,Eleutheronema tetradactylum,Fourfinger threadfin,Miscellaneous coastal fishes,Pacific Northwest,0.090465072,0.107172487,0.120184022,0.137782306,0.18608945,0.024955072,0.125144884,55965.57536,2001,0.294173953,82933.47133,6046.460949,0.147086977,1715,CBA
Eleutheronema_tetradactylum-Pacific_Northwest,Eleutheronema tetradactylum,Fourfinger threadfin,Miscellaneous coastal fishes,Pacific Northwest,0.091061305,0.109422639,0.12277952,0.14241529,0.192919936,0.026961505,0.12845484,55965.57536,2002,0.294173953,82933.47133,6046.460949,0.147086977,1236,CBA
Eleutheronema_tetradactylum-Pacific_Northwest,Eleutheronema tetradactylum,Fourfinger threadfin,Miscellaneous coastal fishes,Pacific Northwest,0.092740243,0.111710241,0.126661009,0.148799178,0.204919061,0.029831489,0.133161342,55965.57536,2003,0.294173953,82933.47133,6046.460949,0.147086977,1204,CBA
Eleutheronema_tetradactylum-Pacific_Northwest,Eleutheronema tetradactylum,Fourfinger threadfin,Miscellaneous coastal fishes,Pacific Northwest,0.092493182,0.113512956,0.131369949,0.15581027,0.21979502,0.033946997,0.138311008,55965.57536,2004,0.294173953,82933.47133,6046.460949,0.147086977,1233,CBA
Eleutheronema_tetradactylum-Pacific_Northwest,Eleutheronema tetradactylum,Fourfinger threadfin,Miscellaneous coastal fishes,Pacific Northwest,0.08599901,0.109419832,0.128225247,0.159918437,0.225621326,0.038446656,0.137186307,55965.57536,2005,0.294173953,82933.47133,6046.460949,0.147086977,1533,CBA
Eleutheronema_tetradactylum-Pacific_Northwest,Eleutheronema tetradactylum,Fourfinger threadfin,Miscellaneous coastal fishes,Pacific Northwest,0.083809459,0.109723696,0.132768881,0.169474989,0.246751456,0.044510213,0.142878768,55965.57536,2006,0.294173953,82933.47133,6046.460949,0.147086977,1256,CBA
Eleutheronema_tetradactylum-Pacific_Northwest,Eleutheronema tetradactylum,Fourfinger threadfin,Miscellaneous coastal fishes,Pacific Northwest,0.072651875,0.102385311,0.13215074,0.174357616,0.26248433,0.051785194,0.142469644,55965.57536,2007,0.294173953,82933.47133,6046.460949,0.147086977,1548,CBA
Eleutheronema_tetradactylum-Pacific_Northwest,Eleutheronema tetradactylum,Fourfinger threadfin,Miscellaneous coastal fishes,Pacific Northwest,0.067704045,0.102826944,0.139429371,0.190196173,0.283976852,0.060728819,0.150883282,55965.57536,2008,0.294173953,82933.47133,6046.460949,0.147086977,1161,CBA
Eleutheronema_tetradactylum-Pacific_Northwest,Eleutheronema tetradactylum,Fourfinger threadfin,Miscellaneous coastal fishes,Pacific Northwest,0.064732845,0.110118979,0.155826363,0.216299404,0.322079067,0.071817989,0.167411535,55965.57536,2009,0.294173953,82933.47133,6046.460949,0.147086977,923,CBA
Eleutheronema_tetradactylum-Pacific_Northwest,Eleutheronema tetradactylum,Fourfinger threadfin,Miscellaneous coastal fishes,Pacific Northwest,0.061903311,0.118013847,0.177319986,0.249641842,0.359509011,0.084966392,0.187283439,55965.57536,2010,0.294173953,82933.47133,6046.460949,0.147086977,942,CBA
Eleutheronema_tetradactylum-Pacific_Northwest,Eleutheronema tetradactylum,Fourfinger threadfin,Miscellaneous coastal fishes,Pacific Northwest,0.061861618,0.130719089,0.209196652,0.290567994,0.415615899,0.100595879,0.21457897,55965.57536,2011,0.294173953,82933.47133,6046.460949,0.147086977,815,CBA
Eleutheronema_tetradactylum-Pacific_Northwest,Eleutheronema tetradactylum,Fourfinger threadfin,Miscellaneous coastal fishes,Pacific Northwest,0.059808459,0.149325105,0.244332032,0.341207942,0.462096409,0.11951009,0.248274814,55965.57536,2012,0.294173953,82933.47133,6046.460949,0.147086977,794,CBA
Eleutheronema_tetradactylum-Pacific_Northwest,Eleutheronema tetradactylum,Fourfinger threadfin,Miscellaneous coastal fishes,Pacific Northwest,0.055560647,0.171907448,0.286896075,0.399256399,0.536165455,0.141478237,0.285158921,55965.57536,2013,0.294173953,82933.47133,6046.460949,0.147086977,933,CBA
Eleutheronema_tetradactylum-Pacific_Northwest,Eleutheronema tetradactylum,Fourfinger threadfin,Miscellaneous coastal fishes,Pacific Northwest,0.051785277,0.198302127,0.335278603,0.472270686,0.615831593,0.167306634,0.331444947,55965.57536,2014,0.294173953,82933.47133,6046.460949,0.147086977,833,CBA
Eleutheronema_tetradactylum-Pacific_Northwest,Eleutheronema tetradactylum,Fourfinger threadfin,Miscellaneous coastal fishes,Pacific Northwest,0.053598081,0.23681102,0.403317858,0.562568322,0.699038348,0.195657816,0.392462471,55965.57536,2015,0.294173953,82933.47133,6046.460949,0.147086977,553,CBA
Eleutheronema_tetradactylum-Pacific_Northwest,Eleutheronema tetradactylum,Fourfinger threadfin,Miscellaneous coastal fishes,Pacific Northwest,0.053665168,0.28342251,0.480190915,0.663018305,0.792506709,0.226736779,0.4617718,55965.57536,2016,0.294173953,82933.47133,6046.460949,0.147086977,584,CBA
Epinephelus_coioides-Indian Ocean_Western,Epinephelus coioides,Orange-spotted grouper,Miscellaneous coastal fishes,Indian Ocean Western,0.382916468,0.456324252,0.524830486,0.727576357,1.271934807,0.245468083,0.627508629,27304.68836,1997,0.397526684,97540.18717,9274.739704,0.198763342,3502,CBA
Epinephelus_coioides-Indian Ocean_Western,Epinephelus coioides,Orange-spotted grouper,Miscellaneous coastal fishes,Indian Ocean Western,0.426927972,0.532719185,0.626748586,0.835803736,1.383435665,0.258905917,0.718355662,27304.68836,1998,0.397526684,97540.18717,9274.739704,0.198763342,3152,CBA
Epinephelus_coioides-Indian Ocean_Western,Epinephelus coioides,Orange-spotted grouper,Miscellaneous coastal fishes,Indian Ocean Western,0.449544286,0.591563721,0.714983725,0.932322938,1.46858835,0.271751264,0.792010922,27304.68836,1999,0.397526684,97540.18717,9274.739704,0.198763342,4460,CBA
Epinephelus_coioides-Indian Ocean_Western,Epinephelus coioides,Orange-spotted grouper,Miscellaneous coastal fishes,Indian Ocean Western,0.49866306,0.681649166,0.836912944,1.060618337,1.583515754,0.285544006,0.897265033,27304.68836,2000,0.397526684,97540.18717,9274.739704,0.198763342,3307,CBA
Epinephelus_coioides-Indian Ocean_Western,Epinephelus coioides,Orange-spotted grouper,Miscellaneous coastal fishes,Indian Ocean Western,0.565926341,0.793543567,0.979580568,1.211114938,1.694641337,0.297354193,1.021792199,27304.68836,2001,0.397526684,97540.18717,9274.739704,0.198763342,2678,CBA
Epinephelus_coioides-Indian Ocean_Western,Epinephelus coioides,Orange-spotted grouper,Miscellaneous coastal fishes,Indian Ocean Western,0.646899094,0.918224314,1.129371101,1.365510557,1.789601941,0.304670075,1.154108532,27304.68836,2002,0.397526684,97540.18717,9274.739704,0.198763342,2305,CBA
Epinephelus_coioides-Indian Ocean_Western,Epinephelus coioides,Orange-spotted grouper,Miscellaneous coastal fishes,Indian Ocean Western,0.731082907,1.043453413,1.267932352,1.502702099,1.85188605,0.303365882,1.275687751,27304.68836,2003,0.397526684,97540.18717,9274.739704,0.198763342,2418,CBA
Epinephelus_coioides-Indian Ocean_Western,Epinephelus coioides,Orange-spotted grouper,Miscellaneous coastal fishes,Indian Ocean Western,0.816000755,1.155329875,1.388179039,1.60948765,1.890101395,0.294616818,1.378495603,27304.68836,2004,0.397526684,97540.18717,9274.739704,0.198763342,2676,CBA
Epinephelus_coioides-Indian Ocean_Western,Epinephelus coioides,Orange-spotted grouper,Miscellaneous coastal fishes,Indian Ocean Western,0.910608627,1.270332915,1.503032976,1.703140866,1.929401066,0.280644843,1.476793874,27304.68836,2005,0.397526684,97540.18717,9274.739704,0.198763342,2264,CBA
Epinephelus_coioides-Indian Ocean_Western,Epinephelus coioides,Orange-spotted grouper,Miscellaneous coastal fishes,Indian Ocean Western,0.954758354,1.309783857,1.523285763,1.692815265,1.904833434,0.257064483,1.49150434,27304.68836,2006,0.397526684,97540.18717,9274.739704,0.198763342,5322,CBA
Epinephelus_coioides-Indian Ocean_Western,Epinephelus coioides,Orange-spotted grouper,Miscellaneous coastal fishes,Indian Ocean Western,0.976438691,1.321524991,1.51108768,1.665690371,1.877127608,0.238992791,1.483949312,27304.68836,2007,0.397526684,97540.18717,9274.739704,0.198763342,6469,CBA
Epinephelus_coioides-Indian Ocean_Western,Epinephelus coioides,Orange-spotted grouper,Miscellaneous coastal fishes,Indian Ocean Western,0.977104859,1.299920779,1.469424803,1.619609007,1.839813834,0.225755765,1.451792139,27304.68836,2008,0.397526684,97540.18717,9274.739704,0.198763342,7777,CBA
Epinephelus_coioides-Indian Ocean_Western,Epinephelus coioides,Orange-spotted grouper,Miscellaneous coastal fishes,Indian Ocean Western,1.015349041,1.328238916,1.494910239,1.641680452,1.858535932,0.220651736,1.477457263,27304.68836,2009,0.397526684,97540.18717,9274.739704,0.198763342,5560,CBA
Epinephelus_coioides-Indian Ocean_Western,Epinephelus coioides,Orange-spotted grouper,Miscellaneous coastal fishes,Indian Ocean Western,1.028328563,1.319813994,1.476826636,1.622994592,1.839623667,0.212930893,1.465137324,27304.68836,2010,0.397526684,97540.18717,9274.739704,0.198763342,7065,CBA
Epinephelus_coioides-Indian Ocean_Western,Epinephelus coioides,Orange-spotted grouper,Miscellaneous coastal fishes,Indian Ocean Western,1.01610807,1.282335218,1.43191494,1.578993528,1.800098672,0.206600402,1.426329541,27304.68836,2011,0.397526684,97540.18717,9274.739704,0.198763342,8403,CBA
Epinephelus_coioides-Indian Ocean_Western,Epinephelus coioides,Orange-spotted grouper,Miscellaneous coastal fishes,Indian Ocean Western,0.990250093,1.232256701,1.377586605,1.534167728,1.757460856,0.204022526,1.380113979,27304.68836,2012,0.397526684,97540.18717,9274.739704,0.198763342,9043,CBA
Epinephelus_coioides-Indian Ocean_Western,Epinephelus coioides,Orange-spotted grouper,Miscellaneous coastal fishes,Indian Ocean Western,0.943295591,1.155715717,1.303094019,1.473107754,1.693079007,0.204707089,1.312744125,27304.68836,2013,0.397526684,97540.18717,9274.739704,0.198763342,10312,CBA
Epinephelus_coioides-Indian Ocean_Western,Epinephelus coioides,Orange-spotted grouper,Miscellaneous coastal fishes,Indian Ocean Western,0.854572477,1.028169262,1.191521082,1.387148245,1.595045969,0.213632362,1.207680627,27304.68836,2014,0.397526684,97540.18717,9274.739704,0.198763342,12347,CBA
Epinephelus_coioides-Indian Ocean_Western,Epinephelus coioides,Orange-spotted grouper,Miscellaneous coastal fishes,Indian Ocean Western,0.746249162,0.883784962,1.081764724,1.310917941,1.497748144,0.233151262,1.098797187,27304.68836,2015,0.397526684,97540.18717,9274.739704,0.198763342,12859,CBA
Epinephelus_coioides-Indian Ocean_Western,Epinephelus coioides,Orange-spotted grouper,Miscellaneous coastal fishes,Indian Ocean Western,0.612046727,0.74423043,0.986024391,1.253163194,1.388213741,0.261839158,0.996137667,27304.68836,2016,0.397526684,97540.18717,9274.739704,0.198763342,12723,CBA
Gadus_morhua-Atlantic_Northeast,Gadus morhua,Atlantic cod,"Cods, hakes, haddocks",Atlantic Northeast,0.674183289,0.918937648,1.064608807,1.198690466,1.420170549,0.195307045,1.057346689,6819570.385,1950,0.602891596,13833149.47,1786842.109,0.301445798,1357100,Domestic
Gadus_morhua-Atlantic_Northeast,Gadus morhua,Atlantic cod,"Cods, hakes, haddocks",Atlantic Northeast,0.704068725,0.955061529,1.099386538,1.223659125,1.435767285,0.190963917,1.088499837,6819570.385,1951,0.602891596,13833149.47,1786842.109,0.301445798,1558400,Domestic
Gadus_morhua-Atlantic_Northeast,Gadus morhua,Atlantic cod,"Cods, hakes, haddocks",Atlantic Northeast,0.729178692,0.978768183,1.117505803,1.236224861,1.444647693,0.18590843,1.10584799,6819570.385,1952,0.602891596,13833149.47,1786842.109,0.301445798,1645500,Domestic
Gadus_morhua-Atlantic_Northeast,Gadus morhua,Atlantic cod,"Cods, hakes, haddocks",Atlantic Northeast,0.766756094,1.017846074,1.143930549,1.266310229,1.470403877,0.182990661,1.137078884,6819570.385,1953,0.602891596,13833149.47,1786842.109,0.301445798,1551300,Domestic
Gadus_morhua-Atlantic_Northeast,Gadus morhua,Atlantic cod,"Cods, hakes, haddocks",Atlantic Northeast,0.774683892,1.018412895,1.140536826,1.261029349,1.4661509,0.176996361,1.135870163,6819570.385,1954,0.602891596,13833149.47,1786842.109,0.301445798,1740200,Domestic
Gadus_morhua-Atlantic_Northeast,Gadus morhua,Atlantic cod,"Cods, hakes, haddocks",Atlantic Northeast,0.751824416,0.969839291,1.089302617,1.201869763,1.413801899,0.16990562,1.086075934,6819570.385,1955,0.602891596,13833149.47,1786842.109,0.301445798,2017800,Domestic
Gadus_morhua-Atlantic_Northeast,Gadus morhua,Atlantic cod,"Cods, hakes, haddocks",Atlantic Northeast,0.694427196,0.913492176,1.027836985,1.146014291,1.373825927,0.173225214,1.02916495,6819570.385,1956,0.602891596,13833149.47,1786842.109,0.301445798,2094300,Domestic
Gadus_morhua-Atlantic_Northeast,Gadus morhua,Atlantic cod,"Cods, hakes, haddocks",Atlantic Northeast,0.70287933,0.934619819,1.053426507,1.186772485,1.422620422,0.184092854,1.059872343,6819570.385,1957,0.602891596,13833149.47,1786842.109,0.301445798,1591700,Domestic
Gadus_morhua-Atlantic_Northeast,Gadus morhua,Atlantic cod,"Cods, hakes, haddocks",Atlantic Northeast,0.699120523,0.941777468,1.070800402,1.199927843,1.46297744,0.192895178,1.073128157,6819570.385,1958,0.602891596,13833149.47,1786842.109,0.301445798,1673200,Domestic
Gadus_morhua-Atlantic_Northeast,Gadus morhua,Atlantic cod,"Cods, hakes, haddocks",Atlantic Northeast,0.72577662,0.96770654,1.106765144,1.249733273,1.49361999,0.19849793,1.107308546,6819570.385,1959,0.602891596,13833149.47,1786842.109,0.301445798,1522900,Domestic
Gadus_morhua-Atlantic_Northeast,Gadus morhua,Atlantic cod,"Cods, hakes, haddocks",Atlantic Northeast,0.747429772,0.997426257,1.139502516,1.279720737,1.519258487,0.20330609,1.137409674,6819570.385,1960,0.602891596,13833149.47,1786842.109,0.301445798,1537400,Domestic
Gadus_morhua-Atlantic_Northeast,Gadus morhua,Atlantic cod,"Cods, hakes, haddocks",Atlantic Northeast,0.797359368,1.057983638,1.214312955,1.359136255,1.593974401,0.210349388,1.206453812,6819570.385,1961,0.602891596,13833149.47,1786842.109,0.301445798,1281100,Domestic
Gadus_morhua-Atlantic_Northeast,Gadus morhua,Atlantic cod,"Cods, hakes, haddocks",Atlantic Northeast,0.797901779,1.060153413,1.206710547,1.345693796,1.571993181,0.20235484,1.200312343,6819570.385,1962,0.602891596,13833149.47,1786842.109,0.301445798,1671300,Domestic
Gadus_morhua-Atlantic_Northeast,Gadus morhua,Atlantic cod,"Cods, hakes, haddocks",Atlantic Northeast,0.8150989,1.076671837,1.220652214,1.350405932,1.572664303,0.199982841,1.210550742,6819570.385,1963,0.602891596,13833149.47,1786842.109,0.301445798,1593100,Domestic
Gadus_morhua-Atlantic_Northeast,Gadus morhua,Atlantic cod,"Cods, hakes, haddocks",Atlantic Northeast,0.860533458,1.131516186,1.28406381,1.423770444,1.637462781,0.204436802,1.272703489,6819570.385,1964,0.602891596,13833149.47,1786842.109,0.301445798,1274200,Domestic
Gadus_morhua-Atlantic_Northeast,Gadus morhua,Atlantic cod,"Cods, hakes, haddocks",Atlantic Northeast,0.910534735,1.181427914,1.334370479,1.468492231,1.661464082,0.200549271,1.317545431,6819570.385,1965,0.602891596,13833149.47,1786842.109,0.301445798,1307800,Domestic
Gadus_morhua-Atlantic_Northeast,Gadus morhua,Atlantic cod,"Cods, hakes, haddocks",Atlantic Northeast,0.944111347,1.213176135,1.356870285,1.478378257,1.668390823,0.190505429,1.339692353,6819570.385,1966,0.602891596,13833149.47,1786842.109,0.301445798,1401200,Domestic
Gadus_morhua-Atlantic_Northeast,Gadus morhua,Atlantic cod,"Cods, hakes, haddocks",Atlantic Northeast,0.961599203,1.226548494,1.357551593,1.466540621,1.641028097,0.178057177,1.341256284,6819570.385,1967,0.602891596,13833149.47,1786842.109,0.301445798,1516900,Domestic
Gadus_morhua-Atlantic_Northeast,Gadus morhua,Atlantic cod,"Cods, hakes, haddocks",Atlantic Northeast,0.926160004,1.151229146,1.253438597,1.355557274,1.56648036,0.159625559,1.250818656,6819570.385,1968,0.602891596,13833149.47,1786842.109,0.301445798,2075600,Domestic
Gadus_morhua-Atlantic_Northeast,Gadus morhua,Atlantic cod,"Cods, hakes, haddocks",Atlantic Northeast,0.873283378,1.068086207,1.162403716,1.269782958,1.49278407,0.156150447,1.168985049,6819570.385,1969,0.602891596,13833149.47,1786842.109,0.301445798,2147600,Domestic
Gadus_morhua-Atlantic_Northeast,Gadus morhua,Atlantic cod,"Cods, hakes, haddocks",Atlantic Northeast,0.840846326,1.01903724,1.122860485,1.238365039,1.475327884,0.163401657,1.133495526,6819570.385,1970,0.602891596,13833149.47,1786842.109,0.301445798,1943400,Domestic
Gadus_morhua-Atlantic_Northeast,Gadus morhua,Atlantic cod,"Cods, hakes, haddocks",Atlantic Northeast,0.82943293,1.006263846,1.118681353,1.243545021,1.485169708,0.170204408,1.12915337,6819570.385,1971,0.602891596,13833149.47,1786842.109,0.301445798,1773800,Domestic
Gadus_morhua-Atlantic_Northeast,Gadus morhua,Atlantic cod,"Cods, hakes, haddocks",Atlantic Northeast,0.820706687,1.005374336,1.127139746,1.256521704,1.498141874,0.177202867,1.136335777,6819570.385,1972,0.602891596,13833149.47,1786842.109,0.301445798,1688300,Domestic
Gadus_morhua-Atlantic_Northeast,Gadus morhua,Atlantic cod,"Cods, hakes, haddocks",Atlantic Northeast,0.817225535,1.003619121,1.125580658,1.261135554,1.50694999,0.180581621,1.135380095,6819570.385,1973,0.602891596,13833149.47,1786842.109,0.301445798,1730200,Domestic
Gadus_morhua-Atlantic_Northeast,Gadus morhua,Atlantic cod,"Cods, hakes, haddocks",Atlantic Northeast,0.765995466,0.947923295,1.074338903,1.212726394,1.46687868,0.184885908,1.086193947,6819570.385,1974,0.602891596,13833149.47,1786842.109,0.301445798,2019978,Domestic
Gadus_morhua-Atlantic_Northeast,Gadus morhua,Atlantic cod,"Cods, hakes, haddocks",Atlantic Northeast,0.740374263,0.925430852,1.063195705,1.211022573,1.482769872,0.19656094,1.076464056,6819570.385,1975,0.602891596,13833149.47,1786842.109,0.301445798,1795298,Domestic
Gadus_morhua-Atlantic_Northeast,Gadus morhua,Atlantic cod,"Cods, hakes, haddocks",Atlantic Northeast,0.702839353,0.89237791,1.04438916,1.204512663,1.475411769,0.207426426,1.055303966,6819570.385,1976,0.602891596,13833149.47,1786842.109,0.301445798,1857570,Domestic
Gadus_morhua-Atlantic_Northeast,Gadus morhua,Atlantic cod,"Cods, hakes, haddocks",Atlantic Northeast,0.665262031,0.866247908,1.033761788,1.20713299,1.466717094,0.221193527,1.041832005,6819570.385,1977,0.602891596,13833149.47,1786842.109,0.301445798,1802654,Domestic
Gadus_morhua-Atlantic_Northeast,Gadus morhua,Atlantic cod,"Cods, hakes, haddocks",Atlantic Northeast,0.645566456,0.862605665,1.053259827,1.235461787,1.510269447,0.23683236,1.054673898,6819570.385,1978,0.602891596,13833149.47,1786842.109,0.301445798,1645581,Domestic
Gadus_morhua-Atlantic_Northeast,Gadus morhua,Atlantic cod,"Cods, hakes, haddocks",Atlantic Northeast,0.650074384,0.895880625,1.100904509,1.288555331,1.553850836,0.250642517,1.094468302,6819570.385,1979,0.602891596,13833149.47,1786842.109,0.301445798,1467585,Domestic
Gadus_morhua-Atlantic_Northeast,Gadus morhua,Atlantic cod,"Cods, hakes, haddocks",Atlantic Northeast,0.631316661,0.900637772,1.124994325,1.302945417,1.557532443,0.259555648,1.103835449,6819570.385,1980,0.602891596,13833149.47,1786842.109,0.301445798,1612061,Domestic
Gadus_morhua-Atlantic_Northeast,Gadus morhua,Atlantic cod,"Cods, hakes, haddocks",Atlantic Northeast,0.588673136,0.885496419,1.122624658,1.299709187,1.548559322,0.268727198,1.092385938,6819570.385,1981,0.602891596,13833149.47,1786842.109,0.301445798,1728077,Domestic
Gadus_morhua-Atlantic_Northeast,Gadus morhua,Atlantic cod,"Cods, hakes, haddocks",Atlantic Northeast,0.564524072,0.8951088,1.148357752,1.325217172,1.566121902,0.280958558,1.108722664,6819570.385,1982,0.602891596,13833149.47,1786842.109,0.301445798,1549171,Domestic
Gadus_morhua-Atlantic_Northeast,Gadus morhua,Atlantic cod,"Cods, hakes, haddocks",Atlantic Northeast,0.562919507,0.940853824,1.201224101,1.375089173,1.626673018,0.293543135,1.150149627,6819570.385,1983,0.602891596,13833149.47,1786842.109,0.301445798,1378193,Domestic
Gadus_morhua-Atlantic_Northeast,Gadus morhua,Atlantic cod,"Cods, hakes, haddocks",Atlantic Northeast,0.556436809,0.984484198,1.251718564,1.419516206,1.645332939,0.301675527,1.188944468,6819570.385,1984,0.602891596,13833149.47,1786842.109,0.301445798,1362951,Domestic
Gadus_morhua-Atlantic_Northeast,Gadus morhua,Atlantic cod,"Cods, hakes, haddocks",Atlantic Northeast,0.554121583,1.038704791,1.3010403,1.462252436,1.667561874,0.309556393,1.229474623,6819570.385,1985,0.602891596,13833149.47,1786842.109,0.301445798,1315931,Domestic
Gadus_morhua-Atlantic_Northeast,Gadus morhua,Atlantic cod,"Cods, hakes, haddocks",Atlantic Northeast,0.546035146,1.07726511,1.331759213,1.48448158,1.682130035,0.310845891,1.254361478,6819570.385,1986,0.602891596,13833149.47,1786842.109,0.301445798,1369070,Domestic
Gadus_morhua-Atlantic_Northeast,Gadus morhua,Atlantic cod,"Cods, hakes, haddocks",Atlantic Northeast,0.519630932,1.102864932,1.343498156,1.478078068,1.676280907,0.310295754,1.258019084,6819570.385,1987,0.602891596,13833149.47,1786842.109,0.301445798,1468963,Domestic
Gadus_morhua-Atlantic_Northeast,Gadus morhua,Atlantic cod,"Cods, hakes, haddocks",Atlantic Northeast,0.516176145,1.140834266,1.373842603,1.500975473,1.683583283,0.31142691,1.282496373,6819570.385,1988,0.602891596,13833149.47,1786842.109,0.301445798,1330327,Domestic
Gadus_morhua-Atlantic_Northeast,Gadus morhua,Atlantic cod,"Cods, hakes, haddocks",Atlantic Northeast,0.509047601,1.204378226,1.431447197,1.556687179,1.743793625,0.319642613,1.335998973,6819570.385,1989,0.602891596,13833149.47,1786842.109,0.301445798,1133719,Domestic
Gadus_morhua-Atlantic_Northeast,Gadus morhua,Atlantic cod,"Cods, hakes, haddocks",Atlantic Northeast,0.535138898,1.286360018,1.511429646,1.626269685,1.799577971,0.324603195,1.408703853,6819570.385,1990,0.602891596,13833149.47,1786842.109,0.301445798,927155,Domestic
Gadus_morhua-Atlantic_Northeast,Gadus morhua,Atlantic cod,"Cods, hakes, haddocks",Atlantic Northeast,0.564436648,1.361946939,1.566753466,1.676918979,1.837805939,0.319507045,1.466149162,6819570.385,1991,0.602891596,13833149.47,1786842.109,0.301445798,913179,Domestic
Gadus_morhua-Atlantic_Northeast,Gadus morhua,Atlantic cod,"Cods, hakes, haddocks",Atlantic Northeast,0.602427566,1.427000201,1.597824581,1.696324337,1.85940667,0.306993871,1.503857018,6819570.385,1992,0.602891596,13833149.47,1786842.109,0.301445798,931992,Domestic
Gadus_morhua-Atlantic_Northeast,Gadus morhua,Atlantic cod,"Cods, hakes, haddocks",Atlantic Northeast,0.626590735,1.453381077,1.598910219,1.69314391,1.850521331,0.29061961,1.514811964,6819570.385,1993,0.602891596,13833149.47,1786842.109,0.301445798,1027500,Domestic
Gadus_morhua-Atlantic_Northeast,Gadus morhua,Atlantic cod,"Cods, hakes, haddocks",Atlantic Northeast,0.64006699,1.449458219,1.574276814,1.663279831,1.829344118,0.274740044,1.502134467,6819570.385,1994,0.602891596,13833149.47,1786842.109,0.301445798,1198288,Domestic
Gadus_morhua-Atlantic_Northeast,Gadus morhua,Atlantic cod,"Cods, hakes, haddocks",Atlantic Northeast,0.644678583,1.439389156,1.554804087,1.645774412,1.809313631,0.26271005,1.49184574,6819570.385,1995,0.602891596,13833149.47,1786842.109,0.301445798,1239605,Domestic
Gadus_morhua-Atlantic_Northeast,Gadus morhua,Atlantic cod,"Cods, hakes, haddocks",Atlantic Northeast,0.64322444,1.422760042,1.533646742,1.622080088,1.789207948,0.253977528,1.476486935,6819570.385,1996,0.602891596,13833149.47,1786842.109,0.301445798,1306894,Domestic
Gadus_morhua-Atlantic_Northeast,Gadus morhua,Atlantic cod,"Cods, hakes, haddocks",Atlantic Northeast,0.656628001,1.41643485,1.513432261,1.600366284,1.763153907,0.245598629,1.463930009,6819570.385,1997,0.602891596,13833149.47,1786842.109,0.301445798,1321431,Domestic
Gadus_morhua-Atlantic_Northeast,Gadus morhua,Atlantic cod,"Cods, hakes, haddocks",Atlantic Northeast,0.655108062,1.429095425,1.535196559,1.624744283,1.784940349,0.246298651,1.483830924,6819570.385,1998,0.602891596,13833149.47,1786842.109,0.301445798,1152968,Domestic
Gadus_morhua-Atlantic_Northeast,Gadus morhua,Atlantic cod,"Cods, hakes, haddocks",Atlantic Northeast,0.694318036,1.465652853,1.569849728,1.658996306,1.822581676,0.248593727,1.518031948,6819570.385,1999,0.602891596,13833149.47,1786842.109,0.301445798,1025406,Domestic
Gadus_morhua-Atlantic_Northeast,Gadus morhua,Atlantic cod,"Cods, hakes, haddocks",Atlantic Northeast,0.738587849,1.513248247,1.621522482,1.708173417,1.867880574,0.250575407,1.56717265,6819570.385,2000,0.602891596,13833149.47,1786842.109,0.301445798,877150,Domestic
Gadus_morhua-Atlantic_Northeast,Gadus morhua,Atlantic cod,"Cods, hakes, haddocks",Atlantic Northeast,0.771657941,1.538469224,1.645682424,1.73052551,1.877541939,0.243929607,1.592770283,6819570.385,2001,0.602891596,13833149.47,1786842.109,0.301445798,884785,Domestic
Gadus_morhua-Atlantic_Northeast,Gadus morhua,Atlantic cod,"Cods, hakes, haddocks",Atlantic Northeast,0.835542779,1.573512354,1.667479113,1.74800504,1.896204264,0.235529654,1.619203091,6819570.385,2002,0.602891596,13833149.47,1786842.109,0.301445798,847876,Domestic
Gadus_morhua-Atlantic_Northeast,Gadus morhua,Atlantic cod,"Cods, hakes, haddocks",Atlantic Northeast,0.870891623,1.589026759,1.686013864,1.765171668,1.912589135,0.226904519,1.640787029,6819570.385,2003,0.602891596,13833149.47,1786842.109,0.301445798,807885,Domestic
Gadus_morhua-Atlantic_Northeast,Gadus morhua,Atlantic cod,"Cods, hakes, haddocks",Atlantic Northeast,0.949014874,1.594384795,1.687602571,1.765881098,1.906290714,0.21705007,1.645928768,6819570.385,2004,0.602891596,13833149.47,1786842.109,0.301445798,859965,Domestic
Gadus_morhua-Atlantic_Northeast,Gadus morhua,Atlantic cod,"Cods, hakes, haddocks",Atlantic Northeast,0.985657881,1.606402131,1.695465313,1.772722333,1.916341524,0.208493401,1.658813632,6819570.385,2005,0.602891596,13833149.47,1786842.109,0.301445798,808230,Domestic
Gadus_morhua-Atlantic_Northeast,Gadus morhua,Atlantic cod,"Cods, hakes, haddocks",Atlantic Northeast,1.058257543,1.61106291,1.704966201,1.782371472,1.925609488,0.200311177,1.670513813,6819570.385,2006,0.602891596,13833149.47,1786842.109,0.301445798,790367,Domestic
Gadus_morhua-Atlantic_Northeast,Gadus morhua,Atlantic cod,"Cods, hakes, haddocks",Atlantic Northeast,1.13064747,1.62897513,1.720189399,1.79889988,1.934843743,0.191657252,1.687407716,6819570.385,2007,0.602891596,13833149.47,1786842.109,0.301445798,732348,Domestic
Gadus_morhua-Atlantic_Northeast,Gadus morhua,Atlantic cod,"Cods, hakes, haddocks",Atlantic Northeast,1.17945095,1.643900663,1.733904803,1.811036406,1.93422586,0.183057001,1.702206019,6819570.385,2008,0.602891596,13833149.47,1786842.109,0.301445798,708464,Domestic
Gadus_morhua-Atlantic_Northeast,Gadus morhua,Atlantic cod,"Cods, hakes, haddocks",Atlantic Northeast,1.22777911,1.631162845,1.713523331,1.790888375,1.923009105,0.172922316,1.688736756,6819570.385,2009,0.602891596,13833149.47,1786842.109,0.301445798,824651,Domestic
Gadus_morhua-Atlantic_Northeast,Gadus morhua,Atlantic cod,"Cods, hakes, haddocks",Atlantic Northeast,1.266639189,1.603056023,1.686111292,1.759759737,1.90424501,0.161980385,1.666289334,6819570.385,2010,0.602891596,13833149.47,1786842.109,0.301445798,909160,Domestic
Gadus_morhua-Atlantic_Northeast,Gadus morhua,Atlantic cod,"Cods, hakes, haddocks",Atlantic Northeast,1.2751483,1.568767203,1.653156152,1.727965297,1.86577905,0.153252614,1.635434865,6819570.385,2011,0.602891596,13833149.47,1786842.109,0.301445798,1007451,Domestic
Gadus_morhua-Atlantic_Northeast,Gadus morhua,Atlantic cod,"Cods, hakes, haddocks",Atlantic Northeast,1.271084076,1.530305415,1.608847617,1.689133082,1.84876897,0.146788671,1.599143071,6819570.385,2012,0.602891596,13833149.47,1786842.109,0.301445798,1076301,Domestic
Gadus_morhua-Atlantic_Northeast,Gadus morhua,Atlantic cod,"Cods, hakes, haddocks",Atlantic Northeast,1.247943846,1.457774872,1.534101777,1.608284551,1.758101088,0.133019742,1.526118731,6819570.385,2013,0.602891596,13833149.47,1786842.109,0.301445798,1313921,Domestic
Gadus_morhua-Atlantic_Northeast,Gadus morhua,Atlantic cod,"Cods, hakes, haddocks",Atlantic Northeast,1.217847709,1.398679425,1.471373602,1.542324325,1.689759981,0.12231174,1.466874109,6819570.385,2014,0.602891596,13833149.47,1786842.109,0.301445798,1321736,Domestic
Gadus_morhua-Atlantic_Northeast,Gadus morhua,Atlantic cod,"Cods, hakes, haddocks",Atlantic Northeast,1.226457688,1.360610883,1.419739438,1.4809444,1.600925608,0.104627889,1.41686393,6819570.385,2015,0.602891596,13833149.47,1786842.109,0.301445798,1241692,Domestic
Gadus_morhua-Atlantic_Northeast,Gadus morhua,Atlantic cod,"Cods, hakes, haddocks",Atlantic Northeast,1.214975929,1.336121517,1.366695173,1.385171273,1.39863972,0.063076665,1.349803675,6819570.385,2016,0.602891596,13833149.47,1786842.109,0.301445798,1255143,Domestic
Gadus_morhua-Atlantic_Northwest,Gadus morhua,Atlantic cod,"Cods, hakes, haddocks",Atlantic Northwest,NA,NA,NA,NA,NA,NA,NA,NA,NA,NA,NA,NA,NA,NA,Domestic
Gnathanodon_speciosus-Indian Ocean_Western,Gnathanodon speciosus,Golden trevally,Miscellaneous pelagic fishes,Indian Ocean Western,1.077720736,1.294669238,1.446010635,1.625403953,1.917037813,0.224524192,1.464650097,7600.472137,1982,0.77064185,13053.54327,2351.893418,0.385320925,350,CBA
Gnathanodon_speciosus-Indian Ocean_Western,Gnathanodon speciosus,Golden trevally,Miscellaneous pelagic fishes,Indian Ocean Western,1.198501007,1.478080158,1.636745592,1.768116807,1.938155065,0.198388401,1.615244779,7600.472137,1983,0.77064185,13053.54327,2351.893418,0.385320925,713,CBA
Gnathanodon_speciosus-Indian Ocean_Western,Gnathanodon speciosus,Golden trevally,Miscellaneous pelagic fishes,Indian Ocean Western,1.297767522,1.598384779,1.730934583,1.826139662,1.960458992,0.171979839,1.699861753,7600.472137,1984,0.77064185,13053.54327,2351.893418,0.385320925,713,CBA
Gnathanodon_speciosus-Indian Ocean_Western,Gnathanodon speciosus,Golden trevally,Miscellaneous pelagic fishes,Indian Ocean Western,1.383739751,1.677186283,1.780872926,1.862563307,1.973571149,0.149244629,1.755372554,7600.472137,1985,0.77064185,13053.54327,2351.893418,0.385320925,644,CBA
Gnathanodon_speciosus-Indian Ocean_Western,Gnathanodon speciosus,Golden trevally,Miscellaneous pelagic fishes,Indian Ocean Western,1.433699568,1.680030387,1.765635764,1.8409739,1.959977262,0.131103764,1.750214493,7600.472137,1986,0.77064185,13053.54327,2351.893418,0.385320925,877,CBA
Gnathanodon_speciosus-Indian Ocean_Western,Gnathanodon speciosus,Golden trevally,Miscellaneous pelagic fishes,Indian Ocean Western,1.452926607,1.669778458,1.749383441,1.823859094,1.951463906,0.123473687,1.73935683,7600.472137,1987,0.77064185,13053.54327,2351.893418,0.385320925,972,CBA
Gnathanodon_speciosus-Indian Ocean_Western,Gnathanodon speciosus,Golden trevally,Miscellaneous pelagic fishes,Indian Ocean Western,1.468149043,1.670758058,1.750045446,1.823897273,1.951094978,0.120397945,1.741141528,7600.472137,1988,0.77064185,13053.54327,2351.893418,0.385320925,950,CBA
Gnathanodon_speciosus-Indian Ocean_Western,Gnathanodon speciosus,Golden trevally,Miscellaneous pelagic fishes,Indian Ocean Western,1.486102346,1.679815835,1.757242901,1.829860598,1.954313563,0.117351903,1.748964276,7600.472137,1989,0.77064185,13053.54327,2351.893418,0.385320925,904,CBA
Gnathanodon_speciosus-Indian Ocean_Western,Gnathanodon speciosus,Golden trevally,Miscellaneous pelagic fishes,Indian Ocean Western,1.510422153,1.69391383,1.770729013,1.843266746,1.961515628,0.114682529,1.762966455,7600.472137,1990,0.77064185,13053.54327,2351.893418,0.385320925,830,CBA
Gnathanodon_speciosus-Indian Ocean_Western,Gnathanodon speciosus,Golden trevally,Miscellaneous pelagic fishes,Indian Ocean Western,1.55260183,1.738794058,1.815873367,1.885598074,1.980264371,0.110525312,1.804708872,7600.472137,1991,0.77064185,13053.54327,2351.893418,0.385320925,580,CBA
Gnathanodon_speciosus-Indian Ocean_Western,Gnathanodon speciosus,Golden trevally,Miscellaneous pelagic fishes,Indian Ocean Western,1.553927646,1.720155812,1.792320399,1.861949761,1.970519623,0.10685529,1.785785919,7600.472137,1992,0.77064185,13053.54327,2351.893418,0.385320925,818,CBA
Gnathanodon_speciosus-Indian Ocean_Western,Gnathanodon speciosus,Golden trevally,Miscellaneous pelagic fishes,Indian Ocean Western,1.551489642,1.712673567,1.785784871,1.854098241,1.966601827,0.106106659,1.779681594,7600.472137,1993,0.77064185,13053.54327,2351.893418,0.385320925,824,CBA
Gnathanodon_speciosus-Indian Ocean_Western,Gnathanodon speciosus,Golden trevally,Miscellaneous pelagic fishes,Indian Ocean Western,1.556633724,1.712755561,1.785751658,1.85534705,1.966975528,0.105676783,1.78013933,7600.472137,1994,0.77064185,13053.54327,2351.893418,0.385320925,796,CBA
Gnathanodon_speciosus-Indian Ocean_Western,Gnathanodon speciosus,Golden trevally,Miscellaneous pelagic fishes,Indian Ocean Western,1.603015813,1.76648006,1.840249295,1.905112368,1.986256667,0.100986173,1.829106164,7600.472137,1995,0.77064185,13053.54327,2351.893418,0.385320925,434,CBA
Gnathanodon_speciosus-Indian Ocean_Western,Gnathanodon speciosus,Golden trevally,Miscellaneous pelagic fishes,Indian Ocean Western,1.633254974,1.783606072,1.85247696,1.914247256,1.988157916,0.09406301,1.842735266,7600.472137,1996,0.77064185,13053.54327,2351.893418,0.385320925,441,CBA
Gnathanodon_speciosus-Indian Ocean_Western,Gnathanodon speciosus,Golden trevally,Miscellaneous pelagic fishes,Indian Ocean Western,1.651427204,1.789134729,1.854295711,1.914334016,1.987526515,0.089592857,1.846109366,7600.472137,1997,0.77064185,13053.54327,2351.893418,0.385320925,471,CBA
Gnathanodon_speciosus-Indian Ocean_Western,Gnathanodon speciosus,Golden trevally,Miscellaneous pelagic fishes,Indian Ocean Western,1.649591684,1.782624112,1.84719729,1.909189957,1.985812466,0.089131615,1.841009706,7600.472137,1998,0.77064185,13053.54327,2351.893418,0.385320925,536,CBA
Gnathanodon_speciosus-Indian Ocean_Western,Gnathanodon speciosus,Golden trevally,Miscellaneous pelagic fishes,Indian Ocean Western,1.661780392,1.79311709,1.857587781,1.917072887,1.987856823,0.087160345,1.849897031,7600.472137,1999,0.77064185,13053.54327,2351.893418,0.385320925,489,CBA
Gnathanodon_speciosus-Indian Ocean_Western,Gnathanodon speciosus,Golden trevally,Miscellaneous pelagic fishes,Indian Ocean Western,1.501422367,1.625202438,1.693351363,1.765091191,1.900985474,0.102372835,1.695903949,7600.472137,2000,0.77064185,13053.54327,2351.893418,0.385320925,1566,CBA
Gnathanodon_speciosus-Indian Ocean_Western,Gnathanodon speciosus,Golden trevally,Miscellaneous pelagic fishes,Indian Ocean Western,1.377584126,1.509434453,1.587016224,1.665394101,1.814801364,0.113272381,1.589350441,7600.472137,2001,0.77064185,13053.54327,2351.893418,0.385320925,1871,CBA
Gnathanodon_speciosus-Indian Ocean_Western,Gnathanodon speciosus,Golden trevally,Miscellaneous pelagic fishes,Indian Ocean Western,0.965304638,1.158227086,1.274546784,1.3828553,1.565762794,0.157063064,1.270296117,7600.472137,2002,0.77064185,13053.54327,2351.893418,0.385320925,3475,CBA
Gnathanodon_speciosus-Indian Ocean_Western,Gnathanodon speciosus,Golden trevally,Miscellaneous pelagic fishes,Indian Ocean Western,0.95937257,1.169903785,1.296943801,1.4199296,1.619801593,0.17366767,1.294035596,7600.472137,2003,0.77064185,13053.54327,2351.893418,0.385320925,2012,CBA
Gnathanodon_speciosus-Indian Ocean_Western,Gnathanodon speciosus,Golden trevally,Miscellaneous pelagic fishes,Indian Ocean Western,0.937860971,1.163134167,1.305974812,1.444243071,1.657636838,0.191088589,1.302394149,7600.472137,2004,0.77064185,13053.54327,2351.893418,0.385320925,2040,CBA
Gnathanodon_speciosus-Indian Ocean_Western,Gnathanodon speciosus,Golden trevally,Miscellaneous pelagic fishes,Indian Ocean Western,0.825663548,1.08271926,1.245939855,1.397708811,1.610677059,0.211519935,1.236992245,7600.472137,2005,0.77064185,13053.54327,2351.893418,0.385320925,2449,CBA
Gnathanodon_speciosus-Indian Ocean_Western,Gnathanodon speciosus,Golden trevally,Miscellaneous pelagic fishes,Indian Ocean Western,0.850300626,1.125791677,1.315865549,1.478615719,1.700156197,0.231357692,1.299356064,7600.472137,2006,0.77064185,13053.54327,2351.893418,0.385320925,1734,CBA
Gnathanodon_speciosus-Indian Ocean_Western,Gnathanodon speciosus,Golden trevally,Miscellaneous pelagic fishes,Indian Ocean Western,0.954420201,1.2486178,1.453900455,1.610903394,1.821497441,0.236638841,1.426331368,7600.472137,2007,0.77064185,13053.54327,2351.893418,0.385320925,1224,CBA
Gnathanodon_speciosus-Indian Ocean_Western,Gnathanodon speciosus,Golden trevally,Miscellaneous pelagic fishes,Indian Ocean Western,0.985738405,1.288702127,1.48144012,1.616909444,1.801106929,0.222141158,1.446640204,7600.472137,2008,0.77064185,13053.54327,2351.893418,0.385320925,1621,CBA
Gnathanodon_speciosus-Indian Ocean_Western,Gnathanodon speciosus,Golden trevally,Miscellaneous pelagic fishes,Indian Ocean Western,1.06181265,1.378325793,1.559310836,1.681376655,1.858890335,0.213729819,1.521403605,7600.472137,2009,0.77064185,13053.54327,2351.893418,0.385320925,1266,CBA
Gnathanodon_speciosus-Indian Ocean_Western,Gnathanodon speciosus,Golden trevally,Miscellaneous pelagic fishes,Indian Ocean Western,1.144161814,1.457806995,1.615495785,1.724576153,1.889317371,0.196828133,1.580248583,7600.472137,2010,0.77064185,13053.54327,2351.893418,0.385320925,1187,CBA
Gnathanodon_speciosus-Indian Ocean_Western,Gnathanodon speciosus,Golden trevally,Miscellaneous pelagic fishes,Indian Ocean Western,1.193076951,1.495845726,1.626277463,1.724456355,1.881796503,0.17639146,1.598429703,7600.472137,2011,0.77064185,13053.54327,2351.893418,0.385320925,1293,CBA
Gnathanodon_speciosus-Indian Ocean_Western,Gnathanodon speciosus,Golden trevally,Miscellaneous pelagic fishes,Indian Ocean Western,1.218734883,1.49173603,1.605566204,1.697774944,1.856590658,0.16065858,1.585164177,7600.472137,2012,0.77064185,13053.54327,2351.893418,0.385320925,1470,CBA
Gnathanodon_speciosus-Indian Ocean_Western,Gnathanodon speciosus,Golden trevally,Miscellaneous pelagic fishes,Indian Ocean Western,1.141857155,1.35312795,1.458392297,1.557471168,1.721200056,0.148386541,1.451757613,7600.472137,2013,0.77064185,13053.54327,2351.893418,0.385320925,2264,CBA
Gnathanodon_speciosus-Indian Ocean_Western,Gnathanodon speciosus,Golden trevally,Miscellaneous pelagic fishes,Indian Ocean Western,0.9532964,1.107125448,1.240134877,1.36420218,1.541682049,0.162722017,1.239030054,7600.472137,2014,0.77064185,13053.54327,2351.893418,0.385320925,3099,CBA
Gnathanodon_speciosus-Indian Ocean_Western,Gnathanodon speciosus,Golden trevally,Miscellaneous pelagic fishes,Indian Ocean Western,0.779137896,0.932548594,1.111083613,1.266789173,1.445018328,0.196434869,1.103906423,7600.472137,2015,0.77064185,13053.54327,2351.893418,0.385320925,2962,CBA
Gnathanodon_speciosus-Indian Ocean_Western,Gnathanodon speciosus,Golden trevally,Miscellaneous pelagic fishes,Indian Ocean Western,0.618159509,0.811576581,1.045065292,1.234705315,1.383401088,0.238391747,1.023447977,7600.472137,2016,0.77064185,13053.54327,2351.893418,0.385320925,2688,CBA
Hippoglossus_hippoglossus-Atlantic_Northeast,Hippoglossus hippoglossus,Atlantic halibut,"Flounders, halibuts, soles",Atlantic Northeast,0.718482691,0.936142466,1.052858593,1.159569828,1.342873977,0.162699297,1.044716145,171062.7839,1950,0.07660868,316321.4111,5966.141136,0.03830434,16200,Domestic
Hippoglossus_hippoglossus-Atlantic_Northeast,Hippoglossus hippoglossus,Atlantic halibut,"Flounders, halibuts, soles",Atlantic Northeast,0.674023589,0.881783268,0.996453876,1.104607293,1.300442909,0.161175425,0.992648386,171062.7839,1951,0.07660868,316321.4111,5966.141136,0.03830434,15500,Domestic
Hippoglossus_hippoglossus-Atlantic_Northeast,Hippoglossus hippoglossus,Atlantic halibut,"Flounders, halibuts, soles",Atlantic Northeast,0.643953054,0.842521163,0.954358343,1.061954668,1.270362595,0.159441614,0.952209376,171062.7839,1952,0.07660868,316321.4111,5966.141136,0.03830434,13500,Domestic
Hippoglossus_hippoglossus-Atlantic_Northeast,Hippoglossus hippoglossus,Atlantic halibut,"Flounders, halibuts, soles",Atlantic Northeast,0.62681722,0.819496828,0.928874607,1.036141791,1.243679322,0.158046955,0.928411489,171062.7839,1953,0.07660868,316321.4111,5966.141136,0.03830434,10800,Domestic
Hippoglossus_hippoglossus-Atlantic_Northeast,Hippoglossus hippoglossus,Atlantic halibut,"Flounders, halibuts, soles",Atlantic Northeast,0.613237813,0.796755907,0.901511152,1.009368649,1.220196336,0.156347803,0.90438758,171062.7839,1954,0.07660868,316321.4111,5966.141136,0.03830434,10800,Domestic
Hippoglossus_hippoglossus-Atlantic_Northeast,Hippoglossus hippoglossus,Atlantic halibut,"Flounders, halibuts, soles",Atlantic Northeast,0.599270936,0.77890701,0.880635435,0.98599662,1.199552437,0.154415631,0.884787021,171062.7839,1955,0.07660868,316321.4111,5966.141136,0.03830434,9900,Domestic
Hippoglossus_hippoglossus-Atlantic_Northeast,Hippoglossus hippoglossus,Atlantic halibut,"Flounders, halibuts, soles",Atlantic Northeast,0.591761778,0.762300726,0.862095467,0.967409818,1.179997839,0.15219328,0.868174816,171062.7839,1956,0.07660868,316321.4111,5966.141136,0.03830434,9400,Domestic
Hippoglossus_hippoglossus-Atlantic_Northeast,Hippoglossus hippoglossus,Atlantic halibut,"Flounders, halibuts, soles",Atlantic Northeast,0.572953385,0.738766832,0.8316833,0.937326299,1.153868054,0.149084573,0.840275042,171062.7839,1957,0.07660868,316321.4111,5966.141136,0.03830434,10900,Domestic
Hippoglossus_hippoglossus-Atlantic_Northeast,Hippoglossus hippoglossus,Atlantic halibut,"Flounders, halibuts, soles",Atlantic Northeast,0.536383148,0.691652895,0.785412877,0.88744169,1.100506688,0.144938475,0.794150182,171062.7839,1958,0.07660868,316321.4111,5966.141136,0.03830434,13600,Domestic
Hippoglossus_hippoglossus-Atlantic_Northeast,Hippoglossus hippoglossus,Atlantic halibut,"Flounders, halibuts, soles",Atlantic Northeast,0.51115758,0.657199035,0.748425072,0.845693653,1.060217915,0.141717811,0.757659236,171062.7839,1959,0.07660868,316321.4111,5966.141136,0.03830434,11900,Domestic
Hippoglossus_hippoglossus-Atlantic_Northeast,Hippoglossus hippoglossus,Atlantic halibut,"Flounders, halibuts, soles",Atlantic Northeast,0.475040074,0.614125409,0.70063149,0.797076068,1.015646869,0.138398701,0.711836234,171062.7839,1960,0.07660868,316321.4111,5966.141136,0.03830434,13000,Domestic
Hippoglossus_hippoglossus-Atlantic_Northeast,Hippoglossus hippoglossus,Atlantic halibut,"Flounders, halibuts, soles",Atlantic Northeast,0.444284499,0.575137232,0.659783181,0.753773229,0.967940909,0.134659149,0.67090108,171062.7839,1961,0.07660868,316321.4111,5966.141136,0.03830434,12100,Domestic
Hippoglossus_hippoglossus-Atlantic_Northeast,Hippoglossus hippoglossus,Atlantic halibut,"Flounders, halibuts, soles",Atlantic Northeast,0.409096995,0.535887852,0.617413984,0.708164942,0.925065605,0.132017097,0.630105937,171062.7839,1962,0.07660868,316321.4111,5966.141136,0.03830434,11900,Domestic
Hippoglossus_hippoglossus-Atlantic_Northeast,Hippoglossus hippoglossus,Atlantic halibut,"Flounders, halibuts, soles",Atlantic Northeast,0.382890064,0.506191968,0.583201463,0.674463472,0.891727155,0.129517446,0.596970324,171062.7839,1963,0.07660868,316321.4111,5966.141136,0.03830434,10300,Domestic
Hippoglossus_hippoglossus-Atlantic_Northeast,Hippoglossus hippoglossus,Atlantic halibut,"Flounders, halibuts, soles",Atlantic Northeast,0.359037522,0.477629023,0.552536408,0.640817799,0.855724852,0.12753072,0.566685491,171062.7839,1964,0.07660868,316321.4111,5966.141136,0.03830434,9700,Domestic
Hippoglossus_hippoglossus-Atlantic_Northeast,Hippoglossus hippoglossus,Atlantic halibut,"Flounders, halibuts, soles",Atlantic Northeast,0.336889838,0.449689546,0.523742436,0.61123078,0.830191045,0.125643929,0.53853638,171062.7839,1965,0.07660868,316321.4111,5966.141136,0.03830434,9100,Domestic
Hippoglossus_hippoglossus-Atlantic_Northeast,Hippoglossus hippoglossus,Atlantic halibut,"Flounders, halibuts, soles",Atlantic Northeast,0.32576066,0.433047436,0.506216748,0.59411332,0.807099951,0.124260366,0.521581478,171062.7839,1966,0.07660868,316321.4111,5966.141136,0.03830434,7300,Domestic
Hippoglossus_hippoglossus-Atlantic_Northeast,Hippoglossus hippoglossus,Atlantic halibut,"Flounders, halibuts, soles",Atlantic Northeast,0.309743124,0.414278916,0.486489034,0.571479999,0.785645855,0.123425994,0.501925355,171062.7839,1967,0.07660868,316321.4111,5966.141136,0.03830434,7600,Domestic
Hippoglossus_hippoglossus-Atlantic_Northeast,Hippoglossus hippoglossus,Atlantic halibut,"Flounders, halibuts, soles",Atlantic Northeast,0.29601321,0.397004083,0.466442246,0.551246664,0.766406486,0.12222634,0.483443448,171062.7839,1968,0.07660868,316321.4111,5966.141136,0.03830434,7200,Domestic
Hippoglossus_hippoglossus-Atlantic_Northeast,Hippoglossus hippoglossus,Atlantic halibut,"Flounders, halibuts, soles",Atlantic Northeast,0.287263989,0.385629738,0.454086694,0.53610956,0.754651263,0.120950552,0.470636458,171062.7839,1969,0.07660868,316321.4111,5966.141136,0.03830434,6200,Domestic
Hippoglossus_hippoglossus-Atlantic_Northeast,Hippoglossus hippoglossus,Atlantic halibut,"Flounders, halibuts, soles",Atlantic Northeast,0.273513937,0.369602657,0.437689457,0.520034548,0.73479714,0.11980621,0.454528569,171062.7839,1970,0.07660868,316321.4111,5966.141136,0.03830434,6600,Domestic
Hippoglossus_hippoglossus-Atlantic_Northeast,Hippoglossus hippoglossus,Atlantic halibut,"Flounders, halibuts, soles",Atlantic Northeast,0.258077301,0.351792893,0.419254121,0.503074036,0.716236167,0.118791547,0.437126314,171062.7839,1971,0.07660868,316321.4111,5966.141136,0.03830434,6700,Domestic
Hippoglossus_hippoglossus-Atlantic_Northeast,Hippoglossus hippoglossus,Atlantic halibut,"Flounders, halibuts, soles",Atlantic Northeast,0.248909095,0.34252744,0.409412365,0.49186159,0.701982625,0.118042959,0.427067039,171062.7839,1972,0.07660868,316321.4111,5966.141136,0.03830434,5400,Domestic
Hippoglossus_hippoglossus-Atlantic_Northeast,Hippoglossus hippoglossus,Atlantic halibut,"Flounders, halibuts, soles",Atlantic Northeast,0.243082588,0.334371886,0.401066366,0.481370004,0.693425362,0.117768294,0.41831746,171062.7839,1973,0.07660868,316321.4111,5966.141136,0.03830434,5100,Domestic
Hippoglossus_hippoglossus-Atlantic_Northeast,Hippoglossus hippoglossus,Atlantic halibut,"Flounders, halibuts, soles",Atlantic Northeast,0.239763512,0.329855864,0.395058726,0.475145962,0.687868424,0.117347588,0.412900066,171062.7839,1974,0.07660868,316321.4111,5966.141136,0.03830434,4536,Domestic
Hippoglossus_hippoglossus-Atlantic_Northeast,Hippoglossus hippoglossus,Atlantic halibut,"Flounders, halibuts, soles",Atlantic Northeast,0.237096445,0.323384701,0.389367942,0.469400978,0.683531199,0.116718657,0.407120382,171062.7839,1975,0.07660868,316321.4111,5966.141136,0.03830434,4522,Domestic
Hippoglossus_hippoglossus-Atlantic_Northeast,Hippoglossus hippoglossus,Atlantic halibut,"Flounders, halibuts, soles",Atlantic Northeast,0.230271209,0.315161112,0.379958088,0.46045775,0.674760755,0.116411218,0.399239379,171062.7839,1976,0.07660868,316321.4111,5966.141136,0.03830434,4793,Domestic
Hippoglossus_hippoglossus-Atlantic_Northeast,Hippoglossus hippoglossus,Atlantic halibut,"Flounders, halibuts, soles",Atlantic Northeast,0.225316922,0.309685537,0.373289202,0.4535803,0.673302271,0.116484661,0.393126325,171062.7839,1977,0.07660868,316321.4111,5966.141136,0.03830434,4479,Domestic
Hippoglossus_hippoglossus-Atlantic_Northeast,Hippoglossus hippoglossus,Atlantic halibut,"Flounders, halibuts, soles",Atlantic Northeast,0.221404362,0.304292801,0.368281427,0.450092309,0.669179983,0.11661707,0.388414685,171062.7839,1978,0.07660868,316321.4111,5966.141136,0.03830434,4195,Domestic
Hippoglossus_hippoglossus-Atlantic_Northeast,Hippoglossus hippoglossus,Atlantic halibut,"Flounders, halibuts, soles",Atlantic Northeast,0.211725771,0.29629452,0.359682195,0.439050078,0.664562391,0.11675139,0.379731961,171062.7839,1979,0.07660868,316321.4111,5966.141136,0.03830434,4829,Domestic
Hippoglossus_hippoglossus-Atlantic_Northeast,Hippoglossus hippoglossus,Atlantic halibut,"Flounders, halibuts, soles",Atlantic Northeast,0.210457253,0.293883892,0.356153485,0.436804833,0.662292363,0.117084655,0.377260714,171062.7839,1980,0.07660868,316321.4111,5966.141136,0.03830434,3755,Domestic
Hippoglossus_hippoglossus-Atlantic_Northeast,Hippoglossus hippoglossus,Atlantic halibut,"Flounders, halibuts, soles",Atlantic Northeast,0.210655881,0.295329166,0.358021834,0.438443481,0.664989787,0.11730307,0.378887941,171062.7839,1981,0.07660868,316321.4111,5966.141136,0.03830434,3112,Domestic
Hippoglossus_hippoglossus-Atlantic_Northeast,Hippoglossus hippoglossus,Atlantic halibut,"Flounders, halibuts, soles",Atlantic Northeast,0.212024484,0.296719436,0.358680563,0.440084056,0.66986303,0.117218305,0.380324871,171062.7839,1982,0.07660868,316321.4111,5966.141136,0.03830434,3127,Domestic
Hippoglossus_hippoglossus-Atlantic_Northeast,Hippoglossus hippoglossus,Atlantic halibut,"Flounders, halibuts, soles",Atlantic Northeast,0.210550549,0.293808277,0.35670004,0.438315519,0.672173152,0.117725943,0.378048368,171062.7839,1983,0.07660868,316321.4111,5966.141136,0.03830434,3701,Domestic
Hippoglossus_hippoglossus-Atlantic_Northeast,Hippoglossus hippoglossus,Atlantic halibut,"Flounders, halibuts, soles",Atlantic Northeast,0.207605588,0.289219653,0.351453865,0.43430652,0.659880937,0.11780781,0.373486353,171062.7839,1984,0.07660868,316321.4111,5966.141136,0.03830434,3993,Domestic
Hippoglossus_hippoglossus-Atlantic_Northeast,Hippoglossus hippoglossus,Atlantic halibut,"Flounders, halibuts, soles",Atlantic Northeast,0.205386015,0.287435822,0.349386045,0.433063048,0.661204547,0.118589718,0.372357682,171062.7839,1985,0.07660868,316321.4111,5966.141136,0.03830434,3451,Domestic
Hippoglossus_hippoglossus-Atlantic_Northeast,Hippoglossus hippoglossus,Atlantic halibut,"Flounders, halibuts, soles",Atlantic Northeast,0.202149226,0.284843728,0.345489483,0.43030944,0.658033984,0.118626553,0.368667289,171062.7839,1986,0.07660868,316321.4111,5966.141136,0.03830434,3834,Domestic
Hippoglossus_hippoglossus-Atlantic_Northeast,Hippoglossus hippoglossus,Atlantic halibut,"Flounders, halibuts, soles",Atlantic Northeast,0.196560514,0.278164783,0.340931987,0.426532962,0.656493423,0.119388354,0.364035563,171062.7839,1987,0.07660868,316321.4111,5966.141136,0.03830434,3985,Domestic
Hippoglossus_hippoglossus-Atlantic_Northeast,Hippoglossus hippoglossus,Atlantic halibut,"Flounders, halibuts, soles",Atlantic Northeast,0.194149985,0.275952729,0.339423181,0.424407834,0.652273331,0.120337951,0.361880207,171062.7839,1988,0.07660868,316321.4111,5966.141136,0.03830434,3528,Domestic
Hippoglossus_hippoglossus-Atlantic_Northeast,Hippoglossus hippoglossus,Atlantic halibut,"Flounders, halibuts, soles",Atlantic Northeast,0.192065319,0.274076696,0.339203411,0.42577903,0.657180593,0.121376938,0.36168876,171062.7839,1989,0.07660868,316321.4111,5966.141136,0.03830434,3219,Domestic
Hippoglossus_hippoglossus-Atlantic_Northeast,Hippoglossus hippoglossus,Atlantic halibut,"Flounders, halibuts, soles",Atlantic Northeast,0.189009837,0.270101999,0.337526424,0.423863246,0.655168122,0.122683678,0.359734347,171062.7839,1990,0.07660868,316321.4111,5966.141136,0.03830434,3500,Domestic
Hippoglossus_hippoglossus-Atlantic_Northeast,Hippoglossus hippoglossus,Atlantic halibut,"Flounders, halibuts, soles",Atlantic Northeast,0.181531927,0.26423483,0.331147181,0.421654685,0.649336742,0.123332579,0.354461984,171062.7839,1991,0.07660868,316321.4111,5966.141136,0.03830434,3989,Domestic
Hippoglossus_hippoglossus-Atlantic_Northeast,Hippoglossus hippoglossus,Atlantic halibut,"Flounders, halibuts, soles",Atlantic Northeast,0.178098932,0.259825418,0.328567792,0.419511918,0.650765454,0.125127664,0.352215487,171062.7839,1992,0.07660868,316321.4111,5966.141136,0.03830434,3485,Domestic
Hippoglossus_hippoglossus-Atlantic_Northeast,Hippoglossus hippoglossus,Atlantic halibut,"Flounders, halibuts, soles",Atlantic Northeast,0.171868084,0.255492697,0.3251268,0.41800873,0.65192195,0.126913261,0.349189324,171062.7839,1993,0.07660868,316321.4111,5966.141136,0.03830434,3568,Domestic
Hippoglossus_hippoglossus-Atlantic_Northeast,Hippoglossus hippoglossus,Atlantic halibut,"Flounders, halibuts, soles",Atlantic Northeast,0.161661198,0.248271231,0.320434842,0.415118793,0.650352567,0.12856172,0.343281582,171062.7839,1994,0.07660868,316321.4111,5966.141136,0.03830434,3949,Domestic
Hippoglossus_hippoglossus-Atlantic_Northeast,Hippoglossus hippoglossus,Atlantic halibut,"Flounders, halibuts, soles",Atlantic Northeast,0.160838055,0.247423586,0.322365245,0.420462289,0.654685106,0.130954258,0.345546437,171062.7839,1995,0.07660868,316321.4111,5966.141136,0.03830434,2692,Domestic
Hippoglossus_hippoglossus-Atlantic_Northeast,Hippoglossus hippoglossus,Atlantic halibut,"Flounders, halibuts, soles",Atlantic Northeast,0.160370789,0.248157316,0.325713694,0.425741271,0.666076371,0.133476419,0.348918056,171062.7839,1996,0.07660868,316321.4111,5966.141136,0.03830434,2549,Domestic
Hippoglossus_hippoglossus-Atlantic_Northeast,Hippoglossus hippoglossus,Atlantic halibut,"Flounders, halibuts, soles",Atlantic Northeast,0.157716184,0.248411095,0.329892134,0.433927342,0.672113963,0.136419966,0.352394532,171062.7839,1997,0.07660868,316321.4111,5966.141136,0.03830434,2537,Domestic
Hippoglossus_hippoglossus-Atlantic_Northeast,Hippoglossus hippoglossus,Atlantic halibut,"Flounders, halibuts, soles",Atlantic Northeast,0.158752152,0.253552164,0.338317245,0.444096293,0.681459806,0.138651462,0.359725821,171062.7839,1998,0.07660868,316321.4111,5966.141136,0.03830434,1904,Domestic
Hippoglossus_hippoglossus-Atlantic_Northeast,Hippoglossus hippoglossus,Atlantic halibut,"Flounders, halibuts, soles",Atlantic Northeast,0.159408239,0.257553133,0.345628367,0.453513614,0.689559043,0.142034112,0.36650075,171062.7839,1999,0.07660868,316321.4111,5966.141136,0.03830434,2092,Domestic
Hippoglossus_hippoglossus-Atlantic_Northeast,Hippoglossus hippoglossus,Atlantic halibut,"Flounders, halibuts, soles",Atlantic Northeast,0.159060671,0.259851066,0.354060451,0.462677994,0.698281092,0.144648317,0.372359754,171062.7839,2000,0.07660868,316321.4111,5966.141136,0.03830434,2204,Domestic
Hippoglossus_hippoglossus-Atlantic_Northeast,Hippoglossus hippoglossus,Atlantic halibut,"Flounders, halibuts, soles",Atlantic Northeast,0.160534919,0.262822524,0.363032417,0.4748423,0.707180368,0.147985828,0.379956598,171062.7839,2001,0.07660868,316321.4111,5966.141136,0.03830434,2042,Domestic
Hippoglossus_hippoglossus-Atlantic_Northeast,Hippoglossus hippoglossus,Atlantic halibut,"Flounders, halibuts, soles",Atlantic Northeast,0.16000211,0.265874082,0.37139068,0.486981114,0.716710441,0.151942856,0.387166756,171062.7839,2002,0.07660868,316321.4111,5966.141136,0.03830434,2189,Domestic
Hippoglossus_hippoglossus-Atlantic_Northeast,Hippoglossus hippoglossus,Atlantic halibut,"Flounders, halibuts, soles",Atlantic Northeast,0.158922656,0.26854306,0.378912127,0.497653377,0.732406736,0.155813906,0.393784648,171062.7839,2003,0.07660868,316321.4111,5966.141136,0.03830434,2300,Domestic
Hippoglossus_hippoglossus-Atlantic_Northeast,Hippoglossus hippoglossus,Atlantic halibut,"Flounders, halibuts, soles",Atlantic Northeast,0.156069475,0.269174069,0.385790124,0.506458172,0.732363349,0.158945463,0.39895414,171062.7839,2004,0.07660868,316321.4111,5966.141136,0.03830434,2545,Domestic
Hippoglossus_hippoglossus-Atlantic_Northeast,Hippoglossus hippoglossus,Atlantic halibut,"Flounders, halibuts, soles",Atlantic Northeast,0.151915645,0.270671052,0.392575713,0.517187916,0.741756983,0.163060714,0.404060718,171062.7839,2005,0.07660868,316321.4111,5966.141136,0.03830434,2623,Domestic
Hippoglossus_hippoglossus-Atlantic_Northeast,Hippoglossus hippoglossus,Atlantic halibut,"Flounders, halibuts, soles",Atlantic Northeast,0.14661513,0.270929432,0.398281679,0.527178563,0.752498659,0.167174116,0.408225979,171062.7839,2006,0.07660868,316321.4111,5966.141136,0.03830434,2731,Domestic
Hippoglossus_hippoglossus-Atlantic_Northeast,Hippoglossus hippoglossus,Atlantic halibut,"Flounders, halibuts, soles",Atlantic Northeast,0.13921658,0.269369111,0.403362944,0.535476467,0.75473274,0.171367232,0.411272163,171062.7839,2007,0.07660868,316321.4111,5966.141136,0.03830434,2950,Domestic
Hippoglossus_hippoglossus-Atlantic_Northeast,Hippoglossus hippoglossus,Atlantic halibut,"Flounders, halibuts, soles",Atlantic Northeast,0.128764568,0.26661306,0.406491613,0.542394789,0.75778501,0.175913312,0.412795751,171062.7839,2008,0.07660868,316321.4111,5966.141136,0.03830434,3204,Domestic
Hippoglossus_hippoglossus-Atlantic_Northeast,Hippoglossus hippoglossus,Atlantic halibut,"Flounders, halibuts, soles",Atlantic Northeast,0.120487723,0.267577841,0.413468338,0.554181994,0.76612135,0.180866821,0.416828137,171062.7839,2009,0.07660868,316321.4111,5966.141136,0.03830434,2821,Domestic
Hippoglossus_hippoglossus-Atlantic_Northeast,Hippoglossus hippoglossus,Atlantic halibut,"Flounders, halibuts, soles",Atlantic Northeast,0.10944379,0.264776786,0.420222243,0.565101826,0.775265667,0.186378557,0.419893036,171062.7839,2010,0.07660868,316321.4111,5966.141136,0.03830434,2961,Domestic
Hippoglossus_hippoglossus-Atlantic_Northeast,Hippoglossus hippoglossus,Atlantic halibut,"Flounders, halibuts, soles",Atlantic Northeast,0.099680068,0.262599808,0.42721283,0.575185915,0.776632785,0.192168221,0.423726371,171062.7839,2011,0.07660868,316321.4111,5966.141136,0.03830434,2835,Domestic
Hippoglossus_hippoglossus-Atlantic_Northeast,Hippoglossus hippoglossus,Atlantic halibut,"Flounders, halibuts, soles",Atlantic Northeast,0.091223526,0.264401185,0.43565303,0.589280592,0.780139999,0.197845427,0.429745717,171062.7839,2012,0.07660868,316321.4111,5966.141136,0.03830434,2523,Domestic
Hippoglossus_hippoglossus-Atlantic_Northeast,Hippoglossus hippoglossus,Atlantic halibut,"Flounders, halibuts, soles",Atlantic Northeast,0.08242469,0.266760851,0.447493931,0.606047568,0.784773123,0.203967291,0.437584707,171062.7839,2013,0.07660868,316321.4111,5966.141136,0.03830434,2215,Domestic
Hippoglossus_hippoglossus-Atlantic_Northeast,Hippoglossus hippoglossus,Atlantic halibut,"Flounders, halibuts, soles",Atlantic Northeast,0.07234888,0.267082409,0.455962978,0.620926146,0.788205817,0.210864728,0.443671327,171062.7839,2014,0.07660868,316321.4111,5966.141136,0.03830434,2624,Domestic
Hippoglossus_hippoglossus-Atlantic_Northeast,Hippoglossus hippoglossus,Atlantic halibut,"Flounders, halibuts, soles",Atlantic Northeast,0.059873682,0.264725823,0.46513739,0.634561418,0.787647437,0.217575692,0.448556964,171062.7839,2015,0.07660868,316321.4111,5966.141136,0.03830434,2755,Domestic
Hippoglossus_hippoglossus-Atlantic_Northeast,Hippoglossus hippoglossus,Atlantic halibut,"Flounders, halibuts, soles",Atlantic Northeast,0.042178497,0.26023175,0.471110925,0.645569663,0.786079794,0.225185553,0.450027063,171062.7839,2016,0.07660868,316321.4111,5966.141136,0.03830434,3345,Domestic
Hippoglossus_hippoglossus-Atlantic_Northwest,Hippoglossus hippoglossus,Atlantic halibut,"Flounders, halibuts, soles",Atlantic Northwest,0.542397212,0.778692308,0.942638906,1.098565763,1.344055706,0.214757968,0.939780097,73298.69051,1950,0.091344138,157167.2805,3534.295424,0.045672069,5444,Domestic
Hippoglossus_hippoglossus-Atlantic_Northwest,Hippoglossus hippoglossus,Atlantic halibut,"Flounders, halibuts, soles",Atlantic Northwest,0.545138046,0.782558973,0.944472101,1.102098991,1.358226994,0.215982839,0.94418866,73298.69051,1951,0.091344138,157167.2805,3534.295424,0.045672069,3697,Domestic
Hippoglossus_hippoglossus-Atlantic_Northwest,Hippoglossus hippoglossus,Atlantic halibut,"Flounders, halibuts, soles",Atlantic Northwest,0.562621053,0.7993773,0.961064471,1.11750889,1.384083782,0.217812517,0.962042088,73298.69051,1952,0.091344138,157167.2805,3534.295424,0.045672069,2679,Domestic
Hippoglossus_hippoglossus-Atlantic_Northwest,Hippoglossus hippoglossus,Atlantic halibut,"Flounders, halibuts, soles",Atlantic Northwest,0.577522598,0.81598698,0.975554997,1.131890403,1.411477001,0.21916446,0.977830989,73298.69051,1953,0.091344138,157167.2805,3534.295424,0.045672069,2859,Domestic
Hippoglossus_hippoglossus-Atlantic_Northwest,Hippoglossus hippoglossus,Atlantic halibut,"Flounders, halibuts, soles",Atlantic Northwest,0.579510631,0.814108691,0.972549347,1.130033147,1.406920872,0.218316604,0.976842455,73298.69051,1954,0.091344138,157167.2805,3534.295424,0.045672069,4102,Domestic
Hippoglossus_hippoglossus-Atlantic_Northwest,Hippoglossus hippoglossus,Atlantic halibut,"Flounders, halibuts, soles",Atlantic Northwest,0.580832817,0.814286318,0.970185333,1.126215198,1.410424597,0.217672065,0.975066967,73298.69051,1955,0.091344138,157167.2805,3534.295424,0.045672069,4156,Domestic
Hippoglossus_hippoglossus-Atlantic_Northwest,Hippoglossus hippoglossus,Atlantic halibut,"Flounders, halibuts, soles",Atlantic Northwest,0.579603927,0.808783351,0.961343566,1.114781263,1.407480496,0.216214555,0.966545635,73298.69051,1956,0.091344138,157167.2805,3534.295424,0.045672069,4639,Domestic
Hippoglossus_hippoglossus-Atlantic_Northwest,Hippoglossus hippoglossus,Atlantic halibut,"Flounders, halibuts, soles",Atlantic Northwest,0.560356524,0.782295289,0.931673615,1.081358766,1.378418632,0.213766287,0.938872074,73298.69051,1957,0.091344138,157167.2805,3534.295424,0.045672069,6051,Domestic
Hippoglossus_hippoglossus-Atlantic_Northwest,Hippoglossus hippoglossus,Atlantic halibut,"Flounders, halibuts, soles",Atlantic Northwest,0.539810673,0.759393863,0.904970462,1.054034214,1.354924192,0.212189244,0.913725722,73298.69051,1958,0.091344138,157167.2805,3534.295424,0.045672069,5832,Domestic
Hippoglossus_hippoglossus-Atlantic_Northwest,Hippoglossus hippoglossus,Atlantic halibut,"Flounders, halibuts, soles",Atlantic Northwest,0.518737843,0.732688317,0.876270402,1.023914634,1.327166559,0.210241947,0.885824298,73298.69051,1959,0.091344138,157167.2805,3534.295424,0.045672069,5936,Domestic
Hippoglossus_hippoglossus-Atlantic_Northwest,Hippoglossus hippoglossus,Atlantic halibut,"Flounders, halibuts, soles",Atlantic Northwest,0.488301212,0.695425674,0.8356518,0.981509983,1.291913672,0.208547429,0.847376188,73298.69051,1960,0.091344138,157167.2805,3534.295424,0.045672069,6666,Domestic
Hippoglossus_hippoglossus-Atlantic_Northwest,Hippoglossus hippoglossus,Atlantic halibut,"Flounders, halibuts, soles",Atlantic Northwest,0.461953354,0.667137865,0.804643704,0.950801302,1.264497216,0.208450203,0.818202381,73298.69051,1961,0.091344138,157167.2805,3534.295424,0.045672069,5843,Domestic
Hippoglossus_hippoglossus-Atlantic_Northwest,Hippoglossus hippoglossus,Atlantic halibut,"Flounders, halibuts, soles",Atlantic Northwest,0.442091323,0.645451155,0.781959946,0.929170675,1.251504247,0.208705393,0.796805473,73298.69051,1962,0.091344138,157167.2805,3534.295424,0.045672069,5196,Domestic
Hippoglossus_hippoglossus-Atlantic_Northwest,Hippoglossus hippoglossus,Atlantic halibut,"Flounders, halibuts, soles",Atlantic Northwest,0.430634979,0.632832231,0.767395252,0.915586434,1.243509879,0.209871231,0.784464035,73298.69051,1963,0.091344138,157167.2805,3534.295424,0.045672069,4430,Domestic
Hippoglossus_hippoglossus-Atlantic_Northwest,Hippoglossus hippoglossus,Atlantic halibut,"Flounders, halibuts, soles",Atlantic Northwest,0.414884595,0.616428193,0.751078649,0.900028925,1.229168924,0.210732884,0.768251932,73298.69051,1964,0.091344138,157167.2805,3534.295424,0.045672069,4667,Domestic
Hippoglossus_hippoglossus-Atlantic_Northwest,Hippoglossus hippoglossus,Atlantic halibut,"Flounders, halibuts, soles",Atlantic Northwest,0.405411701,0.605322826,0.738617305,0.889862174,1.227327148,0.212293932,0.758242913,73298.69051,1965,0.091344138,157167.2805,3534.295424,0.045672069,4137,Domestic
Hippoglossus_hippoglossus-Atlantic_Northwest,Hippoglossus hippoglossus,Atlantic halibut,"Flounders, halibuts, soles",Atlantic Northwest,0.392671187,0.59409098,0.726852458,0.879493918,1.229672769,0.214631657,0.74837747,73298.69051,1966,0.091344138,157167.2805,3534.295424,0.045672069,4097,Domestic
Hippoglossus_hippoglossus-Atlantic_Northwest,Hippoglossus hippoglossus,Atlantic halibut,"Flounders, halibuts, soles",Atlantic Northwest,0.384423662,0.584941984,0.72013973,0.874967387,1.228158964,0.217323034,0.74243029,73298.69051,1967,0.091344138,157167.2805,3534.295424,0.045672069,3761,Domestic
Hippoglossus_hippoglossus-Atlantic_Northwest,Hippoglossus hippoglossus,Atlantic halibut,"Flounders, halibuts, soles",Atlantic Northwest,0.379137465,0.582825625,0.719301757,0.875354775,1.236499312,0.220077679,0.742284385,73298.69051,1968,0.091344138,157167.2805,3534.295424,0.045672069,3294,Domestic
Hippoglossus_hippoglossus-Atlantic_Northwest,Hippoglossus hippoglossus,Atlantic halibut,"Flounders, halibuts, soles",Atlantic Northwest,0.382207537,0.588483732,0.726095276,0.886202924,1.250858862,0.223400259,0.750657761,73298.69051,1969,0.091344138,157167.2805,3534.295424,0.045672069,2643,Domestic
Hippoglossus_hippoglossus-Atlantic_Northwest,Hippoglossus hippoglossus,Atlantic halibut,"Flounders, halibuts, soles",Atlantic Northwest,0.388450487,0.598093009,0.73778583,0.901291962,1.267573483,0.226866215,0.762393133,73298.69051,1970,0.091344138,157167.2805,3534.295424,0.045672069,2398,Domestic
Hippoglossus_hippoglossus-Atlantic_Northwest,Hippoglossus hippoglossus,Atlantic halibut,"Flounders, halibuts, soles",Atlantic Northwest,0.392383718,0.606090896,0.746624539,0.913243492,1.288507463,0.23030956,0.771937535,73298.69051,1971,0.091344138,157167.2805,3534.295424,0.045672069,2547,Domestic
Hippoglossus_hippoglossus-Atlantic_Northwest,Hippoglossus hippoglossus,Atlantic halibut,"Flounders, halibuts, soles",Atlantic Northwest,0.40138434,0.617320326,0.758838587,0.928560547,1.315385652,0.233561805,0.785509497,73298.69051,1972,0.091344138,157167.2805,3534.295424,0.045672069,2250,Domestic
Hippoglossus_hippoglossus-Atlantic_Northwest,Hippoglossus hippoglossus,Atlantic halibut,"Flounders, halibuts, soles",Atlantic Northwest,0.41148901,0.628883382,0.772551585,0.944695827,1.333348533,0.236789478,0.799916701,73298.69051,1973,0.091344138,157167.2805,3534.295424,0.045672069,2239,Domestic
Hippoglossus_hippoglossus-Atlantic_Northwest,Hippoglossus hippoglossus,Atlantic halibut,"Flounders, halibuts, soles",Atlantic Northwest,0.420627118,0.641135102,0.787510624,0.962652671,1.357264275,0.239976195,0.814898881,73298.69051,1974,0.091344138,157167.2805,3534.295424,0.045672069,2187,Domestic
Hippoglossus_hippoglossus-Atlantic_Northwest,Hippoglossus hippoglossus,Atlantic halibut,"Flounders, halibuts, soles",Atlantic Northwest,0.434120087,0.656116713,0.802629912,0.977850805,1.380577868,0.242482377,0.830395789,73298.69051,1975,0.091344138,157167.2805,3534.295424,0.045672069,2138,Domestic
Hippoglossus_hippoglossus-Atlantic_Northwest,Hippoglossus hippoglossus,Atlantic halibut,"Flounders, halibuts, soles",Atlantic Northwest,0.447896751,0.670010108,0.818729087,0.994829823,1.40547031,0.244233841,0.846043615,73298.69051,1976,0.091344138,157167.2805,3534.295424,0.045672069,2155,Domestic
Hippoglossus_hippoglossus-Atlantic_Northwest,Hippoglossus hippoglossus,Atlantic halibut,"Flounders, halibuts, soles",Atlantic Northwest,0.456785272,0.681422114,0.832736246,1.009491579,1.421543879,0.24633952,0.859303479,73298.69051,1977,0.091344138,157167.2805,3534.295424,0.045672069,2363,Domestic
Hippoglossus_hippoglossus-Atlantic_Northwest,Hippoglossus hippoglossus,Atlantic halibut,"Flounders, halibuts, soles",Atlantic Northwest,0.463119954,0.691009142,0.84396561,1.021054626,1.432891203,0.24793968,0.870462545,73298.69051,1978,0.091344138,157167.2805,3534.295424,0.045672069,2490,Domestic
Hippoglossus_hippoglossus-Atlantic_Northwest,Hippoglossus hippoglossus,Atlantic halibut,"Flounders, halibuts, soles",Atlantic Northwest,0.46523898,0.691995149,0.846166226,1.025362483,1.437676058,0.24935149,0.873252613,73298.69051,1979,0.091344138,157167.2805,3534.295424,0.045672069,3123,Domestic
Hippoglossus_hippoglossus-Atlantic_Northwest,Hippoglossus hippoglossus,Atlantic halibut,"Flounders, halibuts, soles",Atlantic Northwest,0.470476708,0.697620026,0.852092879,1.033141199,1.450626438,0.250864685,0.880762566,73298.69051,1980,0.091344138,157167.2805,3534.295424,0.045672069,2766,Domestic
Hippoglossus_hippoglossus-Atlantic_Northwest,Hippoglossus hippoglossus,Atlantic halibut,"Flounders, halibuts, soles",Atlantic Northwest,0.478241648,0.704736617,0.859483369,1.041892094,1.456127075,0.252203856,0.888362899,73298.69051,1981,0.091344138,157167.2805,3534.295424,0.045672069,2752,Domestic
Hippoglossus_hippoglossus-Atlantic_Northwest,Hippoglossus hippoglossus,Atlantic halibut,"Flounders, halibuts, soles",Atlantic Northwest,0.471947056,0.697542742,0.850874861,1.035448201,1.456487937,0.252750107,0.881850362,73298.69051,1982,0.091344138,157167.2805,3534.295424,0.045672069,3819,Domestic
Hippoglossus_hippoglossus-Atlantic_Northwest,Hippoglossus hippoglossus,Atlantic halibut,"Flounders, halibuts, soles",Atlantic Northwest,0.466263169,0.692296426,0.845745273,1.031527896,1.454871698,0.254333524,0.877506303,73298.69051,1983,0.091344138,157167.2805,3534.295424,0.045672069,3660,Domestic
Hippoglossus_hippoglossus-Atlantic_Northwest,Hippoglossus hippoglossus,Atlantic halibut,"Flounders, halibuts, soles",Atlantic Northwest,0.45915065,0.684156313,0.837767348,1.025906258,1.45906309,0.256087474,0.870395004,73298.69051,1984,0.091344138,157167.2805,3534.295424,0.045672069,3857,Domestic
Hippoglossus_hippoglossus-Atlantic_Northwest,Hippoglossus hippoglossus,Atlantic halibut,"Flounders, halibuts, soles",Atlantic Northwest,0.439476671,0.663967069,0.818711681,1.005931987,1.447861399,0.257818681,0.851945568,73298.69051,1985,0.091344138,157167.2805,3534.295424,0.045672069,4694,Domestic
Hippoglossus_hippoglossus-Atlantic_Northwest,Hippoglossus hippoglossus,Atlantic halibut,"Flounders, halibuts, soles",Atlantic Northwest,0.426743457,0.649574654,0.80658075,0.995832654,1.440273147,0.259783595,0.839647215,73298.69051,1986,0.091344138,157167.2805,3534.295424,0.045672069,4158,Domestic
Hippoglossus_hippoglossus-Atlantic_Northwest,Hippoglossus hippoglossus,Atlantic halibut,"Flounders, halibuts, soles",Atlantic Northwest,0.420171163,0.643608794,0.803416583,0.996382288,1.43850722,0.262383392,0.837048966,73298.69051,1987,0.091344138,157167.2805,3534.295424,0.045672069,3397,Domestic
Hippoglossus_hippoglossus-Atlantic_Northwest,Hippoglossus hippoglossus,Atlantic halibut,"Flounders, halibuts, soles",Atlantic Northwest,0.414252391,0.638103011,0.799139926,0.995777398,1.443223095,0.265625396,0.835180439,73298.69051,1988,0.091344138,157167.2805,3534.295424,0.045672069,3336,Domestic
Hippoglossus_hippoglossus-Atlantic_Northwest,Hippoglossus hippoglossus,Atlantic halibut,"Flounders, halibuts, soles",Atlantic Northwest,0.414317394,0.642108582,0.805013533,1.003618137,1.450337683,0.269055326,0.840330673,73298.69051,1989,0.091344138,157167.2805,3534.295424,0.045672069,2800,Domestic
Hippoglossus_hippoglossus-Atlantic_Northwest,Hippoglossus hippoglossus,Atlantic halibut,"Flounders, halibuts, soles",Atlantic Northwest,0.405206364,0.635797432,0.800179775,1.003327811,1.453101003,0.271529411,0.836127739,73298.69051,1990,0.091344138,157167.2805,3534.295424,0.045672069,3448,Domestic
Hippoglossus_hippoglossus-Atlantic_Northwest,Hippoglossus hippoglossus,Atlantic halibut,"Flounders, halibuts, soles",Atlantic Northwest,0.393863881,0.628006234,0.796292674,0.999426336,1.445223032,0.274008283,0.830464144,73298.69051,1991,0.091344138,157167.2805,3534.295424,0.045672069,3582,Domestic
Hippoglossus_hippoglossus-Atlantic_Northwest,Hippoglossus hippoglossus,Atlantic halibut,"Flounders, halibuts, soles",Atlantic Northwest,0.401874264,0.642244088,0.813664951,1.019733877,1.46996339,0.277013235,0.847387735,73298.69051,1992,0.091344138,157167.2805,3534.295424,0.045672069,1792,Domestic
Hippoglossus_hippoglossus-Atlantic_Northwest,Hippoglossus hippoglossus,Atlantic halibut,"Flounders, halibuts, soles",Atlantic Northwest,0.407617027,0.651980341,0.824904043,1.034256775,1.484379813,0.279558647,0.858947664,73298.69051,1993,0.091344138,157167.2805,3534.295424,0.045672069,2229,Domestic
Hippoglossus_hippoglossus-Atlantic_Northwest,Hippoglossus hippoglossus,Atlantic halibut,"Flounders, halibuts, soles",Atlantic Northwest,0.423909751,0.670527176,0.847616747,1.061586372,1.508843919,0.282359244,0.880999778,73298.69051,1994,0.091344138,157167.2805,3534.295424,0.045672069,1437,Domestic
Hippoglossus_hippoglossus-Atlantic_Northwest,Hippoglossus hippoglossus,Atlantic halibut,"Flounders, halibuts, soles",Atlantic Northwest,0.444071077,0.69541158,0.875211155,1.090991096,1.536625934,0.284762547,0.90822026,73298.69051,1995,0.091344138,157167.2805,3534.295424,0.045672069,1025,Domestic
Hippoglossus_hippoglossus-Atlantic_Northwest,Hippoglossus hippoglossus,Atlantic halibut,"Flounders, halibuts, soles",Atlantic Northwest,0.465687881,0.71883373,0.90115455,1.118951089,1.561615867,0.286345148,0.933047108,73298.69051,1996,0.091344138,157167.2805,3534.295424,0.045672069,1226,Domestic
Hippoglossus_hippoglossus-Atlantic_Northwest,Hippoglossus hippoglossus,Atlantic halibut,"Flounders, halibuts, soles",Atlantic Northwest,0.483772325,0.739975475,0.924884946,1.141421318,1.580340393,0.286887431,0.955149467,73298.69051,1997,0.091344138,157167.2805,3534.295424,0.045672069,1469,Domestic
Hippoglossus_hippoglossus-Atlantic_Northwest,Hippoglossus hippoglossus,Atlantic halibut,"Flounders, halibuts, soles",Atlantic Northwest,0.501859278,0.761647817,0.9463683,1.166033042,1.601733423,0.287576392,0.977265525,73298.69051,1998,0.091344138,157167.2805,3534.295424,0.045672069,1442,Domestic
Hippoglossus_hippoglossus-Atlantic_Northwest,Hippoglossus hippoglossus,Atlantic halibut,"Flounders, halibuts, soles",Atlantic Northwest,0.524071833,0.784034438,0.970765697,1.190523915,1.620153333,0.287598481,0.999838632,73298.69051,1999,0.091344138,157167.2805,3534.295424,0.045672069,1406,Domestic
Hippoglossus_hippoglossus-Atlantic_Northwest,Hippoglossus hippoglossus,Atlantic halibut,"Flounders, halibuts, soles",Atlantic Northwest,0.545662957,0.80642194,0.995685015,1.214253644,1.636786098,0.286970941,1.022731667,73298.69051,2000,0.091344138,157167.2805,3534.295424,0.045672069,1372,Domestic
Hippoglossus_hippoglossus-Atlantic_Northwest,Hippoglossus hippoglossus,Atlantic halibut,"Flounders, halibuts, soles",Atlantic Northwest,0.554925365,0.815888351,1.007380931,1.222426145,1.63537104,0.284940439,1.031633635,73298.69051,2001,0.091344138,157167.2805,3534.295424,0.045672069,2367,Domestic
Hippoglossus_hippoglossus-Atlantic_Northwest,Hippoglossus hippoglossus,Atlantic halibut,"Flounders, halibuts, soles",Atlantic Northwest,0.57170928,0.832467997,1.022824417,1.237727504,1.639965424,0.283095277,1.046828126,73298.69051,2002,0.091344138,157167.2805,3534.295424,0.045672069,1893,Domestic
Hippoglossus_hippoglossus-Atlantic_Northwest,Hippoglossus hippoglossus,Atlantic halibut,"Flounders, halibuts, soles",Atlantic Northwest,0.581642897,0.844249667,1.034149087,1.249033047,1.64359916,0.281300704,1.057271926,73298.69051,2003,0.091344138,157167.2805,3534.295424,0.045672069,2244,Domestic
Hippoglossus_hippoglossus-Atlantic_Northwest,Hippoglossus hippoglossus,Atlantic halibut,"Flounders, halibuts, soles",Atlantic Northwest,0.597893656,0.858637226,1.048922846,1.262965243,1.648094227,0.278645562,1.069942782,73298.69051,2004,0.091344138,157167.2805,3534.295424,0.045672069,2072,Domestic
Hippoglossus_hippoglossus-Atlantic_Northwest,Hippoglossus hippoglossus,Atlantic halibut,"Flounders, halibuts, soles",Atlantic Northwest,0.616672685,0.875237977,1.066322586,1.277017122,1.649764375,0.275856691,1.085039918,73298.69051,2005,0.091344138,157167.2805,3534.295424,0.045672069,1866,Domestic
Hippoglossus_hippoglossus-Atlantic_Northwest,Hippoglossus hippoglossus,Atlantic halibut,"Flounders, halibuts, soles",Atlantic Northwest,0.633624437,0.890275946,1.082767455,1.290348437,1.656011142,0.272245717,1.098925437,73298.69051,2006,0.091344138,157167.2805,3534.295424,0.045672069,1917,Domestic
Hippoglossus_hippoglossus-Atlantic_Northwest,Hippoglossus hippoglossus,Atlantic halibut,"Flounders, halibuts, soles",Atlantic Northwest,0.649738072,0.902143411,1.09685832,1.297981572,1.654386997,0.268650316,1.109477039,73298.69051,2007,0.091344138,157167.2805,3534.295424,0.045672069,2129,Domestic
Hippoglossus_hippoglossus-Atlantic_Northwest,Hippoglossus hippoglossus,Atlantic halibut,"Flounders, halibuts, soles",Atlantic Northwest,0.664415639,0.913779423,1.107889816,1.307023715,1.646226692,0.26480479,1.119056827,73298.69051,2008,0.091344138,157167.2805,3534.295424,0.045672069,2224,Domestic
Hippoglossus_hippoglossus-Atlantic_Northwest,Hippoglossus hippoglossus,Atlantic halibut,"Flounders, halibuts, soles",Atlantic Northwest,0.66888264,0.915665302,1.110584318,1.307385176,1.631210503,0.259958671,1.117888278,73298.69051,2009,0.091344138,157167.2805,3534.295424,0.045672069,2992,Domestic
Hippoglossus_hippoglossus-Atlantic_Northwest,Hippoglossus hippoglossus,Atlantic halibut,"Flounders, halibuts, soles",Atlantic Northwest,0.677077672,0.92099125,1.115971939,1.30899545,1.615506769,0.255754975,1.121064788,73298.69051,2010,0.091344138,157167.2805,3534.295424,0.045672069,2702,Domestic
Hippoglossus_hippoglossus-Atlantic_Northwest,Hippoglossus hippoglossus,Atlantic halibut,"Flounders, halibuts, soles",Atlantic Northwest,0.682129846,0.923918367,1.121715597,1.308379883,1.59860898,0.250687994,1.121637388,73298.69051,2011,0.091344138,157167.2805,3534.295424,0.045672069,2869,Domestic
Hippoglossus_hippoglossus-Atlantic_Northwest,Hippoglossus hippoglossus,Atlantic halibut,"Flounders, halibuts, soles",Atlantic Northwest,0.684832226,0.922230488,1.122171787,1.303924587,1.574871209,0.245534549,1.117314266,73298.69051,2012,0.091344138,157167.2805,3534.295424,0.045672069,3202,Domestic
Hippoglossus_hippoglossus-Atlantic_Northwest,Hippoglossus hippoglossus,Atlantic halibut,"Flounders, halibuts, soles",Atlantic Northwest,0.682015056,0.914303596,1.117029246,1.294535943,1.538234347,0.240307454,1.107251602,73298.69051,2013,0.091344138,157167.2805,3534.295424,0.045672069,3633,Domestic
Hippoglossus_hippoglossus-Atlantic_Northwest,Hippoglossus hippoglossus,Atlantic halibut,"Flounders, halibuts, soles",Atlantic Northwest,0.671749284,0.900779904,1.105614323,1.278330333,1.497717801,0.234987332,1.091084366,73298.69051,2014,0.091344138,157167.2805,3534.295424,0.045672069,4077,Domestic
Hippoglossus_hippoglossus-Atlantic_Northwest,Hippoglossus hippoglossus,Atlantic halibut,"Flounders, halibuts, soles",Atlantic Northwest,0.652864339,0.882298944,1.088043798,1.25961016,1.446779425,0.230089863,1.068689973,73298.69051,2015,0.091344138,157167.2805,3534.295424,0.045672069,4561,Domestic
Hippoglossus_hippoglossus-Atlantic_Northwest,Hippoglossus hippoglossus,Atlantic halibut,"Flounders, halibuts, soles",Atlantic Northwest,0.629171764,0.858800603,1.067732683,1.240984386,1.383874021,0.225991292,1.04431079,73298.69051,2016,0.091344138,157167.2805,3534.295424,0.045672069,4706,Domestic
Konosirus_punctatus-Pacific_Northwest,Konosirus punctatus,Dotted gizzard shad,Shads,Pacific Northwest,0.683299272,0.86946182,0.929234196,0.995702116,1.155113132,0.112729155,0.925785144,46001.28364,1995,0.743019521,82224.65667,15204.66052,0.371509761,23707,CBA
Konosirus_punctatus-Pacific_Northwest,Konosirus punctatus,Dotted gizzard shad,Shads,Pacific Northwest,0.629124603,0.78499578,0.853651704,0.907729557,1.021408632,0.098523687,0.841927602,46001.28364,1996,0.743019521,82224.65667,15204.66052,0.371509761,18647,CBA
Konosirus_punctatus-Pacific_Northwest,Konosirus punctatus,Dotted gizzard shad,Shads,Pacific Northwest,0.65232279,0.795372719,0.85284096,0.904668308,1.015815829,0.086263918,0.848681101,46001.28364,1997,0.743019521,82224.65667,15204.66052,0.371509761,14850,CBA
Konosirus_punctatus-Pacific_Northwest,Konosirus punctatus,Dotted gizzard shad,Shads,Pacific Northwest,0.550659515,0.656875242,0.70934655,0.754775243,0.850334865,0.071783253,0.70466587,46001.28364,1998,0.743019521,82224.65667,15204.66052,0.371509761,20787,CBA
Konosirus_punctatus-Pacific_Northwest,Konosirus punctatus,Dotted gizzard shad,Shads,Pacific Northwest,0.468432509,0.566208953,0.606935585,0.653241442,0.725764358,0.063890121,0.606998552,46001.28364,1999,0.743019521,82224.65667,15204.66052,0.371509761,17770,CBA
Konosirus_punctatus-Pacific_Northwest,Konosirus punctatus,Dotted gizzard shad,Shads,Pacific Northwest,0.49682643,0.585664732,0.618988278,0.660294768,0.726736573,0.058070964,0.620751127,46001.28364,2000,0.743019521,82224.65667,15204.66052,0.371509761,12335,CBA
Konosirus_punctatus-Pacific_Northwest,Konosirus punctatus,Dotted gizzard shad,Shads,Pacific Northwest,0.411479413,0.484643583,0.513634712,0.544521986,0.599747623,0.049870666,0.512589679,46001.28364,2001,0.743019521,82224.65667,15204.66052,0.371509761,17210,CBA
Konosirus_punctatus-Pacific_Northwest,Konosirus punctatus,Dotted gizzard shad,Shads,Pacific Northwest,0.370164643,0.438365345,0.461549751,0.49394069,0.553770266,0.04694561,0.464213826,46001.28364,2002,0.743019521,82224.65667,15204.66052,0.371509761,13402,CBA
Konosirus_punctatus-Pacific_Northwest,Konosirus punctatus,Dotted gizzard shad,Shads,Pacific Northwest,0.390244183,0.454330281,0.479106491,0.51363497,0.561965448,0.043649752,0.48146074,46001.28364,2003,0.743019521,82224.65667,15204.66052,0.371509761,10031,CBA
Konosirus_punctatus-Pacific_Northwest,Konosirus punctatus,Dotted gizzard shad,Shads,Pacific Northwest,0.313190303,0.373631966,0.396504575,0.420707922,0.467960505,0.036583014,0.39586682,46001.28364,2004,0.743019521,82224.65667,15204.66052,0.371509761,14331,CBA
Konosirus_punctatus-Pacific_Northwest,Konosirus punctatus,Dotted gizzard shad,Shads,Pacific Northwest,0.275129116,0.323909488,0.345207303,0.368017852,0.40566116,0.033955463,0.344973185,46001.28364,2005,0.743019521,82224.65667,15204.66052,0.371509761,11566,CBA
Konosirus_punctatus-Pacific_Northwest,Konosirus punctatus,Dotted gizzard shad,Shads,Pacific Northwest,0.286709413,0.330193772,0.342964338,0.364645711,0.403201,0.029051791,0.345069467,46001.28364,2006,0.743019521,82224.65667,15204.66052,0.371509761,8510,CBA
Konosirus_punctatus-Pacific_Northwest,Konosirus punctatus,Dotted gizzard shad,Shads,Pacific Northwest,0.211400129,0.248639156,0.266325559,0.282782802,0.313237376,0.025653763,0.265909566,46001.28364,2007,0.743019521,82224.65667,15204.66052,0.371509761,11815,CBA
Konosirus_punctatus-Pacific_Northwest,Konosirus punctatus,Dotted gizzard shad,Shads,Pacific Northwest,0.19688968,0.2380201,0.253389162,0.271236259,0.301797015,0.02619975,0.253659232,46001.28364,2008,0.743019521,82224.65667,15204.66052,0.371509761,7448,CBA
Konosirus_punctatus-Pacific_Northwest,Konosirus punctatus,Dotted gizzard shad,Shads,Pacific Northwest,0.193389245,0.234842124,0.251337004,0.26905612,0.301004488,0.027591672,0.25159297,46001.28364,2009,0.743019521,82224.65667,15204.66052,0.371509761,6737,CBA
Konosirus_punctatus-Pacific_Northwest,Konosirus punctatus,Dotted gizzard shad,Shads,Pacific Northwest,0.190181026,0.230469786,0.250323804,0.275530319,0.306871523,0.03041938,0.251859505,46001.28364,2010,0.743019521,82224.65667,15204.66052,0.371509761,6585,CBA
Konosirus_punctatus-Pacific_Northwest,Konosirus punctatus,Dotted gizzard shad,Shads,Pacific Northwest,0.184226295,0.218787571,0.243491712,0.270479531,0.315278794,0.035202025,0.244999227,46001.28364,2011,0.743019521,82224.65667,15204.66052,0.371509761,6888,CBA
Konosirus_punctatus-Pacific_Northwest,Konosirus punctatus,Dotted gizzard shad,Shads,Pacific Northwest,0.173062485,0.212606839,0.245739665,0.283125404,0.343971155,0.046998947,0.250013033,46001.28364,2012,0.743019521,82224.65667,15204.66052,0.371509761,6260,CBA
Konosirus_punctatus-Pacific_Northwest,Konosirus punctatus,Dotted gizzard shad,Shads,Pacific Northwest,0.136287041,0.193802282,0.2484572,0.30104617,0.368881151,0.067883863,0.249283615,46001.28364,2013,0.743019521,82224.65667,15204.66052,0.371509761,6548,CBA
Konosirus_punctatus-Pacific_Northwest,Konosirus punctatus,Dotted gizzard shad,Shads,Pacific Northwest,0.110581036,0.197615212,0.271293889,0.368136568,0.449510732,0.102872554,0.28090246,46001.28364,2014,0.743019521,82224.65667,15204.66052,0.371509761,5239,CBA
Konosirus_punctatus-Pacific_Northwest,Konosirus punctatus,Dotted gizzard shad,Shads,Pacific Northwest,0.085770962,0.229308136,0.353192133,0.495688785,0.597695395,0.154515438,0.355729334,46001.28364,2015,0.743019521,82224.65667,15204.66052,0.371509761,4047,CBA
Konosirus_punctatus-Pacific_Northwest,Konosirus punctatus,Dotted gizzard shad,Shads,Pacific Northwest,0.050899998,0.266903989,0.47168872,0.660712223,0.788393269,0.225727964,0.458132882,46001.28364,2016,0.743019521,82224.65667,15204.66052,0.371509761,4300,CBA
Larimichthys_croceus-Pacific_Northwest,Larimichthys croceus,Large yellow croaker,Miscellaneous coastal fishes,Pacific Northwest,1.020785631,1.319631114,1.532802571,1.70211225,1.94044321,0.247096382,1.50956323,1192964.088,1950,0.258344274,1643624.301,105185.3788,0.129172137,40800,Domestic
Larimichthys_croceus-Pacific_Northwest,Larimichthys croceus,Large yellow croaker,Miscellaneous coastal fishes,Pacific Northwest,1.068643684,1.360560858,1.554698589,1.697128373,1.901122779,0.223381735,1.529565144,1192964.088,1951,0.258344274,1643624.301,105185.3788,0.129172137,58800,Domestic
Larimichthys_croceus-Pacific_Northwest,Larimichthys croceus,Large yellow croaker,Miscellaneous coastal fishes,Pacific Northwest,1.117119032,1.390505237,1.554966975,1.68068824,1.86982288,0.200531997,1.530168455,1192964.088,1952,0.258344274,1643624.301,105185.3788,0.129172137,74400,Domestic
Larimichthys_croceus-Pacific_Northwest,Larimichthys croceus,Large yellow croaker,Miscellaneous coastal fishes,Pacific Northwest,1.143632191,1.402153707,1.547548214,1.669977898,1.870233382,0.187730395,1.530862732,1192964.088,1953,0.258344274,1643624.301,105185.3788,0.129172137,75600,Domestic
Larimichthys_croceus-Pacific_Northwest,Larimichthys croceus,Large yellow croaker,Miscellaneous coastal fishes,Pacific Northwest,1.14813862,1.395428066,1.53514669,1.642911905,1.818338346,0.176874373,1.51801624,1192964.088,1954,0.258344274,1643624.301,105185.3788,0.129172137,92000,Domestic
Larimichthys_croceus-Pacific_Northwest,Larimichthys croceus,Large yellow croaker,Miscellaneous coastal fishes,Pacific Northwest,1.150124579,1.379396623,1.491863891,1.614623985,1.794620007,0.170392073,1.490528387,1192964.088,1955,0.258344274,1643624.301,105185.3788,0.129172137,100700,Domestic
Larimichthys_croceus-Pacific_Northwest,Larimichthys croceus,Large yellow croaker,Miscellaneous coastal fishes,Pacific Northwest,1.141344119,1.346860812,1.453581626,1.549987238,1.75522133,0.156606533,1.449557181,1192964.088,1956,0.258344274,1643624.301,105185.3788,0.129172137,117000,Domestic
Larimichthys_croceus-Pacific_Northwest,Larimichthys croceus,Large yellow croaker,Miscellaneous coastal fishes,Pacific Northwest,1.14003266,1.321442335,1.422128161,1.515039769,1.712867275,0.147115111,1.420169138,1192964.088,1957,0.258344274,1643624.301,105185.3788,0.129172137,114000,Domestic
Larimichthys_croceus-Pacific_Northwest,Larimichthys croceus,Large yellow croaker,Miscellaneous coastal fishes,Pacific Northwest,1.109495447,1.297982217,1.405295439,1.492363977,1.686207464,0.147304186,1.398243948,1192964.088,1958,0.258344274,1643624.301,105185.3788,0.129172137,114000,Domestic
Larimichthys_croceus-Pacific_Northwest,Larimichthys croceus,Large yellow croaker,Miscellaneous coastal fishes,Pacific Northwest,1.095768445,1.273824131,1.37889173,1.457303954,1.661966426,0.144177744,1.369794342,1192964.088,1959,0.258344274,1643624.301,105185.3788,0.129172137,120000,Domestic
Larimichthys_croceus-Pacific_Northwest,Larimichthys croceus,Large yellow croaker,Miscellaneous coastal fishes,Pacific Northwest,1.0533326,1.244586418,1.34570924,1.447068778,1.612225783,0.144121602,1.343941086,1192964.088,1960,0.258344274,1643624.301,105185.3788,0.129172137,120000,Domestic
Larimichthys_croceus-Pacific_Northwest,Larimichthys croceus,Large yellow croaker,Miscellaneous coastal fishes,Pacific Northwest,1.056422828,1.222806343,1.317371374,1.421498199,1.599182571,0.142620365,1.321672229,1192964.088,1961,0.258344274,1643624.301,105185.3788,0.129172137,120000,Domestic
Larimichthys_croceus-Pacific_Northwest,Larimichthys croceus,Large yellow croaker,Miscellaneous coastal fishes,Pacific Northwest,1.01554542,1.200873068,1.286933917,1.381480593,1.584377951,0.140220058,1.289688066,1192964.088,1962,0.258344274,1643624.301,105185.3788,0.129172137,126000,Domestic
Larimichthys_croceus-Pacific_Northwest,Larimichthys croceus,Large yellow croaker,Miscellaneous coastal fishes,Pacific Northwest,1.012349848,1.171831807,1.256806651,1.351099237,1.548021028,0.137256573,1.265020423,1192964.088,1963,0.258344274,1643624.301,105185.3788,0.129172137,126000,Domestic
Larimichthys_croceus-Pacific_Northwest,Larimichthys croceus,Large yellow croaker,Miscellaneous coastal fishes,Pacific Northwest,0.994708208,1.155087209,1.244302433,1.330701747,1.510267591,0.133425014,1.244128199,1192964.088,1964,0.258344274,1643624.301,105185.3788,0.129172137,126000,Domestic
Larimichthys_croceus-Pacific_Northwest,Larimichthys croceus,Large yellow croaker,Miscellaneous coastal fishes,Pacific Northwest,0.972201289,1.121890545,1.210463893,1.304589627,1.482468428,0.130584071,1.215624014,1192964.088,1965,0.258344274,1643624.301,105185.3788,0.129172137,132000,Domestic
Larimichthys_croceus-Pacific_Northwest,Larimichthys croceus,Large yellow croaker,Miscellaneous coastal fishes,Pacific Northwest,0.958942885,1.106560576,1.187551615,1.264982339,1.440166297,0.122965849,1.18797768,1192964.088,1966,0.258344274,1643624.301,105185.3788,0.129172137,132000,Domestic
Larimichthys_croceus-Pacific_Northwest,Larimichthys croceus,Large yellow croaker,Miscellaneous coastal fishes,Pacific Northwest,0.947429584,1.075481044,1.156189617,1.238676976,1.399646523,0.115253058,1.157791893,1192964.088,1967,0.258344274,1643624.301,105185.3788,0.129172137,132000,Domestic
Larimichthys_croceus-Pacific_Northwest,Larimichthys croceus,Large yellow croaker,Miscellaneous coastal fishes,Pacific Northwest,0.914329391,1.04622406,1.120262841,1.198462718,1.363876194,0.112988982,1.124229792,1192964.088,1968,0.258344274,1643624.301,105185.3788,0.129172137,138000,Domestic
Larimichthys_croceus-Pacific_Northwest,Larimichthys croceus,Large yellow croaker,Miscellaneous coastal fishes,Pacific Northwest,0.896726112,1.017779029,1.085108542,1.158883018,1.303060164,0.106394108,1.090090226,1192964.088,1969,0.258344274,1643624.301,105185.3788,0.129172137,138000,Domestic
Larimichthys_croceus-Pacific_Northwest,Larimichthys croceus,Large yellow croaker,Miscellaneous coastal fishes,Pacific Northwest,0.834196449,0.934337758,0.998623477,1.058658476,1.187809875,0.092305309,0.998855252,1192964.088,1970,0.258344274,1643624.301,105185.3788,0.129172137,182100,Domestic
Larimichthys_croceus-Pacific_Northwest,Larimichthys croceus,Large yellow croaker,Miscellaneous coastal fishes,Pacific Northwest,0.782758626,0.878445408,0.930803073,0.987225304,1.10115102,0.082914952,0.93476385,1192964.088,1971,0.258344274,1643624.301,105185.3788,0.129172137,163000,Domestic
Larimichthys_croceus-Pacific_Northwest,Larimichthys croceus,Large yellow croaker,Miscellaneous coastal fishes,Pacific Northwest,0.715473769,0.803058375,0.854015207,0.908765994,1.011858912,0.07653683,0.85772186,1192964.088,1972,0.258344274,1643624.301,105185.3788,0.129172137,169300,Domestic
Larimichthys_croceus-Pacific_Northwest,Larimichthys croceus,Large yellow croaker,Miscellaneous coastal fishes,Pacific Northwest,0.667540021,0.73148908,0.775203871,0.825631442,0.921822435,0.067484618,0.779548707,1192964.088,1973,0.258344274,1643624.301,105185.3788,0.129172137,166700,Domestic
Larimichthys_croceus-Pacific_Northwest,Larimichthys croceus,Large yellow croaker,Miscellaneous coastal fishes,Pacific Northwest,0.508309584,0.571188733,0.605893703,0.650619305,0.73885489,0.060426931,0.612786257,1192964.088,1974,0.258344274,1643624.301,105185.3788,0.129172137,237349,Domestic
Larimichthys_croceus-Pacific_Northwest,Larimichthys croceus,Large yellow croaker,Miscellaneous coastal fishes,Pacific Northwest,0.426077391,0.484827076,0.520665272,0.558439158,0.662603376,0.05842342,0.525309282,1192964.088,1975,0.258344274,1643624.301,105185.3788,0.129172137,161163,Domestic
Larimichthys_croceus-Pacific_Northwest,Larimichthys croceus,Large yellow croaker,Miscellaneous coastal fishes,Pacific Northwest,0.377193577,0.433872509,0.463788829,0.502731882,0.595293771,0.054847921,0.47032622,1192964.088,1976,0.258344274,1643624.301,105185.3788,0.129172137,123670,Domestic
Larimichthys_croceus-Pacific_Northwest,Larimichthys croceus,Large yellow croaker,Miscellaneous coastal fishes,Pacific Northwest,0.365811832,0.413202362,0.443005807,0.481465982,0.566532414,0.054167545,0.450324679,1192964.088,1977,0.258344274,1643624.301,105185.3788,0.129172137,91229,Domestic
Larimichthys_croceus-Pacific_Northwest,Larimichthys croceus,Large yellow croaker,Miscellaneous coastal fishes,Pacific Northwest,0.339333436,0.384339005,0.415393905,0.455642581,0.54878491,0.055087258,0.423786545,1192964.088,1978,0.258344274,1643624.301,105185.3788,0.129172137,93821,Domestic
Larimichthys_croceus-Pacific_Northwest,Larimichthys croceus,Large yellow croaker,Miscellaneous coastal fishes,Pacific Northwest,0.3311591,0.368026117,0.395392494,0.434542136,0.530283417,0.053581488,0.405786299,1192964.088,1979,0.258344274,1643624.301,105185.3788,0.129172137,82938,Domestic
Larimichthys_croceus-Pacific_Northwest,Larimichthys croceus,Large yellow croaker,Miscellaneous coastal fishes,Pacific Northwest,0.297475077,0.342415445,0.372076798,0.41103427,0.49819669,0.054783042,0.381035498,1192964.088,1980,0.258344274,1643624.301,105185.3788,0.129172137,86361,Domestic
Larimichthys_croceus-Pacific_Northwest,Larimichthys croceus,Large yellow croaker,Miscellaneous coastal fishes,Pacific Northwest,0.26897896,0.308886483,0.339631215,0.381144674,0.486858064,0.056713628,0.350035762,1192964.088,1981,0.258344274,1643624.301,105185.3788,0.129172137,89049,Domestic
Larimichthys_croceus-Pacific_Northwest,Larimichthys croceus,Large yellow croaker,Miscellaneous coastal fishes,Pacific Northwest,0.226762733,0.271427215,0.303482561,0.3442215,0.46196981,0.060292232,0.314198102,1192964.088,1982,0.258344274,1643624.301,105185.3788,0.129172137,88930,Domestic
Larimichthys_croceus-Pacific_Northwest,Larimichthys croceus,Large yellow croaker,Miscellaneous coastal fishes,Pacific Northwest,0.221218665,0.270304775,0.304980407,0.345457939,0.464426746,0.063384041,0.315033896,1192964.088,1983,0.258344274,1643624.301,105185.3788,0.129172137,52848,Domestic
Larimichthys_croceus-Pacific_Northwest,Larimichthys croceus,Large yellow croaker,Miscellaneous coastal fishes,Pacific Northwest,0.206010686,0.255658999,0.291508098,0.337431196,0.465357382,0.06774109,0.303530376,1192964.088,1984,0.258344274,1643624.301,105185.3788,0.129172137,62526,Domestic
Larimichthys_croceus-Pacific_Northwest,Larimichthys croceus,Large yellow croaker,Miscellaneous coastal fishes,Pacific Northwest,0.202149851,0.260566812,0.299290759,0.349535991,0.479879894,0.072043127,0.310574252,1192964.088,1985,0.258344274,1643624.301,105185.3788,0.129172137,46677,Domestic
Larimichthys_croceus-Pacific_Northwest,Larimichthys croceus,Large yellow croaker,Miscellaneous coastal fishes,Pacific Northwest,0.222976939,0.281003533,0.319024163,0.372314175,0.509664612,0.076363386,0.332825492,1192964.088,1986,0.258344274,1643624.301,105185.3788,0.129172137,34857,Domestic
Larimichthys_croceus-Pacific_Northwest,Larimichthys croceus,Large yellow croaker,Miscellaneous coastal fishes,Pacific Northwest,0.244912225,0.306005713,0.352298329,0.402893481,0.56406902,0.08138266,0.362611847,1192964.088,1987,0.258344274,1643624.301,105185.3788,0.129172137,31110,Domestic
Larimichthys_croceus-Pacific_Northwest,Larimichthys croceus,Large yellow croaker,Miscellaneous coastal fishes,Pacific Northwest,0.269407302,0.337657331,0.384560596,0.443279556,0.599475287,0.086012286,0.398053689,1192964.088,1988,0.258344274,1643624.301,105185.3788,0.129172137,31609,Domestic
Larimichthys_croceus-Pacific_Northwest,Larimichthys croceus,Large yellow croaker,Miscellaneous coastal fishes,Pacific Northwest,0.300510419,0.374331475,0.424965351,0.484136261,0.641251117,0.089083278,0.437116519,1192964.088,1989,0.258344274,1643624.301,105185.3788,0.129172137,32114,Domestic
Larimichthys_croceus-Pacific_Northwest,Larimichthys croceus,Large yellow croaker,Miscellaneous coastal fishes,Pacific Northwest,0.330381014,0.408529785,0.463293918,0.514485973,0.673610429,0.090074044,0.470420533,1192964.088,1990,0.258344274,1643624.301,105185.3788,0.129172137,40534,Domestic
Larimichthys_croceus-Pacific_Northwest,Larimichthys croceus,Large yellow croaker,Miscellaneous coastal fishes,Pacific Northwest,0.360650867,0.437625391,0.490801118,0.551245592,0.715295422,0.091214555,0.503599332,1192964.088,1991,0.258344274,1643624.301,105185.3788,0.129172137,45561,Domestic
Larimichthys_croceus-Pacific_Northwest,Larimichthys croceus,Large yellow croaker,Miscellaneous coastal fishes,Pacific Northwest,0.381992951,0.456943127,0.510745528,0.5734037,0.757464142,0.093473826,0.523450821,1192964.088,1992,0.258344274,1643624.301,105185.3788,0.129172137,60559,Domestic
Larimichthys_croceus-Pacific_Northwest,Larimichthys croceus,Large yellow croaker,Miscellaneous coastal fishes,Pacific Northwest,0.412979297,0.485516416,0.53601852,0.600543021,0.770577109,0.092633053,0.549720164,1192964.088,1993,0.258344274,1643624.301,105185.3788,0.129172137,55500,Domestic
Larimichthys_croceus-Pacific_Northwest,Larimichthys croceus,Large yellow croaker,Miscellaneous coastal fishes,Pacific Northwest,0.399548155,0.463903643,0.513848746,0.578570094,0.747314626,0.093215817,0.529926194,1192964.088,1994,0.258344274,1643624.301,105185.3788,0.129172137,95794,Domestic
Larimichthys_croceus-Pacific_Northwest,Larimichthys croceus,Large yellow croaker,Miscellaneous coastal fishes,Pacific Northwest,0.386266938,0.449520955,0.497536278,0.557871008,0.741273299,0.09369029,0.514084398,1192964.088,1995,0.258344274,1643624.301,105185.3788,0.129172137,89630,Domestic
Larimichthys_croceus-Pacific_Northwest,Larimichthys croceus,Large yellow croaker,Miscellaneous coastal fishes,Pacific Northwest,0.346222328,0.419580159,0.468644451,0.531608732,0.722332752,0.094358063,0.482259439,1192964.088,1996,0.258344274,1643624.301,105185.3788,0.129172137,102297,Domestic
Larimichthys_croceus-Pacific_Northwest,Larimichthys croceus,Large yellow croaker,Miscellaneous coastal fishes,Pacific Northwest,0.351276532,0.425292952,0.475091728,0.539172436,0.726161542,0.096565885,0.490353182,1192964.088,1997,0.258344274,1643624.301,105185.3788,0.129172137,66213,Domestic
Larimichthys_croceus-Pacific_Northwest,Larimichthys croceus,Large yellow croaker,Miscellaneous coastal fishes,Pacific Northwest,0.366561067,0.436582685,0.490225233,0.547129862,0.735167873,0.098573145,0.501741081,1192964.088,1998,0.258344274,1643624.301,105185.3788,0.129172137,63164,Domestic
Larimichthys_croceus-Pacific_Northwest,Larimichthys croceus,Large yellow croaker,Miscellaneous coastal fishes,Pacific Northwest,0.383844445,0.458276436,0.5039396,0.563924784,0.749133693,0.100745728,0.523524599,1192964.088,1999,0.258344274,1643624.301,105185.3788,0.129172137,57347,Domestic
Larimichthys_croceus-Pacific_Northwest,Larimichthys croceus,Large yellow croaker,Miscellaneous coastal fishes,Pacific Northwest,0.340416292,0.420106806,0.474431291,0.535083193,0.736452544,0.101126833,0.489269737,1192964.088,2000,0.258344274,1643624.301,105185.3788,0.129172137,105805,Domestic
Larimichthys_croceus-Pacific_Northwest,Larimichthys croceus,Large yellow croaker,Miscellaneous coastal fishes,Pacific Northwest,0.355315935,0.428241646,0.481735307,0.547749201,0.741534495,0.103505717,0.499428913,1192964.088,2001,0.258344274,1643624.301,105185.3788,0.129172137,65512,Domestic
Larimichthys_croceus-Pacific_Northwest,Larimichthys croceus,Large yellow croaker,Miscellaneous coastal fishes,Pacific Northwest,0.362279316,0.432818464,0.486229417,0.55936986,0.767936649,0.105406935,0.504149325,1192964.088,2002,0.258344274,1643624.301,105185.3788,0.129172137,71014,Domestic
Larimichthys_croceus-Pacific_Northwest,Larimichthys croceus,Large yellow croaker,Miscellaneous coastal fishes,Pacific Northwest,0.345302246,0.414751436,0.468826066,0.542648911,0.777857762,0.108662943,0.490384968,1192964.088,2003,0.258344274,1643624.301,105185.3788,0.129172137,86590,Domestic
Larimichthys_croceus-Pacific_Northwest,Larimichthys croceus,Large yellow croaker,Miscellaneous coastal fishes,Pacific Northwest,0.335335841,0.408939497,0.47127606,0.543149185,0.774982493,0.11259083,0.487913063,1192964.088,2004,0.258344274,1643624.301,105185.3788,0.129172137,75804,Domestic
Larimichthys_croceus-Pacific_Northwest,Larimichthys croceus,Large yellow croaker,Miscellaneous coastal fishes,Pacific Northwest,0.341283631,0.415604378,0.479727551,0.556194003,0.78281362,0.116960296,0.49860476,1192964.088,2005,0.258344274,1643624.301,105185.3788,0.129172137,64157,Domestic
Larimichthys_croceus-Pacific_Northwest,Larimichthys croceus,Large yellow croaker,Miscellaneous coastal fishes,Pacific Northwest,0.329813761,0.413875544,0.482317379,0.558321619,0.800833484,0.120812863,0.501427772,1192964.088,2006,0.258344274,1643624.301,105185.3788,0.129172137,70888,Domestic
Larimichthys_croceus-Pacific_Northwest,Larimichthys croceus,Large yellow croaker,Miscellaneous coastal fishes,Pacific Northwest,0.332802262,0.418920886,0.492726729,0.572000738,0.807427843,0.125972419,0.509507095,1192964.088,2007,0.258344274,1643624.301,105185.3788,0.129172137,69469,Domestic
Larimichthys_croceus-Pacific_Northwest,Larimichthys croceus,Large yellow croaker,Miscellaneous coastal fishes,Pacific Northwest,0.343678397,0.435595653,0.524317791,0.607436808,0.80941118,0.127487047,0.534073619,1192964.088,2008,0.258344274,1643624.301,105185.3788,0.129172137,56088,Domestic
Larimichthys_croceus-Pacific_Northwest,Larimichthys croceus,Large yellow croaker,Miscellaneous coastal fishes,Pacific Northwest,0.345364739,0.447367386,0.545709518,0.635029736,0.837761872,0.13374489,0.553543582,1192964.088,2009,0.258344274,1643624.301,105185.3788,0.129172137,62955,Domestic
Larimichthys_croceus-Pacific_Northwest,Larimichthys croceus,Large yellow croaker,Miscellaneous coastal fishes,Pacific Northwest,0.351486675,0.462836991,0.566195594,0.663921282,0.887853673,0.141951736,0.572804115,1192964.088,2010,0.258344274,1643624.301,105185.3788,0.129172137,63550,Domestic
Larimichthys_croceus-Pacific_Northwest,Larimichthys croceus,Large yellow croaker,Miscellaneous coastal fishes,Pacific Northwest,0.338002735,0.47067561,0.586807562,0.697169656,0.898551232,0.150823332,0.588977687,1192964.088,2011,0.258344274,1643624.301,105185.3788,0.129172137,65459,Domestic
Larimichthys_croceus-Pacific_Northwest,Larimichthys croceus,Large yellow croaker,Miscellaneous coastal fishes,Pacific Northwest,0.327307526,0.478426124,0.604630223,0.720471907,0.911292094,0.160325202,0.602246414,1192964.088,2012,0.258344274,1643624.301,105185.3788,0.129172137,71227,Domestic
Larimichthys_croceus-Pacific_Northwest,Larimichthys croceus,Large yellow croaker,Miscellaneous coastal fishes,Pacific Northwest,0.281751185,0.461504224,0.605011331,0.721359209,0.892463837,0.166841546,0.590710798,1192964.088,2013,0.258344274,1643624.301,105185.3788,0.129172137,91260,Domestic
Larimichthys_croceus-Pacific_Northwest,Larimichthys croceus,Large yellow croaker,Miscellaneous coastal fishes,Pacific Northwest,0.223255247,0.432821747,0.592041158,0.722130529,0.872998419,0.178703682,0.57217169,1192964.088,2014,0.258344274,1643624.301,105185.3788,0.129172137,96073,Domestic
Larimichthys_croceus-Pacific_Northwest,Larimichthys croceus,Large yellow croaker,Miscellaneous coastal fishes,Pacific Northwest,0.145534411,0.400246119,0.567408321,0.70330678,0.826457555,0.191488635,0.539536887,1192964.088,2015,0.258344274,1643624.301,105185.3788,0.129172137,105223,Domestic
Larimichthys_croceus-Pacific_Northwest,Larimichthys croceus,Large yellow croaker,Miscellaneous coastal fishes,Pacific Northwest,0.053352485,0.348163972,0.537761938,0.686817672,0.789307149,0.212287965,0.50573525,1192964.088,2016,0.258344274,1643624.301,105185.3788,0.129172137,103815,Domestic
Lateolabrax_japonicus-Pacific_Northwest,Lateolabrax japonicus,Japanese seabass,Miscellaneous coastal fishes,Pacific Northwest,0.3932639,0.487100142,0.609459742,0.881462347,1.434896117,0.29473732,0.715394704,22631.40847,1950,0.675119026,78788.55131,11661.70011,0.337559513,4500,Domestic
Lateolabrax_japonicus-Pacific_Northwest,Lateolabrax japonicus,Japanese seabass,Miscellaneous coastal fishes,Pacific Northwest,0.435150933,0.587585866,0.76851188,1.105804493,1.650868901,0.349107513,0.870923602,22631.40847,1951,0.675119026,78788.55131,11661.70011,0.337559513,4500,Domestic
Lateolabrax_japonicus-Pacific_Northwest,Lateolabrax japonicus,Japanese seabass,Miscellaneous coastal fishes,Pacific Northwest,0.483230432,0.710220448,0.96220429,1.336039714,1.780098292,0.382899056,1.033518577,22631.40847,1952,0.675119026,78788.55131,11661.70011,0.337559513,4500,Domestic
Lateolabrax_japonicus-Pacific_Northwest,Lateolabrax japonicus,Japanese seabass,Miscellaneous coastal fishes,Pacific Northwest,0.529880196,0.836641418,1.158079633,1.517133233,1.826387674,0.390056465,1.171568753,22631.40847,1953,0.675119026,78788.55131,11661.70011,0.337559513,5000,Domestic
Lateolabrax_japonicus-Pacific_Northwest,Lateolabrax japonicus,Japanese seabass,Miscellaneous coastal fishes,Pacific Northwest,0.577259962,0.963542077,1.328434188,1.619225406,1.843976833,0.380422802,1.281362963,22631.40847,1954,0.675119026,78788.55131,11661.70011,0.337559513,5400,Domestic
Lateolabrax_japonicus-Pacific_Northwest,Lateolabrax japonicus,Japanese seabass,Miscellaneous coastal fishes,Pacific Northwest,0.621721586,1.082472304,1.451529518,1.660799943,1.851085367,0.359744227,1.360791529,22631.40847,1955,0.675119026,78788.55131,11661.70011,0.337559513,5800,Domestic
Lateolabrax_japonicus-Pacific_Northwest,Lateolabrax japonicus,Japanese seabass,Miscellaneous coastal fishes,Pacific Northwest,0.669089536,1.199362402,1.533023836,1.685218886,1.862609327,0.335911548,1.425040341,22631.40847,1956,0.675119026,78788.55131,11661.70011,0.337559513,5800,Domestic
Lateolabrax_japonicus-Pacific_Northwest,Lateolabrax japonicus,Japanese seabass,Miscellaneous coastal fishes,Pacific Northwest,0.727565108,1.307592114,1.583161707,1.706957409,1.871864178,0.310913591,1.48050368,22631.40847,1957,0.675119026,78788.55131,11661.70011,0.337559513,5700,Domestic
Lateolabrax_japonicus-Pacific_Northwest,Lateolabrax japonicus,Japanese seabass,Miscellaneous coastal fishes,Pacific Northwest,0.789577258,1.403607013,1.624949135,1.733261425,1.89103231,0.287688347,1.53301329,22631.40847,1958,0.675119026,78788.55131,11661.70011,0.337559513,5400,Domestic
Lateolabrax_japonicus-Pacific_Northwest,Lateolabrax japonicus,Japanese seabass,Miscellaneous coastal fishes,Pacific Northwest,0.853958929,1.477083451,1.646021476,1.742599505,1.894764375,0.261526928,1.569220553,22631.40847,1959,0.675119026,78788.55131,11661.70011,0.337559513,5500,Domestic
Lateolabrax_japonicus-Pacific_Northwest,Lateolabrax japonicus,Japanese seabass,Miscellaneous coastal fishes,Pacific Northwest,0.91519229,1.51283769,1.648225291,1.737647491,1.888899698,0.236403459,1.586533776,22631.40847,1960,0.675119026,78788.55131,11661.70011,0.337559513,6000,Domestic
Lateolabrax_japonicus-Pacific_Northwest,Lateolabrax japonicus,Japanese seabass,Miscellaneous coastal fishes,Pacific Northwest,0.975783871,1.520161307,1.63186396,1.717636726,1.868001646,0.212791625,1.584786421,22631.40847,1961,0.675119026,78788.55131,11661.70011,0.337559513,6600,Domestic
Lateolabrax_japonicus-Pacific_Northwest,Lateolabrax japonicus,Japanese seabass,Miscellaneous coastal fishes,Pacific Northwest,1.019920613,1.514479703,1.617036483,1.700940019,1.851262812,0.194895387,1.580280538,22631.40847,1962,0.675119026,78788.55131,11661.70011,0.337559513,7000,Domestic
Lateolabrax_japonicus-Pacific_Northwest,Lateolabrax japonicus,Japanese seabass,Miscellaneous coastal fishes,Pacific Northwest,1.078534659,1.527710335,1.623231718,1.706156509,1.854061013,0.18282818,1.592503073,22631.40847,1963,0.675119026,78788.55131,11661.70011,0.337559513,6600,Domestic
Lateolabrax_japonicus-Pacific_Northwest,Lateolabrax japonicus,Japanese seabass,Miscellaneous coastal fishes,Pacific Northwest,1.132540684,1.535277416,1.628221947,1.709737024,1.858821364,0.172603912,1.602557658,22631.40847,1964,0.675119026,78788.55131,11661.70011,0.337559513,6600,Domestic
Lateolabrax_japonicus-Pacific_Northwest,Lateolabrax japonicus,Japanese seabass,Miscellaneous coastal fishes,Pacific Northwest,1.176892166,1.543410859,1.631784833,1.712143006,1.865502758,0.163191273,1.610892528,22631.40847,1965,0.675119026,78788.55131,11661.70011,0.337559513,6600,Domestic
Lateolabrax_japonicus-Pacific_Northwest,Lateolabrax japonicus,Japanese seabass,Miscellaneous coastal fishes,Pacific Northwest,1.213363708,1.527498332,1.613412937,1.692112541,1.841769966,0.15193054,1.597098206,22631.40847,1966,0.675119026,78788.55131,11661.70011,0.337559513,7300,Domestic
Lateolabrax_japonicus-Pacific_Northwest,Lateolabrax japonicus,Japanese seabass,Miscellaneous coastal fishes,Pacific Northwest,1.236795265,1.512608678,1.59704598,1.677738748,1.833567143,0.146033293,1.585693613,22631.40847,1967,0.675119026,78788.55131,11661.70011,0.337559513,7500,Domestic
Lateolabrax_japonicus-Pacific_Northwest,Lateolabrax japonicus,Japanese seabass,Miscellaneous coastal fishes,Pacific Northwest,1.220067386,1.449404577,1.531326198,1.612374444,1.779904328,0.138533114,1.526090064,22631.40847,1968,0.675119026,78788.55131,11661.70011,0.337559513,9400,Domestic
Lateolabrax_japonicus-Pacific_Northwest,Lateolabrax japonicus,Japanese seabass,Miscellaneous coastal fishes,Pacific Northwest,1.227989527,1.451647112,1.535497101,1.619364298,1.780518104,0.138093665,1.52998076,22631.40847,1969,0.675119026,78788.55131,11661.70011,0.337559513,8100,Domestic
Lateolabrax_japonicus-Pacific_Northwest,Lateolabrax japonicus,Japanese seabass,Miscellaneous coastal fishes,Pacific Northwest,1.264940428,1.509188453,1.595266586,1.67843562,1.836585778,0.140882491,1.586355621,22631.40847,1970,0.675119026,78788.55131,11661.70011,0.337559513,6200,Domestic
Lateolabrax_japonicus-Pacific_Northwest,Lateolabrax japonicus,Japanese seabass,Miscellaneous coastal fishes,Pacific Northwest,1.296325382,1.53290964,1.619552816,1.700517316,1.850095862,0.137959947,1.609560901,22631.40847,1971,0.675119026,78788.55131,11661.70011,0.337559513,6500,Domestic
Lateolabrax_japonicus-Pacific_Northwest,Lateolabrax japonicus,Japanese seabass,Miscellaneous coastal fishes,Pacific Northwest,1.310719217,1.531525182,1.613944761,1.693112603,1.845087908,0.132325795,1.606256226,22631.40847,1972,0.675119026,78788.55131,11661.70011,0.337559513,7100,Domestic
Lateolabrax_japonicus-Pacific_Northwest,Lateolabrax japonicus,Japanese seabass,Miscellaneous coastal fishes,Pacific Northwest,1.335041014,1.539954714,1.621399409,1.700790898,1.849223789,0.128650809,1.615219202,22631.40847,1973,0.675119026,78788.55131,11661.70011,0.337559513,6800,Domestic
Lateolabrax_japonicus-Pacific_Northwest,Lateolabrax japonicus,Japanese seabass,Miscellaneous coastal fishes,Pacific Northwest,1.31013214,1.48817641,1.564740679,1.644269965,1.803793956,0.12344283,1.564431638,22631.40847,1974,0.675119026,78788.55131,11661.70011,0.337559513,8751,Domestic
Lateolabrax_japonicus-Pacific_Northwest,Lateolabrax japonicus,Japanese seabass,Miscellaneous coastal fishes,Pacific Northwest,1.158659452,1.298856243,1.384147648,1.479209482,1.670957333,0.132613008,1.393408403,22631.40847,1975,0.675119026,78788.55131,11661.70011,0.337559513,13754,Domestic
Lateolabrax_japonicus-Pacific_Northwest,Lateolabrax japonicus,Japanese seabass,Miscellaneous coastal fishes,Pacific Northwest,1.103140088,1.248849202,1.341452738,1.439116438,1.638704709,0.138854157,1.348217458,22631.40847,1976,0.675119026,78788.55131,11661.70011,0.337559513,11484,Domestic
Lateolabrax_japonicus-Pacific_Northwest,Lateolabrax japonicus,Japanese seabass,Miscellaneous coastal fishes,Pacific Northwest,0.983557986,1.147260019,1.250779458,1.36249074,1.579890205,0.154230191,1.2590497,22631.40847,1977,0.675119026,78788.55131,11661.70011,0.337559513,13307,Domestic
Lateolabrax_japonicus-Pacific_Northwest,Lateolabrax japonicus,Japanese seabass,Miscellaneous coastal fishes,Pacific Northwest,0.887516177,1.072826768,1.190524108,1.310559762,1.538463636,0.169051777,1.195325248,22631.40847,1978,0.675119026,78788.55131,11661.70011,0.337559513,13003,Domestic
Lateolabrax_japonicus-Pacific_Northwest,Lateolabrax japonicus,Japanese seabass,Miscellaneous coastal fishes,Pacific Northwest,0.854743771,1.062008602,1.190630766,1.315114299,1.544846081,0.17871262,1.191794225,22631.40847,1979,0.675119026,78788.55131,11661.70011,0.337559513,11179,Domestic
Lateolabrax_japonicus-Pacific_Northwest,Lateolabrax japonicus,Japanese seabass,Miscellaneous coastal fishes,Pacific Northwest,0.810920162,1.0421995,1.178546672,1.313873387,1.542370035,0.190835626,1.177879087,22631.40847,1980,0.675119026,78788.55131,11661.70011,0.337559513,11500,Domestic
Lateolabrax_japonicus-Pacific_Northwest,Lateolabrax japonicus,Japanese seabass,Miscellaneous coastal fishes,Pacific Northwest,0.758886612,1.019977085,1.170379067,1.309738971,1.540832426,0.203470964,1.16319393,22631.40847,1981,0.675119026,78788.55131,11661.70011,0.337559513,11492,Domestic
Lateolabrax_japonicus-Pacific_Northwest,Lateolabrax japonicus,Japanese seabass,Miscellaneous coastal fishes,Pacific Northwest,0.732353492,1.025054347,1.187698131,1.329331708,1.558399306,0.215724898,1.173467499,22631.40847,1982,0.675119026,78788.55131,11661.70011,0.337559513,10609,Domestic
Lateolabrax_japonicus-Pacific_Northwest,Lateolabrax japonicus,Japanese seabass,Miscellaneous coastal fishes,Pacific Northwest,0.742968131,1.067501245,1.238835374,1.384174284,1.607073088,0.225221611,1.219061162,22631.40847,1983,0.675119026,78788.55131,11661.70011,0.337559513,9278,Domestic
Lateolabrax_japonicus-Pacific_Northwest,Lateolabrax japonicus,Japanese seabass,Miscellaneous coastal fishes,Pacific Northwest,0.730137955,1.083820737,1.262432329,1.404675855,1.620521111,0.230919658,1.235579728,22631.40847,1984,0.675119026,78788.55131,11661.70011,0.337559513,9982,Domestic
Lateolabrax_japonicus-Pacific_Northwest,Lateolabrax japonicus,Japanese seabass,Miscellaneous coastal fishes,Pacific Northwest,0.77295989,1.151052013,1.3332174,1.474782882,1.678744202,0.236433943,1.300481964,22631.40847,1985,0.675119026,78788.55131,11661.70011,0.337559513,8184,Domestic
Lateolabrax_japonicus-Pacific_Northwest,Lateolabrax japonicus,Japanese seabass,Miscellaneous coastal fishes,Pacific Northwest,0.852109227,1.243761829,1.425472818,1.558576894,1.751966485,0.234902663,1.387059933,22631.40847,1986,0.675119026,78788.55131,11661.70011,0.337559513,6906,Domestic
Lateolabrax_japonicus-Pacific_Northwest,Lateolabrax japonicus,Japanese seabass,Miscellaneous coastal fishes,Pacific Northwest,0.939254766,1.330128669,1.502395589,1.622603225,1.798479565,0.224320439,1.460356535,22631.40847,1987,0.675119026,78788.55131,11661.70011,0.337559513,6548,Domestic
Lateolabrax_japonicus-Pacific_Northwest,Lateolabrax japonicus,Japanese seabass,Miscellaneous coastal fishes,Pacific Northwest,1.012305661,1.390519418,1.541646891,1.648536119,1.815639852,0.207150774,1.502434151,22631.40847,1988,0.675119026,78788.55131,11661.70011,0.337559513,6939,Domestic
Lateolabrax_japonicus-Pacific_Northwest,Lateolabrax japonicus,Japanese seabass,Miscellaneous coastal fishes,Pacific Northwest,1.071984141,1.436477518,1.567888658,1.664039919,1.822870876,0.189487608,1.533533216,22631.40847,1989,0.675119026,78788.55131,11661.70011,0.337559513,6943,Domestic
Lateolabrax_japonicus-Pacific_Northwest,Lateolabrax japonicus,Japanese seabass,Miscellaneous coastal fishes,Pacific Northwest,1.133249807,1.470220984,1.58544764,1.674355804,1.83121732,0.174080025,1.556982475,22631.40847,1990,0.675119026,78788.55131,11661.70011,0.337559513,6903,Domestic
Lateolabrax_japonicus-Pacific_Northwest,Lateolabrax japonicus,Japanese seabass,Miscellaneous coastal fishes,Pacific Northwest,1.171668601,1.476102351,1.579309087,1.665511271,1.824453693,0.160385067,1.55909872,22631.40847,1991,0.675119026,78788.55131,11661.70011,0.337559513,7452,Domestic
Lateolabrax_japonicus-Pacific_Northwest,Lateolabrax japonicus,Japanese seabass,Miscellaneous coastal fishes,Pacific Northwest,1.196699673,1.469246256,1.563845107,1.648148427,1.806807019,0.149058733,1.549368422,22631.40847,1992,0.675119026,78788.55131,11661.70011,0.337559513,7933,Domestic
Lateolabrax_japonicus-Pacific_Northwest,Lateolabrax japonicus,Japanese seabass,Miscellaneous coastal fishes,Pacific Northwest,1.211320222,1.446414067,1.534241382,1.619524536,1.782862635,0.140554965,1.526718619,22631.40847,1993,0.675119026,78788.55131,11661.70011,0.337559513,8634,Domestic
Lateolabrax_japonicus-Pacific_Northwest,Lateolabrax japonicus,Japanese seabass,Miscellaneous coastal fishes,Pacific Northwest,1.221659701,1.43651345,1.523034474,1.60813525,1.773461609,0.136221813,1.518290838,22631.40847,1994,0.675119026,78788.55131,11661.70011,0.337559513,8519,Domestic
Lateolabrax_japonicus-Pacific_Northwest,Lateolabrax japonicus,Japanese seabass,Miscellaneous coastal fishes,Pacific Northwest,1.224469826,1.422427152,1.507331392,1.591845563,1.756821182,0.132612074,1.504902415,22631.40847,1995,0.675119026,78788.55131,11661.70011,0.337559513,8831,Domestic
Lateolabrax_japonicus-Pacific_Northwest,Lateolabrax japonicus,Japanese seabass,Miscellaneous coastal fishes,Pacific Northwest,1.210697253,1.393963136,1.477402511,1.563270631,1.734494471,0.130371972,1.477720046,22631.40847,1996,0.675119026,78788.55131,11661.70011,0.337559513,9512,Domestic
Lateolabrax_japonicus-Pacific_Northwest,Lateolabrax japonicus,Japanese seabass,Miscellaneous coastal fishes,Pacific Northwest,1.182970075,1.343431792,1.426377823,1.514665881,1.692865921,0.129308411,1.430233789,22631.40847,1997,0.675119026,78788.55131,11661.70011,0.337559513,10558,Domestic
Lateolabrax_japonicus-Pacific_Northwest,Lateolabrax japonicus,Japanese seabass,Miscellaneous coastal fishes,Pacific Northwest,1.110229422,1.259787009,1.344888943,1.439326324,1.632454919,0.133226356,1.35258713,22631.40847,1998,0.675119026,78788.55131,11661.70011,0.337559513,12180,Domestic
Lateolabrax_japonicus-Pacific_Northwest,Lateolabrax japonicus,Japanese seabass,Miscellaneous coastal fishes,Pacific Northwest,1.052873299,1.195865081,1.286218526,1.38773427,1.588805067,0.139069119,1.296084932,22631.40847,1999,0.675119026,78788.55131,11661.70011,0.337559513,12167,Domestic
Lateolabrax_japonicus-Pacific_Northwest,Lateolabrax japonicus,Japanese seabass,Miscellaneous coastal fishes,Pacific Northwest,1.046731501,1.197329765,1.289536411,1.393867301,1.599967165,0.142424479,1.29921789,22631.40847,2000,0.675119026,78788.55131,11661.70011,0.337559513,10538,Domestic
Lateolabrax_japonicus-Pacific_Northwest,Lateolabrax japonicus,Japanese seabass,Miscellaneous coastal fishes,Pacific Northwest,0.993042407,1.14185473,1.237648868,1.349997002,1.564629027,0.14893329,1.250831323,22631.40847,2001,0.675119026,78788.55131,11661.70011,0.337559513,12256,Domestic
Lateolabrax_japonicus-Pacific_Northwest,Lateolabrax japonicus,Japanese seabass,Miscellaneous coastal fishes,Pacific Northwest,0.945711207,1.09350792,1.197977812,1.319029775,1.546849876,0.157626928,1.211751458,22631.40847,2002,0.675119026,78788.55131,11661.70011,0.337559513,12216,Domestic
Lateolabrax_japonicus-Pacific_Northwest,Lateolabrax japonicus,Japanese seabass,Miscellaneous coastal fishes,Pacific Northwest,0.916378999,1.064626602,1.178136517,1.305662632,1.537163754,0.164771521,1.191941125,22631.40847,2003,0.675119026,78788.55131,11661.70011,0.337559513,11700,Domestic
Lateolabrax_japonicus-Pacific_Northwest,Lateolabrax japonicus,Japanese seabass,Miscellaneous coastal fishes,Pacific Northwest,0.897158599,1.044535582,1.168279982,1.301761567,1.531055186,0.172504322,1.180084078,22631.40847,2004,0.675119026,78788.55131,11661.70011,0.337559513,11434,Domestic
Lateolabrax_japonicus-Pacific_Northwest,Lateolabrax japonicus,Japanese seabass,Miscellaneous coastal fishes,Pacific Northwest,0.862370311,1.015905483,1.147142942,1.288445527,1.523158214,0.179735668,1.158897588,22631.40847,2005,0.675119026,78788.55131,11661.70011,0.337559513,11751,Domestic
Lateolabrax_japonicus-Pacific_Northwest,Lateolabrax japonicus,Japanese seabass,Miscellaneous coastal fishes,Pacific Northwest,0.80032854,0.958783306,1.105249221,1.254907088,1.496372527,0.191139002,1.1138803,22631.40847,2006,0.675119026,78788.55131,11661.70011,0.337559513,12615,Domestic
Lateolabrax_japonicus-Pacific_Northwest,Lateolabrax japonicus,Japanese seabass,Miscellaneous coastal fishes,Pacific Northwest,0.753380189,0.925575888,1.089166321,1.24879127,1.496000733,0.205222303,1.09422759,22631.40847,2007,0.675119026,78788.55131,11661.70011,0.337559513,11773,Domestic
Lateolabrax_japonicus-Pacific_Northwest,Lateolabrax japonicus,Japanese seabass,Miscellaneous coastal fishes,Pacific Northwest,0.717598037,0.910113637,1.089950805,1.256687403,1.504351715,0.219799821,1.089884024,22631.40847,2008,0.675119026,78788.55131,11661.70011,0.337559513,11189,Domestic
Lateolabrax_japonicus-Pacific_Northwest,Lateolabrax japonicus,Japanese seabass,Miscellaneous coastal fishes,Pacific Northwest,0.713170233,0.923713021,1.122600388,1.29445599,1.538863514,0.232591708,1.115287261,22631.40847,2009,0.675119026,78788.55131,11661.70011,0.337559513,10064,Domestic
Lateolabrax_japonicus-Pacific_Northwest,Lateolabrax japonicus,Japanese seabass,Miscellaneous coastal fishes,Pacific Northwest,0.702385091,0.936674699,1.149390633,1.320289545,1.563033755,0.241265813,1.133399619,22631.40847,2010,0.675119026,78788.55131,11661.70011,0.337559513,10122,Domestic
Lateolabrax_japonicus-Pacific_Northwest,Lateolabrax japonicus,Japanese seabass,Miscellaneous coastal fishes,Pacific Northwest,0.696140417,0.958081637,1.181930293,1.346619542,1.574644237,0.247907174,1.154347678,22631.40847,2011,0.675119026,78788.55131,11661.70011,0.337559513,9849,Domestic
Lateolabrax_japonicus-Pacific_Northwest,Lateolabrax japonicus,Japanese seabass,Miscellaneous coastal fishes,Pacific Northwest,0.684421069,0.976116663,1.203793633,1.362949927,1.581398939,0.249946237,1.167813316,22631.40847,2012,0.675119026,78788.55131,11661.70011,0.337559513,9899,Domestic
Lateolabrax_japonicus-Pacific_Northwest,Lateolabrax japonicus,Japanese seabass,Miscellaneous coastal fishes,Pacific Northwest,0.688392813,1.016679884,1.24021392,1.384764152,1.593005354,0.248829653,1.195281212,22631.40847,2013,0.675119026,78788.55131,11661.70011,0.337559513,9209,Domestic
Lateolabrax_japonicus-Pacific_Northwest,Lateolabrax japonicus,Japanese seabass,Miscellaneous coastal fishes,Pacific Northwest,0.674214664,1.041010539,1.250045063,1.378210813,1.559024015,0.240479607,1.197793206,22631.40847,2014,0.675119026,78788.55131,11661.70011,0.337559513,9713,Domestic
Lateolabrax_japonicus-Pacific_Northwest,Lateolabrax japonicus,Japanese seabass,Miscellaneous coastal fishes,Pacific Northwest,0.68125118,1.092868456,1.286632699,1.388699167,1.538770397,0.230229223,1.222312205,22631.40847,2015,0.675119026,78788.55131,11661.70011,0.337559513,8734,Domestic
Lateolabrax_japonicus-Pacific_Northwest,Lateolabrax japonicus,Japanese seabass,Miscellaneous coastal fishes,Pacific Northwest,0.674140036,1.123489087,1.300530399,1.36401497,1.397122174,0.205629942,1.211939428,22631.40847,2016,0.675119026,78788.55131,11661.70011,0.337559513,9318,Domestic
Lates_calcarifer-Indian Ocean_Eastern,Lates calcarifer,Barramundi(=Giant seaperch),Miscellaneous diadromous fishes,Indian Ocean Eastern,0.997314346,1.192644661,1.363377496,1.560616609,1.878609961,0.240387997,1.389105993,103679.0499,1950,0.287453692,161838.3384,11528.18738,0.143726846,100,Domestic
Lates_calcarifer-Indian Ocean_Eastern,Lates calcarifer,Barramundi(=Giant seaperch),Miscellaneous diadromous fishes,Indian Ocean Eastern,1.101108516,1.322572079,1.46704785,1.651860244,1.910017568,0.214665773,1.487441662,103679.0499,1951,0.287453692,161838.3384,11528.18738,0.143726846,300,Domestic
Lates_calcarifer-Indian Ocean_Eastern,Lates calcarifer,Barramundi(=Giant seaperch),Miscellaneous diadromous fishes,Indian Ocean Eastern,1.215742707,1.431815795,1.568522415,1.719377256,1.928307706,0.191437066,1.573651843,103679.0499,1952,0.287453692,161838.3384,11528.18738,0.143726846,300,Domestic
Lates_calcarifer-Indian Ocean_Eastern,Lates calcarifer,Barramundi(=Giant seaperch),Miscellaneous diadromous fishes,Indian Ocean Eastern,1.2939844,1.521760277,1.647127781,1.763362537,1.947787607,0.167343128,1.639879872,103679.0499,1953,0.287453692,161838.3384,11528.18738,0.143726846,300,Domestic
Lates_calcarifer-Indian Ocean_Eastern,Lates calcarifer,Barramundi(=Giant seaperch),Miscellaneous diadromous fishes,Indian Ocean Eastern,1.385055058,1.586511432,1.700620112,1.79580706,1.943228654,0.14533605,1.690978193,103679.0499,1954,0.287453692,161838.3384,11528.18738,0.143726846,300,Domestic
Lates_calcarifer-Indian Ocean_Eastern,Lates calcarifer,Barramundi(=Giant seaperch),Miscellaneous diadromous fishes,Indian Ocean Eastern,1.458612415,1.647398211,1.737600427,1.826412812,1.955146115,0.131640999,1.729146767,103679.0499,1955,0.287453692,161838.3384,11528.18738,0.143726846,400,Domestic
Lates_calcarifer-Indian Ocean_Eastern,Lates calcarifer,Barramundi(=Giant seaperch),Miscellaneous diadromous fishes,Indian Ocean Eastern,1.49255727,1.685651068,1.778339235,1.850426885,1.972423841,0.124381154,1.76329986,103679.0499,1956,0.287453692,161838.3384,11528.18738,0.143726846,400,Domestic
Lates_calcarifer-Indian Ocean_Eastern,Lates calcarifer,Barramundi(=Giant seaperch),Miscellaneous diadromous fishes,Indian Ocean Eastern,1.533330198,1.709370074,1.797344121,1.874688002,1.97331874,0.116655337,1.785072881,103679.0499,1957,0.287453692,161838.3384,11528.18738,0.143726846,400,Domestic
Lates_calcarifer-Indian Ocean_Eastern,Lates calcarifer,Barramundi(=Giant seaperch),Miscellaneous diadromous fishes,Indian Ocean Eastern,1.552456452,1.725309583,1.801797901,1.881053812,1.982893568,0.112245611,1.796048437,103679.0499,1958,0.287453692,161838.3384,11528.18738,0.143726846,400,Domestic
Lates_calcarifer-Indian Ocean_Eastern,Lates calcarifer,Barramundi(=Giant seaperch),Miscellaneous diadromous fishes,Indian Ocean Eastern,1.577404216,1.735794853,1.806284144,1.884132766,1.980761333,0.104363676,1.804262038,103679.0499,1959,0.287453692,161838.3384,11528.18738,0.143726846,300,Domestic
Lates_calcarifer-Indian Ocean_Eastern,Lates calcarifer,Barramundi(=Giant seaperch),Miscellaneous diadromous fishes,Indian Ocean Eastern,1.589107052,1.745832964,1.818844115,1.88430413,1.977934148,0.102153595,1.809250017,103679.0499,1960,0.287453692,161838.3384,11528.18738,0.143726846,400,Domestic
Lates_calcarifer-Indian Ocean_Eastern,Lates calcarifer,Barramundi(=Giant seaperch),Miscellaneous diadromous fishes,Indian Ocean Eastern,1.595932698,1.744038694,1.810045777,1.884642523,1.97995115,0.098689706,1.808656855,103679.0499,1961,0.287453692,161838.3384,11528.18738,0.143726846,500,Domestic
Lates_calcarifer-Indian Ocean_Eastern,Lates calcarifer,Barramundi(=Giant seaperch),Miscellaneous diadromous fishes,Indian Ocean Eastern,1.596629386,1.745583746,1.816381061,1.878850192,1.97850857,0.100189956,1.810028385,103679.0499,1962,0.287453692,161838.3384,11528.18738,0.143726846,500,Domestic
Lates_calcarifer-Indian Ocean_Eastern,Lates calcarifer,Barramundi(=Giant seaperch),Miscellaneous diadromous fishes,Indian Ocean Eastern,1.61077885,1.752360635,1.82122124,1.882318861,1.97580105,0.098392464,1.813716577,103679.0499,1963,0.287453692,161838.3384,11528.18738,0.143726846,500,Domestic
Lates_calcarifer-Indian Ocean_Eastern,Lates calcarifer,Barramundi(=Giant seaperch),Miscellaneous diadromous fishes,Indian Ocean Eastern,1.606784078,1.747606972,1.824456358,1.886195575,1.984021719,0.100954584,1.815309061,103679.0499,1964,0.287453692,161838.3384,11528.18738,0.143726846,500,Domestic
Lates_calcarifer-Indian Ocean_Eastern,Lates calcarifer,Barramundi(=Giant seaperch),Miscellaneous diadromous fishes,Indian Ocean Eastern,1.595855512,1.747638973,1.818954432,1.883207076,1.975772641,0.098972435,1.811626057,103679.0499,1965,0.287453692,161838.3384,11528.18738,0.143726846,600,Domestic
Lates_calcarifer-Indian Ocean_Eastern,Lates calcarifer,Barramundi(=Giant seaperch),Miscellaneous diadromous fishes,Indian Ocean Eastern,1.609967623,1.744676835,1.819810348,1.891289688,1.985082199,0.10122911,1.81561079,103679.0499,1966,0.287453692,161838.3384,11528.18738,0.143726846,600,Domestic
Lates_calcarifer-Indian Ocean_Eastern,Lates calcarifer,Barramundi(=Giant seaperch),Miscellaneous diadromous fishes,Indian Ocean Eastern,1.611988989,1.749670106,1.820777243,1.889369136,1.978266976,0.100157968,1.813107095,103679.0499,1967,0.287453692,161838.3384,11528.18738,0.143726846,600,Domestic
Lates_calcarifer-Indian Ocean_Eastern,Lates calcarifer,Barramundi(=Giant seaperch),Miscellaneous diadromous fishes,Indian Ocean Eastern,1.580817166,1.749793581,1.824592341,1.885504269,1.977822222,0.100861887,1.812324616,103679.0499,1968,0.287453692,161838.3384,11528.18738,0.143726846,600,Domestic
Lates_calcarifer-Indian Ocean_Eastern,Lates calcarifer,Barramundi(=Giant seaperch),Miscellaneous diadromous fishes,Indian Ocean Eastern,1.592126437,1.750849076,1.823229417,1.890169921,1.976660374,0.101773012,1.813471593,103679.0499,1969,0.287453692,161838.3384,11528.18738,0.143726846,700,Domestic
Lates_calcarifer-Indian Ocean_Eastern,Lates calcarifer,Barramundi(=Giant seaperch),Miscellaneous diadromous fishes,Indian Ocean Eastern,1.613720138,1.747731314,1.828745015,1.89623551,1.983832558,0.099353006,1.819004594,103679.0499,1970,0.287453692,161838.3384,11528.18738,0.143726846,600,Domestic
Lates_calcarifer-Indian Ocean_Eastern,Lates calcarifer,Barramundi(=Giant seaperch),Miscellaneous diadromous fishes,Indian Ocean Eastern,1.614384568,1.757827357,1.834180445,1.902312858,1.985033175,0.099504696,1.825300364,103679.0499,1971,0.287453692,161838.3384,11528.18738,0.143726846,600,Domestic
Lates_calcarifer-Indian Ocean_Eastern,Lates calcarifer,Barramundi(=Giant seaperch),Miscellaneous diadromous fishes,Indian Ocean Eastern,1.61156125,1.758574617,1.828386568,1.892638611,1.979081178,0.097699501,1.819642797,103679.0499,1972,0.287453692,161838.3384,11528.18738,0.143726846,700,Domestic
Lates_calcarifer-Indian Ocean_Eastern,Lates calcarifer,Barramundi(=Giant seaperch),Miscellaneous diadromous fishes,Indian Ocean Eastern,1.604662467,1.753781983,1.829611349,1.89586216,1.979611494,0.10017023,1.82066966,103679.0499,1973,0.287453692,161838.3384,11528.18738,0.143726846,1000,Domestic
Lates_calcarifer-Indian Ocean_Eastern,Lates calcarifer,Barramundi(=Giant seaperch),Miscellaneous diadromous fishes,Indian Ocean Eastern,1.615271983,1.758069573,1.837659594,1.905971295,1.987524639,0.10279984,1.825375263,103679.0499,1974,0.287453692,161838.3384,11528.18738,0.143726846,828,Domestic
Lates_calcarifer-Indian Ocean_Eastern,Lates calcarifer,Barramundi(=Giant seaperch),Miscellaneous diadromous fishes,Indian Ocean Eastern,1.534236313,1.697219079,1.773239894,1.848126736,1.972202991,0.1095216,1.77039785,103679.0499,1975,0.287453692,161838.3384,11528.18738,0.143726846,6540,Domestic
Lates_calcarifer-Indian Ocean_Eastern,Lates calcarifer,Barramundi(=Giant seaperch),Miscellaneous diadromous fishes,Indian Ocean Eastern,1.531152127,1.70715703,1.789323064,1.861230601,1.969466836,0.111496762,1.779631715,103679.0499,1976,0.287453692,161838.3384,11528.18738,0.143726846,2250,Domestic
Lates_calcarifer-Indian Ocean_Eastern,Lates calcarifer,Barramundi(=Giant seaperch),Miscellaneous diadromous fishes,Indian Ocean Eastern,1.547542022,1.705065978,1.785209747,1.860449542,1.971997535,0.109082081,1.780602383,103679.0499,1977,0.287453692,161838.3384,11528.18738,0.143726846,2502,Domestic
Lates_calcarifer-Indian Ocean_Eastern,Lates calcarifer,Barramundi(=Giant seaperch),Miscellaneous diadromous fishes,Indian Ocean Eastern,1.548491645,1.715100364,1.794920114,1.863024702,1.974576304,0.109781555,1.785513053,103679.0499,1978,0.287453692,161838.3384,11528.18738,0.143726846,2251,Domestic
Lates_calcarifer-Indian Ocean_Eastern,Lates calcarifer,Barramundi(=Giant seaperch),Miscellaneous diadromous fishes,Indian Ocean Eastern,1.564082974,1.719864616,1.788587312,1.86485699,1.97374849,0.106012728,1.786473539,103679.0499,1979,0.287453692,161838.3384,11528.18738,0.143726846,2389,Domestic
Lates_calcarifer-Indian Ocean_Eastern,Lates calcarifer,Barramundi(=Giant seaperch),Miscellaneous diadromous fishes,Indian Ocean Eastern,1.541424094,1.695466971,1.775366257,1.843034916,1.963808273,0.108480601,1.768260858,103679.0499,1980,0.287453692,161838.3384,11528.18738,0.143726846,4534,Domestic
Lates_calcarifer-Indian Ocean_Eastern,Lates calcarifer,Barramundi(=Giant seaperch),Miscellaneous diadromous fishes,Indian Ocean Eastern,1.547577685,1.705010522,1.788318093,1.862308099,1.976089738,0.111716624,1.782237862,103679.0499,1981,0.287453692,161838.3384,11528.18738,0.143726846,2463,Domestic
Lates_calcarifer-Indian Ocean_Eastern,Lates calcarifer,Barramundi(=Giant seaperch),Miscellaneous diadromous fishes,Indian Ocean Eastern,1.563791676,1.724537057,1.806514658,1.882779399,1.980731357,0.109861647,1.798083481,103679.0499,1982,0.287453692,161838.3384,11528.18738,0.143726846,1867,Domestic
Lates_calcarifer-Indian Ocean_Eastern,Lates calcarifer,Barramundi(=Giant seaperch),Miscellaneous diadromous fishes,Indian Ocean Eastern,1.5604814,1.723031384,1.797555257,1.867832463,1.973005195,0.109996127,1.790374423,103679.0499,1983,0.287453692,161838.3384,11528.18738,0.143726846,3621,Domestic
Lates_calcarifer-Indian Ocean_Eastern,Lates calcarifer,Barramundi(=Giant seaperch),Miscellaneous diadromous fishes,Indian Ocean Eastern,1.555065386,1.702425534,1.784262228,1.853382484,1.966262995,0.10873645,1.77827063,103679.0499,1984,0.287453692,161838.3384,11528.18738,0.143726846,4579,Domestic
Lates_calcarifer-Indian Ocean_Eastern,Lates calcarifer,Barramundi(=Giant seaperch),Miscellaneous diadromous fishes,Indian Ocean Eastern,1.530249022,1.681507651,1.757851535,1.838219786,1.970060676,0.113217611,1.758053982,103679.0499,1985,0.287453692,161838.3384,11528.18738,0.143726846,5366,Domestic
Lates_calcarifer-Indian Ocean_Eastern,Lates calcarifer,Barramundi(=Giant seaperch),Miscellaneous diadromous fishes,Indian Ocean Eastern,1.506125126,1.661789903,1.740022036,1.815097016,1.948847211,0.11467513,1.738612682,103679.0499,1986,0.287453692,161838.3384,11528.18738,0.143726846,6138,Domestic
Lates_calcarifer-Indian Ocean_Eastern,Lates calcarifer,Barramundi(=Giant seaperch),Miscellaneous diadromous fishes,Indian Ocean Eastern,1.476415278,1.637610043,1.721455212,1.792366099,1.953757029,0.120094448,1.717038803,103679.0499,1987,0.287453692,161838.3384,11528.18738,0.143726846,6928,Domestic
Lates_calcarifer-Indian Ocean_Eastern,Lates calcarifer,Barramundi(=Giant seaperch),Miscellaneous diadromous fishes,Indian Ocean Eastern,1.459625118,1.611025906,1.699350134,1.777980417,1.937086378,0.121591533,1.695471078,103679.0499,1988,0.287453692,161838.3384,11528.18738,0.143726846,6980,Domestic
Lates_calcarifer-Indian Ocean_Eastern,Lates calcarifer,Barramundi(=Giant seaperch),Miscellaneous diadromous fishes,Indian Ocean Eastern,1.428768839,1.59967714,1.673787065,1.769190878,1.914774979,0.123754295,1.678792253,103679.0499,1989,0.287453692,161838.3384,11528.18738,0.143726846,7594,Domestic
Lates_calcarifer-Indian Ocean_Eastern,Lates calcarifer,Barramundi(=Giant seaperch),Miscellaneous diadromous fishes,Indian Ocean Eastern,1.430050021,1.590356124,1.676330027,1.760419712,1.920293459,0.123360559,1.673744083,103679.0499,1990,0.287453692,161838.3384,11528.18738,0.143726846,6926,Domestic
Lates_calcarifer-Indian Ocean_Eastern,Lates calcarifer,Barramundi(=Giant seaperch),Miscellaneous diadromous fishes,Indian Ocean Eastern,1.437183603,1.589839832,1.681736529,1.768996505,1.915361116,0.124794612,1.678073706,103679.0499,1991,0.287453692,161838.3384,11528.18738,0.143726846,6960,Domestic
Lates_calcarifer-Indian Ocean_Eastern,Lates calcarifer,Barramundi(=Giant seaperch),Miscellaneous diadromous fishes,Indian Ocean Eastern,1.410960767,1.573109505,1.664604955,1.752749096,1.910777829,0.127800059,1.663230814,103679.0499,1992,0.287453692,161838.3384,11528.18738,0.143726846,8067,Domestic
Lates_calcarifer-Indian Ocean_Eastern,Lates calcarifer,Barramundi(=Giant seaperch),Miscellaneous diadromous fishes,Indian Ocean Eastern,1.374414545,1.515592236,1.601786859,1.694291402,1.870678514,0.129346223,1.607734708,103679.0499,1993,0.287453692,161838.3384,11528.18738,0.143726846,11839,Domestic
Lates_calcarifer-Indian Ocean_Eastern,Lates calcarifer,Barramundi(=Giant seaperch),Miscellaneous diadromous fishes,Indian Ocean Eastern,1.312229542,1.453711561,1.540367784,1.629359496,1.798808415,0.127426218,1.54546743,103679.0499,1994,0.287453692,161838.3384,11528.18738,0.143726846,13119,Domestic
Lates_calcarifer-Indian Ocean_Eastern,Lates calcarifer,Barramundi(=Giant seaperch),Miscellaneous diadromous fishes,Indian Ocean Eastern,1.288920238,1.418530725,1.496820126,1.586480383,1.754088515,0.121060179,1.506300586,103679.0499,1995,0.287453692,161838.3384,11528.18738,0.143726846,12273,Domestic
Lates_calcarifer-Indian Ocean_Eastern,Lates calcarifer,Barramundi(=Giant seaperch),Miscellaneous diadromous fishes,Indian Ocean Eastern,1.232787247,1.366190638,1.445027041,1.533815789,1.689341018,0.118950442,1.451314974,103679.0499,1996,0.287453692,161838.3384,11528.18738,0.143726846,13989,Domestic
Lates_calcarifer-Indian Ocean_Eastern,Lates calcarifer,Barramundi(=Giant seaperch),Miscellaneous diadromous fishes,Indian Ocean Eastern,1.178649097,1.312608538,1.386153075,1.467214372,1.630124319,0.11635493,1.392125786,103679.0499,1997,0.287453692,161838.3384,11528.18738,0.143726846,14922,Domestic
Lates_calcarifer-Indian Ocean_Eastern,Lates calcarifer,Barramundi(=Giant seaperch),Miscellaneous diadromous fishes,Indian Ocean Eastern,0.983480254,1.101127592,1.170854944,1.250502487,1.395435036,0.10776855,1.176935039,103679.0499,1998,0.287453692,161838.3384,11528.18738,0.143726846,27983,Domestic
Lates_calcarifer-Indian Ocean_Eastern,Lates calcarifer,Barramundi(=Giant seaperch),Miscellaneous diadromous fishes,Indian Ocean Eastern,0.890165761,0.994899,1.064851677,1.139352449,1.274133533,0.103041944,1.068496883,103679.0499,1999,0.287453692,161838.3384,11528.18738,0.143726846,20569,Domestic
Lates_calcarifer-Indian Ocean_Eastern,Lates calcarifer,Barramundi(=Giant seaperch),Miscellaneous diadromous fishes,Indian Ocean Eastern,0.807845876,0.916868378,0.981122475,1.057459957,1.195931344,0.101145477,0.987858511,103679.0499,2000,0.287453692,161838.3384,11528.18738,0.143726846,18487,Domestic
Lates_calcarifer-Indian Ocean_Eastern,Lates calcarifer,Barramundi(=Giant seaperch),Miscellaneous diadromous fishes,Indian Ocean Eastern,0.773012951,0.871098964,0.93678121,1.004455343,1.154222933,0.099798607,0.943503418,103679.0499,2001,0.287453692,161838.3384,11528.18738,0.143726846,15535,Domestic
Lates_calcarifer-Indian Ocean_Eastern,Lates calcarifer,Barramundi(=Giant seaperch),Miscellaneous diadromous fishes,Indian Ocean Eastern,0.71122615,0.807944284,0.86880311,0.94192148,1.099919774,0.098663141,0.879600109,103679.0499,2002,0.287453692,161838.3384,11528.18738,0.143726846,17150,Domestic
Lates_calcarifer-Indian Ocean_Eastern,Lates calcarifer,Barramundi(=Giant seaperch),Miscellaneous diadromous fishes,Indian Ocean Eastern,0.634431707,0.737071356,0.794341354,0.869689292,1.023754097,0.100207442,0.806960278,103679.0499,2003,0.287453692,161838.3384,11528.18738,0.143726846,17333,Domestic
Lates_calcarifer-Indian Ocean_Eastern,Lates calcarifer,Barramundi(=Giant seaperch),Miscellaneous diadromous fishes,Indian Ocean Eastern,0.633976589,0.732206151,0.791228986,0.867065915,1.027051643,0.100531748,0.804605851,103679.0499,2004,0.287453692,161838.3384,11528.18738,0.143726846,11523,Domestic
Lates_calcarifer-Indian Ocean_Eastern,Lates calcarifer,Barramundi(=Giant seaperch),Miscellaneous diadromous fishes,Indian Ocean Eastern,0.63541104,0.727206767,0.786092411,0.85820294,1.018025943,0.099996637,0.798781831,103679.0499,2005,0.287453692,161838.3384,11528.18738,0.143726846,11618,Domestic
Lates_calcarifer-Indian Ocean_Eastern,Lates calcarifer,Barramundi(=Giant seaperch),Miscellaneous diadromous fishes,Indian Ocean Eastern,0.620520528,0.706500073,0.771571377,0.838703468,1.013409157,0.102889685,0.781308169,103679.0499,2006,0.287453692,161838.3384,11528.18738,0.143726846,12620,Domestic
Lates_calcarifer-Indian Ocean_Eastern,Lates calcarifer,Barramundi(=Giant seaperch),Miscellaneous diadromous fishes,Indian Ocean Eastern,0.569163521,0.655042234,0.721351536,0.800626792,0.953558445,0.102921901,0.734604012,103679.0499,2007,0.287453692,161838.3384,11528.18738,0.143726846,14731,Domestic
Lates_calcarifer-Indian Ocean_Eastern,Lates calcarifer,Barramundi(=Giant seaperch),Miscellaneous diadromous fishes,Indian Ocean Eastern,0.533349271,0.624638097,0.699470794,0.772662671,0.941557147,0.104362175,0.705697726,103679.0499,2008,0.287453692,161838.3384,11528.18738,0.143726846,12791,Domestic
Lates_calcarifer-Indian Ocean_Eastern,Lates calcarifer,Barramundi(=Giant seaperch),Miscellaneous diadromous fishes,Indian Ocean Eastern,0.471685004,0.557891404,0.639491863,0.718570737,0.869689496,0.108609991,0.645690264,103679.0499,2009,0.287453692,161838.3384,11528.18738,0.143726846,15098,Domestic
Lates_calcarifer-Indian Ocean_Eastern,Lates calcarifer,Barramundi(=Giant seaperch),Miscellaneous diadromous fishes,Indian Ocean Eastern,0.426396782,0.518007776,0.605120914,0.694764344,0.859118582,0.115656282,0.612497212,103679.0499,2010,0.287453692,161838.3384,11528.18738,0.143726846,12676,Domestic
Lates_calcarifer-Indian Ocean_Eastern,Lates calcarifer,Barramundi(=Giant seaperch),Miscellaneous diadromous fishes,Indian Ocean Eastern,0.37537296,0.470741475,0.569380808,0.665968531,0.824321077,0.124941253,0.576052673,103679.0499,2011,0.287453692,161838.3384,11528.18738,0.143726846,12288,Domestic
Lates_calcarifer-Indian Ocean_Eastern,Lates calcarifer,Barramundi(=Giant seaperch),Miscellaneous diadromous fishes,Indian Ocean Eastern,0.334146888,0.436248453,0.553480359,0.659130716,0.81130793,0.137329171,0.553302895,103679.0499,2012,0.287453692,161838.3384,11528.18738,0.143726846,11027,Domestic
Lates_calcarifer-Indian Ocean_Eastern,Lates calcarifer,Barramundi(=Giant seaperch),Miscellaneous diadromous fishes,Indian Ocean Eastern,0.276171727,0.395305016,0.526545142,0.653437651,0.795634352,0.153324746,0.526051299,103679.0499,2013,0.287453692,161838.3384,11528.18738,0.143726846,11085,Domestic
Lates_calcarifer-Indian Ocean_Eastern,Lates calcarifer,Barramundi(=Giant seaperch),Miscellaneous diadromous fishes,Indian Ocean Eastern,0.210234577,0.355518991,0.506835015,0.656988016,0.792739758,0.174008901,0.503747213,103679.0499,2014,0.287453692,161838.3384,11528.18738,0.143726846,10512,Domestic
Lates_calcarifer-Indian Ocean_Eastern,Lates calcarifer,Barramundi(=Giant seaperch),Miscellaneous diadromous fishes,Indian Ocean Eastern,0.124570022,0.294715773,0.47403335,0.645731718,0.778502389,0.198904435,0.467561658,103679.0499,2015,0.287453692,161838.3384,11528.18738,0.143726846,11149,Domestic
Lates_calcarifer-Indian Ocean_Eastern,Lates calcarifer,Barramundi(=Giant seaperch),Miscellaneous diadromous fishes,Indian Ocean Eastern,0.039135493,0.245666483,0.451914047,0.648714837,0.785331037,0.228825448,0.443458402,103679.0499,2016,0.287453692,161838.3384,11528.18738,0.143726846,9531,Domestic
Lates_calcarifer-Pacific_Western Central,Lates calcarifer,Barramundi(=Giant seaperch),Miscellaneous diadromous fishes,Pacific Western Central,1.048049678,1.251800022,1.415793533,1.582659191,1.829637056,0.219299956,1.422793416,476912.007,1950,0.347484942,738553.9752,62675.60701,0.173742471,800,Domestic
Lates_calcarifer-Pacific_Western Central,Lates calcarifer,Barramundi(=Giant seaperch),Miscellaneous diadromous fishes,Pacific Western Central,1.161709626,1.385767391,1.528217663,1.675394216,1.898139851,0.200999403,1.53290816,476912.007,1951,0.347484942,738553.9752,62675.60701,0.173742471,4100,Domestic
Lates_calcarifer-Pacific_Western Central,Lates calcarifer,Barramundi(=Giant seaperch),Miscellaneous diadromous fishes,Pacific Western Central,1.246327073,1.481004143,1.621781041,1.759286826,1.936760243,0.191264369,1.616846396,476912.007,1952,0.347484942,738553.9752,62675.60701,0.173742471,4600,Domestic
Lates_calcarifer-Pacific_Western Central,Lates calcarifer,Barramundi(=Giant seaperch),Miscellaneous diadromous fishes,Pacific Western Central,1.293406303,1.544967072,1.680469189,1.796521594,1.93124912,0.169145789,1.66493202,476912.007,1953,0.347484942,738553.9752,62675.60701,0.173742471,4900,Domestic
Lates_calcarifer-Pacific_Western Central,Lates calcarifer,Barramundi(=Giant seaperch),Miscellaneous diadromous fishes,Pacific Western Central,1.406916403,1.608524033,1.716474279,1.824730729,1.954324749,0.144293239,1.713409067,476912.007,1954,0.347484942,738553.9752,62675.60701,0.173742471,5200,Domestic
Lates_calcarifer-Pacific_Western Central,Lates calcarifer,Barramundi(=Giant seaperch),Miscellaneous diadromous fishes,Pacific Western Central,1.503465243,1.66483587,1.749753969,1.833156602,1.96228156,0.123050315,1.746644129,476912.007,1955,0.347484942,738553.9752,62675.60701,0.173742471,5300,Domestic
Lates_calcarifer-Pacific_Western Central,Lates calcarifer,Barramundi(=Giant seaperch),Miscellaneous diadromous fishes,Pacific Western Central,1.566484663,1.712180702,1.793055725,1.868818511,1.967194367,0.108674191,1.786024029,476912.007,1956,0.347484942,738553.9752,62675.60701,0.173742471,5400,Domestic
Lates_calcarifer-Pacific_Western Central,Lates calcarifer,Barramundi(=Giant seaperch),Miscellaneous diadromous fishes,Pacific Western Central,1.608467465,1.717633314,1.801072313,1.875601684,1.981563788,0.101454648,1.79770349,476912.007,1957,0.347484942,738553.9752,62675.60701,0.173742471,5300,Domestic
Lates_calcarifer-Pacific_Western Central,Lates calcarifer,Barramundi(=Giant seaperch),Miscellaneous diadromous fishes,Pacific Western Central,1.611889022,1.74002226,1.815463882,1.883579944,1.985476818,0.100052861,1.809968113,476912.007,1958,0.347484942,738553.9752,62675.60701,0.173742471,5400,Domestic
Lates_calcarifer-Pacific_Western Central,Lates calcarifer,Barramundi(=Giant seaperch),Miscellaneous diadromous fishes,Pacific Western Central,1.63232933,1.761034934,1.830420114,1.892789783,1.981492554,0.095992735,1.820598554,476912.007,1959,0.347484942,738553.9752,62675.60701,0.173742471,5300,Domestic
Lates_calcarifer-Pacific_Western Central,Lates calcarifer,Barramundi(=Giant seaperch),Miscellaneous diadromous fishes,Pacific Western Central,1.607578735,1.753227787,1.822043834,1.8876319,1.978058256,0.097562205,1.816934579,476912.007,1960,0.347484942,738553.9752,62675.60701,0.173742471,5400,Domestic
Lates_calcarifer-Pacific_Western Central,Lates calcarifer,Barramundi(=Giant seaperch),Miscellaneous diadromous fishes,Pacific Western Central,1.634380512,1.770599377,1.835426958,1.904339091,1.983721535,0.098407644,1.827329158,476912.007,1961,0.347484942,738553.9752,62675.60701,0.173742471,6800,Domestic
Lates_calcarifer-Pacific_Western Central,Lates calcarifer,Barramundi(=Giant seaperch),Miscellaneous diadromous fishes,Pacific Western Central,1.613076522,1.742114625,1.837446587,1.906954999,1.989264853,0.106074994,1.820474375,476912.007,1962,0.347484942,738553.9752,62675.60701,0.173742471,7100,Domestic
Lates_calcarifer-Pacific_Western Central,Lates calcarifer,Barramundi(=Giant seaperch),Miscellaneous diadromous fishes,Pacific Western Central,1.60614564,1.751247784,1.825449893,1.901787941,1.985466551,0.100579121,1.822257444,476912.007,1963,0.347484942,738553.9752,62675.60701,0.173742471,7300,Domestic
Lates_calcarifer-Pacific_Western Central,Lates calcarifer,Barramundi(=Giant seaperch),Miscellaneous diadromous fishes,Pacific Western Central,1.615269336,1.749442341,1.833418285,1.899860168,1.980269778,0.100873983,1.821269651,476912.007,1964,0.347484942,738553.9752,62675.60701,0.173742471,7700,Domestic
Lates_calcarifer-Pacific_Western Central,Lates calcarifer,Barramundi(=Giant seaperch),Miscellaneous diadromous fishes,Pacific Western Central,1.639852852,1.75170861,1.821078367,1.890484175,1.980420812,0.095019494,1.819287982,476912.007,1965,0.347484942,738553.9752,62675.60701,0.173742471,8800,Domestic
Lates_calcarifer-Pacific_Western Central,Lates calcarifer,Barramundi(=Giant seaperch),Miscellaneous diadromous fishes,Pacific Western Central,1.63504087,1.761959984,1.823969032,1.888335515,1.980743816,0.09134913,1.820426997,476912.007,1966,0.347484942,738553.9752,62675.60701,0.173742471,9500,Domestic
Lates_calcarifer-Pacific_Western Central,Lates calcarifer,Barramundi(=Giant seaperch),Miscellaneous diadromous fishes,Pacific Western Central,1.58551286,1.754069156,1.835307896,1.893410506,1.979944802,0.103593331,1.819687293,476912.007,1967,0.347484942,738553.9752,62675.60701,0.173742471,9200,Domestic
Lates_calcarifer-Pacific_Western Central,Lates calcarifer,Barramundi(=Giant seaperch),Miscellaneous diadromous fishes,Pacific Western Central,1.590213218,1.748108069,1.815091184,1.894593824,1.965643629,0.103043884,1.809113272,476912.007,1968,0.347484942,738553.9752,62675.60701,0.173742471,9800,Domestic
Lates_calcarifer-Pacific_Western Central,Lates calcarifer,Barramundi(=Giant seaperch),Miscellaneous diadromous fishes,Pacific Western Central,1.600835902,1.74024975,1.808991076,1.870555557,1.976205351,0.100807378,1.802709899,476912.007,1969,0.347484942,738553.9752,62675.60701,0.173742471,10600,Domestic
Lates_calcarifer-Pacific_Western Central,Lates calcarifer,Barramundi(=Giant seaperch),Miscellaneous diadromous fishes,Pacific Western Central,1.594123233,1.738474433,1.810779999,1.874933148,1.989038308,0.100670615,1.803529354,476912.007,1970,0.347484942,738553.9752,62675.60701,0.173742471,8600,Domestic
Lates_calcarifer-Pacific_Western Central,Lates calcarifer,Barramundi(=Giant seaperch),Miscellaneous diadromous fishes,Pacific Western Central,1.592080428,1.745059016,1.814048545,1.875800819,1.973614904,0.096601853,1.806589411,476912.007,1971,0.347484942,738553.9752,62675.60701,0.173742471,8694,Domestic
Lates_calcarifer-Pacific_Western Central,Lates calcarifer,Barramundi(=Giant seaperch),Miscellaneous diadromous fishes,Pacific Western Central,1.606608387,1.73851065,1.815755726,1.878143363,1.986269566,0.098223323,1.808032599,476912.007,1972,0.347484942,738553.9752,62675.60701,0.173742471,10141,Domestic
Lates_calcarifer-Pacific_Western Central,Lates calcarifer,Barramundi(=Giant seaperch),Miscellaneous diadromous fishes,Pacific Western Central,1.557359131,1.742853236,1.809744667,1.863195354,1.961116832,0.099752539,1.798291104,476912.007,1973,0.347484942,738553.9752,62675.60701,0.173742471,14884,Domestic
Lates_calcarifer-Pacific_Western Central,Lates calcarifer,Barramundi(=Giant seaperch),Miscellaneous diadromous fishes,Pacific Western Central,1.54646324,1.7186901,1.793701485,1.86759056,1.976256898,0.111442314,1.788359884,476912.007,1974,0.347484942,738553.9752,62675.60701,0.173742471,16267,Domestic
Lates_calcarifer-Pacific_Western Central,Lates calcarifer,Barramundi(=Giant seaperch),Miscellaneous diadromous fishes,Pacific Western Central,1.564228697,1.726385093,1.809130775,1.873783702,1.978720027,0.109564387,1.795136022,476912.007,1975,0.347484942,738553.9752,62675.60701,0.173742471,9200,Domestic
Lates_calcarifer-Pacific_Western Central,Lates calcarifer,Barramundi(=Giant seaperch),Miscellaneous diadromous fishes,Pacific Western Central,1.58071779,1.728388799,1.798898044,1.865862214,1.986065452,0.106602756,1.794959694,476912.007,1976,0.347484942,738553.9752,62675.60701,0.173742471,10217,Domestic
Lates_calcarifer-Pacific_Western Central,Lates calcarifer,Barramundi(=Giant seaperch),Miscellaneous diadromous fishes,Pacific Western Central,1.597996973,1.724393624,1.804712805,1.867052956,1.967384875,0.102971884,1.794965161,476912.007,1977,0.347484942,738553.9752,62675.60701,0.173742471,8053,Domestic
Lates_calcarifer-Pacific_Western Central,Lates calcarifer,Barramundi(=Giant seaperch),Miscellaneous diadromous fishes,Pacific Western Central,1.601795381,1.715002796,1.794351095,1.883577717,1.980041935,0.105814384,1.796012316,476912.007,1978,0.347484942,738553.9752,62675.60701,0.173742471,8956,Domestic
Lates_calcarifer-Pacific_Western Central,Lates calcarifer,Barramundi(=Giant seaperch),Miscellaneous diadromous fishes,Pacific Western Central,1.594825732,1.720906958,1.802795446,1.880927814,1.967364178,0.101609131,1.796489623,476912.007,1979,0.347484942,738553.9752,62675.60701,0.173742471,7933,Domestic
Lates_calcarifer-Pacific_Western Central,Lates calcarifer,Barramundi(=Giant seaperch),Miscellaneous diadromous fishes,Pacific Western Central,1.621652475,1.743976929,1.818479683,1.882181464,1.967543696,0.093221265,1.809010903,476912.007,1980,0.347484942,738553.9752,62675.60701,0.173742471,7687,Domestic
Lates_calcarifer-Pacific_Western Central,Lates calcarifer,Barramundi(=Giant seaperch),Miscellaneous diadromous fishes,Pacific Western Central,1.603536194,1.734308217,1.819403605,1.888734374,1.973045269,0.101811102,1.809672881,476912.007,1981,0.347484942,738553.9752,62675.60701,0.173742471,8977,Domestic
Lates_calcarifer-Pacific_Western Central,Lates calcarifer,Barramundi(=Giant seaperch),Miscellaneous diadromous fishes,Pacific Western Central,1.595582701,1.733949969,1.826351742,1.88865513,1.986526958,0.105256789,1.811300351,476912.007,1982,0.347484942,738553.9752,62675.60701,0.173742471,9117,Domestic
Lates_calcarifer-Pacific_Western Central,Lates calcarifer,Barramundi(=Giant seaperch),Miscellaneous diadromous fishes,Pacific Western Central,1.614527587,1.733256284,1.807367633,1.871694468,1.95096132,0.093867273,1.799583383,476912.007,1983,0.347484942,738553.9752,62675.60701,0.173742471,11686,Domestic
Lates_calcarifer-Pacific_Western Central,Lates calcarifer,Barramundi(=Giant seaperch),Miscellaneous diadromous fishes,Pacific Western Central,1.593231253,1.747707181,1.816292175,1.87986133,1.985050776,0.099124864,1.80887653,476912.007,1984,0.347484942,738553.9752,62675.60701,0.173742471,8897,Domestic
Lates_calcarifer-Pacific_Western Central,Lates calcarifer,Barramundi(=Giant seaperch),Miscellaneous diadromous fishes,Pacific Western Central,1.587798003,1.748869401,1.810338344,1.875191181,1.968422458,0.096601159,1.806813164,476912.007,1985,0.347484942,738553.9752,62675.60701,0.173742471,9469,Domestic
Lates_calcarifer-Pacific_Western Central,Lates calcarifer,Barramundi(=Giant seaperch),Miscellaneous diadromous fishes,Pacific Western Central,1.619157617,1.728269981,1.804429823,1.875381665,1.966739245,0.098510864,1.800851237,476912.007,1986,0.347484942,738553.9752,62675.60701,0.173742471,11843,Domestic
Lates_calcarifer-Pacific_Western Central,Lates calcarifer,Barramundi(=Giant seaperch),Miscellaneous diadromous fishes,Pacific Western Central,1.605505766,1.72802796,1.805133165,1.867169539,1.962527651,0.097681924,1.79840701,476912.007,1987,0.347484942,738553.9752,62675.60701,0.173742471,12220,Domestic
Lates_calcarifer-Pacific_Western Central,Lates calcarifer,Barramundi(=Giant seaperch),Miscellaneous diadromous fishes,Pacific Western Central,1.601640538,1.740018784,1.815587384,1.888878119,1.974763408,0.099816368,1.808257734,476912.007,1988,0.347484942,738553.9752,62675.60701,0.173742471,13095,Domestic
Lates_calcarifer-Pacific_Western Central,Lates calcarifer,Barramundi(=Giant seaperch),Miscellaneous diadromous fishes,Pacific Western Central,1.574050079,1.713748385,1.805446545,1.891274695,1.980380132,0.111242283,1.798922648,476912.007,1989,0.347484942,738553.9752,62675.60701,0.173742471,18733,Domestic
Lates_calcarifer-Pacific_Western Central,Lates calcarifer,Barramundi(=Giant seaperch),Miscellaneous diadromous fishes,Pacific Western Central,1.579319048,1.729149524,1.797343853,1.858812869,1.966849401,0.101626237,1.790216185,476912.007,1990,0.347484942,738553.9752,62675.60701,0.173742471,20257,Domestic
Lates_calcarifer-Pacific_Western Central,Lates calcarifer,Barramundi(=Giant seaperch),Miscellaneous diadromous fishes,Pacific Western Central,1.568516552,1.715609982,1.798655161,1.872748108,1.964798036,0.110032127,1.791118636,476912.007,1991,0.347484942,738553.9752,62675.60701,0.173742471,18623,Domestic
Lates_calcarifer-Pacific_Western Central,Lates calcarifer,Barramundi(=Giant seaperch),Miscellaneous diadromous fishes,Pacific Western Central,1.551000498,1.696306522,1.77540912,1.852875034,1.961282689,0.111866712,1.77067455,476912.007,1992,0.347484942,738553.9752,62675.60701,0.173742471,23386,Domestic
Lates_calcarifer-Pacific_Western Central,Lates calcarifer,Barramundi(=Giant seaperch),Miscellaneous diadromous fishes,Pacific Western Central,1.522058744,1.681903877,1.754152113,1.825542287,1.939530174,0.102772327,1.755001708,476912.007,1993,0.347484942,738553.9752,62675.60701,0.173742471,30593,Domestic
Lates_calcarifer-Pacific_Western Central,Lates calcarifer,Barramundi(=Giant seaperch),Miscellaneous diadromous fishes,Pacific Western Central,1.524590145,1.668394417,1.733643458,1.799350334,1.921278187,0.10273021,1.729893758,476912.007,1994,0.347484942,738553.9752,62675.60701,0.173742471,33124,Domestic
Lates_calcarifer-Pacific_Western Central,Lates calcarifer,Barramundi(=Giant seaperch),Miscellaneous diadromous fishes,Pacific Western Central,1.483523173,1.625055206,1.696166601,1.778341092,1.940989433,0.117694143,1.700414169,476912.007,1995,0.347484942,738553.9752,62675.60701,0.173742471,40654,Domestic
Lates_calcarifer-Pacific_Western Central,Lates calcarifer,Barramundi(=Giant seaperch),Miscellaneous diadromous fishes,Pacific Western Central,1.438448805,1.584927261,1.68095442,1.752557482,1.956411141,0.128639418,1.675527431,476912.007,1996,0.347484942,738553.9752,62675.60701,0.173742471,40600,Domestic
Lates_calcarifer-Pacific_Western Central,Lates calcarifer,Barramundi(=Giant seaperch),Miscellaneous diadromous fishes,Pacific Western Central,1.403595793,1.55987696,1.64680839,1.726559324,1.876503598,0.12529752,1.643573612,476912.007,1997,0.347484942,738553.9752,62675.60701,0.173742471,43895,Domestic
Lates_calcarifer-Pacific_Western Central,Lates calcarifer,Barramundi(=Giant seaperch),Miscellaneous diadromous fishes,Pacific Western Central,1.394249285,1.549168858,1.637259835,1.725636118,1.842699711,0.126749366,1.631694151,476912.007,1998,0.347484942,738553.9752,62675.60701,0.173742471,42184,Domestic
Lates_calcarifer-Pacific_Western Central,Lates calcarifer,Barramundi(=Giant seaperch),Miscellaneous diadromous fishes,Pacific Western Central,1.35930977,1.526908948,1.605678712,1.697841013,1.830489485,0.120919773,1.607330465,476912.007,1999,0.347484942,738553.9752,62675.60701,0.173742471,48747,Domestic
Lates_calcarifer-Pacific_Western Central,Lates calcarifer,Barramundi(=Giant seaperch),Miscellaneous diadromous fishes,Pacific Western Central,1.317888191,1.491026144,1.564272313,1.651106518,1.795906058,0.121138727,1.569159299,476912.007,2000,0.347484942,738553.9752,62675.60701,0.173742471,55369,Domestic
Lates_calcarifer-Pacific_Western Central,Lates calcarifer,Barramundi(=Giant seaperch),Miscellaneous diadromous fishes,Pacific Western Central,1.347011514,1.472715254,1.546256378,1.643777754,1.808646655,0.122381997,1.558254268,476912.007,2001,0.347484942,738553.9752,62675.60701,0.173742471,52751,Domestic
Lates_calcarifer-Pacific_Western Central,Lates calcarifer,Barramundi(=Giant seaperch),Miscellaneous diadromous fishes,Pacific Western Central,1.324035511,1.441813708,1.519700552,1.612348045,1.835105435,0.128718234,1.531788249,476912.007,2002,0.347484942,738553.9752,62675.60701,0.173742471,54415,Domestic
Lates_calcarifer-Pacific_Western Central,Lates calcarifer,Barramundi(=Giant seaperch),Miscellaneous diadromous fishes,Pacific Western Central,1.279800717,1.413052964,1.512863472,1.584825458,1.774649188,0.127030978,1.508038568,476912.007,2003,0.347484942,738553.9752,62675.60701,0.173742471,52968,Domestic
Lates_calcarifer-Pacific_Western Central,Lates calcarifer,Barramundi(=Giant seaperch),Miscellaneous diadromous fishes,Pacific Western Central,1.27722367,1.414327945,1.517894215,1.598185779,1.786178075,0.135186568,1.516386255,476912.007,2004,0.347484942,738553.9752,62675.60701,0.173742471,48730,Domestic
Lates_calcarifer-Pacific_Western Central,Lates calcarifer,Barramundi(=Giant seaperch),Miscellaneous diadromous fishes,Pacific Western Central,1.251704159,1.391803688,1.490144573,1.578836831,1.759891152,0.131172803,1.486511583,476912.007,2005,0.347484942,738553.9752,62675.60701,0.173742471,60192,Domestic
Lates_calcarifer-Pacific_Western Central,Lates calcarifer,Barramundi(=Giant seaperch),Miscellaneous diadromous fishes,Pacific Western Central,1.195809462,1.337332746,1.417868971,1.508911094,1.698959991,0.130461973,1.428077109,476912.007,2006,0.347484942,738553.9752,62675.60701,0.173742471,72613,Domestic
Lates_calcarifer-Pacific_Western Central,Lates calcarifer,Barramundi(=Giant seaperch),Miscellaneous diadromous fishes,Pacific Western Central,1.141868065,1.263491554,1.362128724,1.447214428,1.601925717,0.123263498,1.356406475,476912.007,2007,0.347484942,738553.9752,62675.60701,0.173742471,80153,Domestic
Lates_calcarifer-Pacific_Western Central,Lates calcarifer,Barramundi(=Giant seaperch),Miscellaneous diadromous fishes,Pacific Western Central,1.090814842,1.241150226,1.337998982,1.419777902,1.57507395,0.128870138,1.333067924,476912.007,2008,0.347484942,738553.9752,62675.60701,0.173742471,67935,Domestic
Lates_calcarifer-Pacific_Western Central,Lates calcarifer,Barramundi(=Giant seaperch),Miscellaneous diadromous fishes,Pacific Western Central,1.041487383,1.200231398,1.287955664,1.391588335,1.545565963,0.132926314,1.293728375,476912.007,2009,0.347484942,738553.9752,62675.60701,0.173742471,75307,Domestic
Lates_calcarifer-Pacific_Western Central,Lates calcarifer,Barramundi(=Giant seaperch),Miscellaneous diadromous fishes,Pacific Western Central,0.974305311,1.122425876,1.222888865,1.305648414,1.477609382,0.132927412,1.220567033,476912.007,2010,0.347484942,738553.9752,62675.60701,0.173742471,88949,Domestic
Lates_calcarifer-Pacific_Western Central,Lates calcarifer,Barramundi(=Giant seaperch),Miscellaneous diadromous fishes,Pacific Western Central,0.951412608,1.066056975,1.160661935,1.244688189,1.435617081,0.129632491,1.162591348,476912.007,2011,0.347484942,738553.9752,62675.60701,0.173742471,82093,Domestic
Lates_calcarifer-Pacific_Western Central,Lates calcarifer,Barramundi(=Giant seaperch),Miscellaneous diadromous fishes,Pacific Western Central,0.888948289,1.020668703,1.089828088,1.2021122,1.404303617,0.132981135,1.112442264,476912.007,2012,0.347484942,738553.9752,62675.60701,0.173742471,81956,Domestic
Lates_calcarifer-Pacific_Western Central,Lates calcarifer,Barramundi(=Giant seaperch),Miscellaneous diadromous fishes,Pacific Western Central,0.835738377,0.928516012,1.022591071,1.128718249,1.36657477,0.14315558,1.041979695,476912.007,2013,0.347484942,738553.9752,62675.60701,0.173742471,89780,Domestic
Lates_calcarifer-Pacific_Western Central,Lates calcarifer,Barramundi(=Giant seaperch),Miscellaneous diadromous fishes,Pacific Western Central,0.747007665,0.836698763,0.936317507,1.065992362,1.307966643,0.154809303,0.961789216,476912.007,2014,0.347484942,738553.9752,62675.60701,0.173742471,91539,Domestic
Lates_calcarifer-Pacific_Western Central,Lates calcarifer,Barramundi(=Giant seaperch),Miscellaneous diadromous fishes,Pacific Western Central,0.667833909,0.761020353,0.861945133,1.023990163,1.237183935,0.169564467,0.896529783,476912.007,2015,0.347484942,738553.9752,62675.60701,0.173742471,87187,Domestic
Lates_calcarifer-Pacific_Western Central,Lates calcarifer,Barramundi(=Giant seaperch),Miscellaneous diadromous fishes,Pacific Western Central,0.613586725,0.690048735,0.823722687,1.008021094,1.246323189,0.186238503,0.853366684,476912.007,2016,0.347484942,738553.9752,62675.60701,0.173742471,75467,Domestic
Lutjanus_argentimaculatus-Indian Ocean_Eastern,Lutjanus argentimaculatus,Mangrove red snapper,Miscellaneous coastal fishes,Indian Ocean Eastern,0.939028713,1.125688757,1.290907632,1.489546503,1.811750445,0.241297535,1.319174047,21034.23059,1950,0.160046493,32875.71264,1277.088645,0.080023247,400,CBA
Lutjanus_argentimaculatus-Indian Ocean_Eastern,Lutjanus argentimaculatus,Mangrove red snapper,Miscellaneous coastal fishes,Indian Ocean Eastern,0.977443381,1.184309853,1.350998601,1.536962097,1.842854206,0.235239549,1.36871259,21034.23059,1951,0.160046493,32875.71264,1277.088645,0.080023247,200,CBA
Lutjanus_argentimaculatus-Indian Ocean_Eastern,Lutjanus argentimaculatus,Mangrove red snapper,Miscellaneous coastal fishes,Indian Ocean Eastern,1.013747924,1.239566265,1.399741164,1.584317513,1.865860874,0.229082081,1.416376013,21034.23059,1952,0.160046493,32875.71264,1277.088645,0.080023247,200,CBA
Lutjanus_argentimaculatus-Indian Ocean_Eastern,Lutjanus argentimaculatus,Mangrove red snapper,Miscellaneous coastal fishes,Indian Ocean Eastern,1.066959046,1.295864594,1.45280134,1.62372841,1.874790319,0.219584879,1.461105314,21034.23059,1953,0.160046493,32875.71264,1277.088645,0.080023247,200,CBA
Lutjanus_argentimaculatus-Indian Ocean_Eastern,Lutjanus argentimaculatus,Mangrove red snapper,Miscellaneous coastal fishes,Indian Ocean Eastern,1.109285501,1.34570714,1.495623138,1.65657595,1.904029993,0.212222576,1.500019967,21034.23059,1954,0.160046493,32875.71264,1277.088645,0.080023247,200,CBA
Lutjanus_argentimaculatus-Indian Ocean_Eastern,Lutjanus argentimaculatus,Mangrove red snapper,Miscellaneous coastal fishes,Indian Ocean Eastern,1.153510049,1.39198872,1.535065968,1.681655176,1.904533636,0.20099248,1.53314141,21034.23059,1955,0.160046493,32875.71264,1277.088645,0.080023247,200,CBA
Lutjanus_argentimaculatus-Indian Ocean_Eastern,Lutjanus argentimaculatus,Mangrove red snapper,Miscellaneous coastal fishes,Indian Ocean Eastern,1.183349895,1.433325115,1.566260208,1.706007166,1.909343758,0.192720257,1.56376976,21034.23059,1956,0.160046493,32875.71264,1277.088645,0.080023247,200,CBA
Lutjanus_argentimaculatus-Indian Ocean_Eastern,Lutjanus argentimaculatus,Mangrove red snapper,Miscellaneous coastal fishes,Indian Ocean Eastern,1.223258921,1.470828113,1.595667575,1.730292577,1.920014389,0.184086009,1.591788914,21034.23059,1957,0.160046493,32875.71264,1277.088645,0.080023247,200,CBA
Lutjanus_argentimaculatus-Indian Ocean_Eastern,Lutjanus argentimaculatus,Mangrove red snapper,Miscellaneous coastal fishes,Indian Ocean Eastern,1.242284347,1.501961535,1.626293342,1.750831154,1.924828609,0.177512033,1.618837843,21034.23059,1958,0.160046493,32875.71264,1277.088645,0.080023247,200,CBA
Lutjanus_argentimaculatus-Indian Ocean_Eastern,Lutjanus argentimaculatus,Mangrove red snapper,Miscellaneous coastal fishes,Indian Ocean Eastern,1.274470689,1.529189593,1.652744543,1.767550176,1.938657112,0.171821618,1.64164827,21034.23059,1959,0.160046493,32875.71264,1277.088645,0.080023247,200,CBA
Lutjanus_argentimaculatus-Indian Ocean_Eastern,Lutjanus argentimaculatus,Mangrove red snapper,Miscellaneous coastal fishes,Indian Ocean Eastern,1.303042659,1.554001516,1.671314961,1.787509432,1.941151302,0.167206453,1.660709101,21034.23059,1960,0.160046493,32875.71264,1277.088645,0.080023247,200,CBA
Lutjanus_argentimaculatus-Indian Ocean_Eastern,Lutjanus argentimaculatus,Mangrove red snapper,Miscellaneous coastal fishes,Indian Ocean Eastern,1.30380143,1.577119367,1.693426683,1.802308199,1.949321336,0.164393337,1.679941354,21034.23059,1961,0.160046493,32875.71264,1277.088645,0.080023247,200,CBA
Lutjanus_argentimaculatus-Indian Ocean_Eastern,Lutjanus argentimaculatus,Mangrove red snapper,Miscellaneous coastal fishes,Indian Ocean Eastern,1.333648431,1.585331893,1.701034893,1.803133956,1.948540576,0.158368617,1.685327504,21034.23059,1962,0.160046493,32875.71264,1277.088645,0.080023247,400,CBA
Lutjanus_argentimaculatus-Indian Ocean_Eastern,Lutjanus argentimaculatus,Mangrove red snapper,Miscellaneous coastal fishes,Indian Ocean Eastern,1.354027414,1.594940331,1.708922264,1.805876831,1.951332028,0.155561427,1.693626995,21034.23059,1963,0.160046493,32875.71264,1277.088645,0.080023247,400,CBA
Lutjanus_argentimaculatus-Indian Ocean_Eastern,Lutjanus argentimaculatus,Mangrove red snapper,Miscellaneous coastal fishes,Indian Ocean Eastern,1.349998852,1.586418764,1.696134862,1.796334737,1.9425522,0.153917969,1.682208779,21034.23059,1964,0.160046493,32875.71264,1277.088645,0.080023247,800,CBA
Lutjanus_argentimaculatus-Indian Ocean_Eastern,Lutjanus argentimaculatus,Mangrove red snapper,Miscellaneous coastal fishes,Indian Ocean Eastern,1.320065751,1.547873098,1.652606412,1.759807457,1.916477473,0.154347626,1.64793297,21034.23059,1965,0.160046493,32875.71264,1277.088645,0.080023247,1200,CBA
Lutjanus_argentimaculatus-Indian Ocean_Eastern,Lutjanus argentimaculatus,Mangrove red snapper,Miscellaneous coastal fishes,Indian Ocean Eastern,1.308044065,1.525111166,1.635305045,1.739460217,1.909771079,0.154901685,1.628849069,21034.23059,1966,0.160046493,32875.71264,1277.088645,0.080023247,1000,CBA
Lutjanus_argentimaculatus-Indian Ocean_Eastern,Lutjanus argentimaculatus,Mangrove red snapper,Miscellaneous coastal fishes,Indian Ocean Eastern,1.300245379,1.512938657,1.61826675,1.724519413,1.915182261,0.155802307,1.616411042,21034.23059,1967,0.160046493,32875.71264,1277.088645,0.080023247,900,CBA
Lutjanus_argentimaculatus-Indian Ocean_Eastern,Lutjanus argentimaculatus,Mangrove red snapper,Miscellaneous coastal fishes,Indian Ocean Eastern,1.284023744,1.507382429,1.614216046,1.724120014,1.902672108,0.154857682,1.613043534,21034.23059,1968,0.160046493,32875.71264,1277.088645,0.080023247,800,CBA
Lutjanus_argentimaculatus-Indian Ocean_Eastern,Lutjanus argentimaculatus,Mangrove red snapper,Miscellaneous coastal fishes,Indian Ocean Eastern,1.292734339,1.517904986,1.621497766,1.724609502,1.905570309,0.153325838,1.617341954,21034.23059,1969,0.160046493,32875.71264,1277.088645,0.080023247,700,CBA
Lutjanus_argentimaculatus-Indian Ocean_Eastern,Lutjanus argentimaculatus,Mangrove red snapper,Miscellaneous coastal fishes,Indian Ocean Eastern,1.321617913,1.531862433,1.637088547,1.740244632,1.909218951,0.151840164,1.631959326,21034.23059,1970,0.160046493,32875.71264,1277.088645,0.080023247,500,CBA
Lutjanus_argentimaculatus-Indian Ocean_Eastern,Lutjanus argentimaculatus,Mangrove red snapper,Miscellaneous coastal fishes,Indian Ocean Eastern,1.333340208,1.54376019,1.651997132,1.753580793,1.913618787,0.149979036,1.64615557,21034.23059,1971,0.160046493,32875.71264,1277.088645,0.080023247,500,CBA
Lutjanus_argentimaculatus-Indian Ocean_Eastern,Lutjanus argentimaculatus,Mangrove red snapper,Miscellaneous coastal fishes,Indian Ocean Eastern,1.331549417,1.549668976,1.654989738,1.759941924,1.931706328,0.151188199,1.652069233,21034.23059,1972,0.160046493,32875.71264,1277.088645,0.080023247,660,CBA
Lutjanus_argentimaculatus-Indian Ocean_Eastern,Lutjanus argentimaculatus,Mangrove red snapper,Miscellaneous coastal fishes,Indian Ocean Eastern,1.359037565,1.552879511,1.660052052,1.762160948,1.927815275,0.149589583,1.655332535,21034.23059,1973,0.160046493,32875.71264,1277.088645,0.080023247,750,CBA
Lutjanus_argentimaculatus-Indian Ocean_Eastern,Lutjanus argentimaculatus,Mangrove red snapper,Miscellaneous coastal fishes,Indian Ocean Eastern,1.380681019,1.569130712,1.679328223,1.770247809,1.929056105,0.145540554,1.667647172,21034.23059,1974,0.160046493,32875.71264,1277.088645,0.080023247,585,CBA
Lutjanus_argentimaculatus-Indian Ocean_Eastern,Lutjanus argentimaculatus,Mangrove red snapper,Miscellaneous coastal fishes,Indian Ocean Eastern,1.386926826,1.578715591,1.682068348,1.782223289,1.937585902,0.143487602,1.676031722,21034.23059,1975,0.160046493,32875.71264,1277.088645,0.080023247,632,CBA
Lutjanus_argentimaculatus-Indian Ocean_Eastern,Lutjanus argentimaculatus,Mangrove red snapper,Miscellaneous coastal fishes,Indian Ocean Eastern,1.398119932,1.59753066,1.704071969,1.791470261,1.941463582,0.139992869,1.69307762,21034.23059,1976,0.160046493,32875.71264,1277.088645,0.080023247,476,CBA
Lutjanus_argentimaculatus-Indian Ocean_Eastern,Lutjanus argentimaculatus,Mangrove red snapper,Miscellaneous coastal fishes,Indian Ocean Eastern,1.412501428,1.602501029,1.704663498,1.799069302,1.952792276,0.138730855,1.698207289,21034.23059,1977,0.160046493,32875.71264,1277.088645,0.080023247,698,CBA
Lutjanus_argentimaculatus-Indian Ocean_Eastern,Lutjanus argentimaculatus,Mangrove red snapper,Miscellaneous coastal fishes,Indian Ocean Eastern,1.399960676,1.594556766,1.687731108,1.784015559,1.945858413,0.137891337,1.686620156,21034.23059,1978,0.160046493,32875.71264,1277.088645,0.080023247,996,CBA
Lutjanus_argentimaculatus-Indian Ocean_Eastern,Lutjanus argentimaculatus,Mangrove red snapper,Miscellaneous coastal fishes,Indian Ocean Eastern,1.219065682,1.378454656,1.466210254,1.559451821,1.750785197,0.133655311,1.470519378,21034.23059,1979,0.160046493,32875.71264,1277.088645,0.080023247,4316,CBA
Lutjanus_argentimaculatus-Indian Ocean_Eastern,Lutjanus argentimaculatus,Mangrove red snapper,Miscellaneous coastal fishes,Indian Ocean Eastern,1.150242785,1.302794309,1.391731107,1.47970269,1.666627379,0.133615784,1.395093251,21034.23059,1980,0.160046493,32875.71264,1277.088645,0.080023247,2431,CBA
Lutjanus_argentimaculatus-Indian Ocean_Eastern,Lutjanus argentimaculatus,Mangrove red snapper,Miscellaneous coastal fishes,Indian Ocean Eastern,1.110156475,1.263102036,1.348268766,1.435013279,1.628627093,0.131505979,1.353428866,21034.23059,1981,0.160046493,32875.71264,1277.088645,0.080023247,1921,CBA
Lutjanus_argentimaculatus-Indian Ocean_Eastern,Lutjanus argentimaculatus,Mangrove red snapper,Miscellaneous coastal fishes,Indian Ocean Eastern,1.040772204,1.184944968,1.270960005,1.359623302,1.552572274,0.130071207,1.276528831,21034.23059,1982,0.160046493,32875.71264,1277.088645,0.080023247,2528,CBA
Lutjanus_argentimaculatus-Indian Ocean_Eastern,Lutjanus argentimaculatus,Mangrove red snapper,Miscellaneous coastal fishes,Indian Ocean Eastern,0.863856413,0.997796513,1.07656483,1.163313226,1.361198898,0.125789979,1.086252518,21034.23059,1983,0.160046493,32875.71264,1277.088645,0.080023247,4377,CBA
Lutjanus_argentimaculatus-Indian Ocean_Eastern,Lutjanus argentimaculatus,Mangrove red snapper,Miscellaneous coastal fishes,Indian Ocean Eastern,0.827698787,0.947023965,1.026678333,1.106901106,1.293693946,0.120413058,1.033698148,21034.23059,1984,0.160046493,32875.71264,1277.088645,0.080023247,2220,CBA
Lutjanus_argentimaculatus-Indian Ocean_Eastern,Lutjanus argentimaculatus,Mangrove red snapper,Miscellaneous coastal fishes,Indian Ocean Eastern,0.773786051,0.886050202,0.957199325,1.041090679,1.21781249,0.114801806,0.968933939,21034.23059,1985,0.160046493,32875.71264,1277.088645,0.080023247,2394,CBA
Lutjanus_argentimaculatus-Indian Ocean_Eastern,Lutjanus argentimaculatus,Mangrove red snapper,Miscellaneous coastal fishes,Indian Ocean Eastern,0.660278231,0.761805595,0.828271814,0.908378088,1.092815896,0.109926497,0.841413569,21034.23059,1986,0.160046493,32875.71264,1277.088645,0.080023247,3387,CBA
Lutjanus_argentimaculatus-Indian Ocean_Eastern,Lutjanus argentimaculatus,Mangrove red snapper,Miscellaneous coastal fishes,Indian Ocean Eastern,0.590021494,0.67833921,0.740624352,0.81598154,1.00323888,0.106436967,0.755289536,21034.23059,1987,0.160046493,32875.71264,1277.088645,0.080023247,2672,CBA
Lutjanus_argentimaculatus-Indian Ocean_Eastern,Lutjanus argentimaculatus,Mangrove red snapper,Miscellaneous coastal fishes,Indian Ocean Eastern,0.487371224,0.56707695,0.627324677,0.702297823,0.893827269,0.104967078,0.643922957,21034.23059,1988,0.160046493,32875.71264,1277.088645,0.080023247,3005,CBA
Lutjanus_argentimaculatus-Indian Ocean_Eastern,Lutjanus argentimaculatus,Mangrove red snapper,Miscellaneous coastal fishes,Indian Ocean Eastern,0.428484269,0.506030578,0.566768796,0.641429813,0.822405607,0.10420793,0.583439355,21034.23059,1989,0.160046493,32875.71264,1277.088645,0.080023247,2080,CBA
Lutjanus_argentimaculatus-Indian Ocean_Eastern,Lutjanus argentimaculatus,Mangrove red snapper,Miscellaneous coastal fishes,Indian Ocean Eastern,0.35758043,0.437329851,0.494915525,0.570294834,0.756855305,0.104426699,0.512287135,21034.23059,1990,0.160046493,32875.71264,1277.088645,0.080023247,2176,CBA
Lutjanus_argentimaculatus-Indian Ocean_Eastern,Lutjanus argentimaculatus,Mangrove red snapper,Miscellaneous coastal fishes,Indian Ocean Eastern,0.311901018,0.39209864,0.452931697,0.530237102,0.721588616,0.10636521,0.469821641,21034.23059,1991,0.160046493,32875.71264,1277.088645,0.080023247,1622,CBA
Lutjanus_argentimaculatus-Indian Ocean_Eastern,Lutjanus argentimaculatus,Mangrove red snapper,Miscellaneous coastal fishes,Indian Ocean Eastern,0.28304002,0.36770379,0.428672638,0.509269075,0.691706328,0.107279893,0.446539208,21034.23059,1992,0.160046493,32875.71264,1277.088645,0.080023247,1267,CBA
Lutjanus_argentimaculatus-Indian Ocean_Eastern,Lutjanus argentimaculatus,Mangrove red snapper,Miscellaneous coastal fishes,Indian Ocean Eastern,0.265080291,0.351878031,0.413764646,0.492438633,0.681080514,0.107787059,0.429788102,21034.23059,1993,0.160046493,32875.71264,1277.088645,0.080023247,1110,CBA
Lutjanus_argentimaculatus-Indian Ocean_Eastern,Lutjanus argentimaculatus,Mangrove red snapper,Miscellaneous coastal fishes,Indian Ocean Eastern,0.256093591,0.344422661,0.408482672,0.488624474,0.682906346,0.109062406,0.424484915,21034.23059,1994,0.160046493,32875.71264,1277.088645,0.080023247,901,CBA
Lutjanus_argentimaculatus-Indian Ocean_Eastern,Lutjanus argentimaculatus,Mangrove red snapper,Miscellaneous coastal fishes,Indian Ocean Eastern,0.267995673,0.35360245,0.415270298,0.497825031,0.691585212,0.110295428,0.433549093,21034.23059,1995,0.160046493,32875.71264,1277.088645,0.080023247,659,CBA
Lutjanus_argentimaculatus-Indian Ocean_Eastern,Lutjanus argentimaculatus,Mangrove red snapper,Miscellaneous coastal fishes,Indian Ocean Eastern,0.278600447,0.361096335,0.424510657,0.509160726,0.697061616,0.111619749,0.443216071,21034.23059,1996,0.160046493,32875.71264,1277.088645,0.080023247,662,CBA
Lutjanus_argentimaculatus-Indian Ocean_Eastern,Lutjanus argentimaculatus,Mangrove red snapper,Miscellaneous coastal fishes,Indian Ocean Eastern,0.284767577,0.37166583,0.433534349,0.518592636,0.723836182,0.112391355,0.453008677,21034.23059,1997,0.160046493,32875.71264,1277.088645,0.080023247,658,CBA
Lutjanus_argentimaculatus-Indian Ocean_Eastern,Lutjanus argentimaculatus,Mangrove red snapper,Miscellaneous coastal fishes,Indian Ocean Eastern,0.255430341,0.345602349,0.408422935,0.496479585,0.702697402,0.115533318,0.429050827,21034.23059,1998,0.160046493,32875.71264,1277.088645,0.080023247,1227,CBA
Lutjanus_argentimaculatus-Indian Ocean_Eastern,Lutjanus argentimaculatus,Mangrove red snapper,Miscellaneous coastal fishes,Indian Ocean Eastern,0.263944014,0.355851979,0.42066196,0.510280613,0.725763641,0.117950942,0.441631714,21034.23059,1999,0.160046493,32875.71264,1277.088645,0.080023247,615,CBA
Lutjanus_argentimaculatus-Indian Ocean_Eastern,Lutjanus argentimaculatus,Mangrove red snapper,Miscellaneous coastal fishes,Indian Ocean Eastern,0.264526395,0.356868266,0.421476116,0.512304131,0.731531927,0.121093515,0.443953634,21034.23059,2000,0.160046493,32875.71264,1277.088645,0.080023247,789,CBA
Lutjanus_argentimaculatus-Indian Ocean_Eastern,Lutjanus argentimaculatus,Mangrove red snapper,Miscellaneous coastal fishes,Indian Ocean Eastern,0.275251852,0.368218324,0.435035771,0.526706064,0.749556257,0.123297776,0.457565901,21034.23059,2001,0.160046493,32875.71264,1277.088645,0.080023247,608,CBA
Lutjanus_argentimaculatus-Indian Ocean_Eastern,Lutjanus argentimaculatus,Mangrove red snapper,Miscellaneous coastal fishes,Indian Ocean Eastern,0.284547437,0.378889459,0.4490872,0.541594459,0.76627019,0.125652335,0.471323693,21034.23059,2002,0.160046493,32875.71264,1277.088645,0.080023247,627,CBA
Lutjanus_argentimaculatus-Indian Ocean_Eastern,Lutjanus argentimaculatus,Mangrove red snapper,Miscellaneous coastal fishes,Indian Ocean Eastern,0.291001486,0.385353795,0.458291608,0.553891276,0.774070621,0.127635158,0.479338918,21034.23059,2003,0.160046493,32875.71264,1277.088645,0.080023247,732,CBA
Lutjanus_argentimaculatus-Indian Ocean_Eastern,Lutjanus argentimaculatus,Mangrove red snapper,Miscellaneous coastal fishes,Indian Ocean Eastern,0.290502675,0.387105996,0.464438721,0.565914292,0.786868131,0.130761886,0.485886698,21034.23059,2004,0.160046493,32875.71264,1277.088645,0.080023247,772,CBA
Lutjanus_argentimaculatus-Indian Ocean_Eastern,Lutjanus argentimaculatus,Mangrove red snapper,Miscellaneous coastal fishes,Indian Ocean Eastern,0.29523516,0.393087761,0.473832952,0.581078436,0.807610858,0.133671004,0.495460172,21034.23059,2005,0.160046493,32875.71264,1277.088645,0.080023247,736,CBA
Lutjanus_argentimaculatus-Indian Ocean_Eastern,Lutjanus argentimaculatus,Mangrove red snapper,Miscellaneous coastal fishes,Indian Ocean Eastern,0.302192682,0.399447149,0.485433672,0.595634037,0.817848006,0.137357355,0.506841939,21034.23059,2006,0.160046493,32875.71264,1277.088645,0.080023247,719,CBA
Lutjanus_argentimaculatus-Indian Ocean_Eastern,Lutjanus argentimaculatus,Mangrove red snapper,Miscellaneous coastal fishes,Indian Ocean Eastern,0.29849672,0.403326975,0.495264102,0.606830185,0.826711562,0.140303167,0.51341256,21034.23059,2007,0.160046493,32875.71264,1277.088645,0.080023247,794,CBA
Lutjanus_argentimaculatus-Indian Ocean_Eastern,Lutjanus argentimaculatus,Mangrove red snapper,Miscellaneous coastal fishes,Indian Ocean Eastern,0.304053389,0.412294079,0.514632666,0.628280419,0.845261643,0.145355047,0.528657247,21034.23059,2008,0.160046493,32875.71264,1277.088645,0.080023247,687,CBA
Lutjanus_argentimaculatus-Indian Ocean_Eastern,Lutjanus argentimaculatus,Mangrove red snapper,Miscellaneous coastal fishes,Indian Ocean Eastern,0.281881491,0.400183647,0.510828501,0.623294501,0.830787574,0.150328465,0.519008567,21034.23059,2009,0.160046493,32875.71264,1277.088645,0.080023247,1083,CBA
Lutjanus_argentimaculatus-Indian Ocean_Eastern,Lutjanus argentimaculatus,Mangrove red snapper,Miscellaneous coastal fishes,Indian Ocean Eastern,0.266416612,0.391654937,0.514716002,0.631444155,0.836517703,0.157135442,0.518687315,21034.23059,2010,0.160046493,32875.71264,1277.088645,0.080023247,924,CBA
Lutjanus_argentimaculatus-Indian Ocean_Eastern,Lutjanus argentimaculatus,Mangrove red snapper,Miscellaneous coastal fishes,Indian Ocean Eastern,0.240304265,0.377294399,0.505700695,0.630473446,0.832445456,0.164560539,0.509005474,21034.23059,2011,0.160046493,32875.71264,1277.088645,0.080023247,1078,CBA
Lutjanus_argentimaculatus-Indian Ocean_Eastern,Lutjanus argentimaculatus,Mangrove red snapper,Miscellaneous coastal fishes,Indian Ocean Eastern,0.215542003,0.362500991,0.505088153,0.637944404,0.823781105,0.173067109,0.5040807,21034.23059,2012,0.160046493,32875.71264,1277.088645,0.080023247,972,CBA
Lutjanus_argentimaculatus-Indian Ocean_Eastern,Lutjanus argentimaculatus,Mangrove red snapper,Miscellaneous coastal fishes,Indian Ocean Eastern,0.186399438,0.348959446,0.506699745,0.649097446,0.824898429,0.183597944,0.500879012,21034.23059,2013,0.160046493,32875.71264,1277.088645,0.080023247,954,CBA
Lutjanus_argentimaculatus-Indian Ocean_Eastern,Lutjanus argentimaculatus,Mangrove red snapper,Miscellaneous coastal fishes,Indian Ocean Eastern,0.165910105,0.349431722,0.522748441,0.67575982,0.834179175,0.195346062,0.511421316,21034.23059,2014,0.160046493,32875.71264,1277.088645,0.080023247,711,CBA
Lutjanus_argentimaculatus-Indian Ocean_Eastern,Lutjanus argentimaculatus,Mangrove red snapper,Miscellaneous coastal fishes,Indian Ocean Eastern,0.114304603,0.31695157,0.505483773,0.665299478,0.811093366,0.207728015,0.48920673,21034.23059,2015,0.160046493,32875.71264,1277.088645,0.080023247,1247,CBA
Lutjanus_argentimaculatus-Indian Ocean_Eastern,Lutjanus argentimaculatus,Mangrove red snapper,Miscellaneous coastal fishes,Indian Ocean Eastern,0.043590068,0.27487962,0.481881945,0.656203781,0.787380582,0.22345852,0.459381045,21034.23059,2016,0.160046493,32875.71264,1277.088645,0.080023247,1345,CBA
Lutjanus_argentimaculatus-Indian Ocean_Western,Lutjanus argentimaculatus,Mangrove red snapper,Miscellaneous coastal fishes,Indian Ocean Western,0.468749265,0.743073532,0.929262477,1.11290271,1.387992133,0.247086725,0.928336717,16705.86862,1962,0.249792602,38512.4305,1940.733037,0.124896301,1000,CBA
Lutjanus_argentimaculatus-Indian Ocean_Western,Lutjanus argentimaculatus,Mangrove red snapper,Miscellaneous coastal fishes,Indian Ocean Western,0.509104067,0.797862606,0.992051716,1.173257366,1.458666831,0.254339836,0.986499452,16705.86862,1963,0.249792602,38512.4305,1940.733037,0.124896301,1000,CBA
Lutjanus_argentimaculatus-Indian Ocean_Western,Lutjanus argentimaculatus,Mangrove red snapper,Miscellaneous coastal fishes,Indian Ocean Western,0.552073265,0.85214216,1.051588055,1.232638663,1.537322351,0.261435816,1.045537519,16705.86862,1964,0.249792602,38512.4305,1940.733037,0.124896301,1000,CBA
Lutjanus_argentimaculatus-Indian Ocean_Western,Lutjanus argentimaculatus,Mangrove red snapper,Miscellaneous coastal fishes,Indian Ocean Western,0.591904997,0.909027539,1.109005264,1.295998816,1.603059927,0.266991545,1.103792359,16705.86862,1965,0.249792602,38512.4305,1940.733037,0.124896301,1000,CBA
Lutjanus_argentimaculatus-Indian Ocean_Western,Lutjanus argentimaculatus,Mangrove red snapper,Miscellaneous coastal fishes,Indian Ocean Western,0.62950317,0.960369542,1.160141748,1.346631943,1.654288645,0.270280916,1.15369615,16705.86862,1966,0.249792602,38512.4305,1940.733037,0.124896301,1100,CBA
Lutjanus_argentimaculatus-Indian Ocean_Western,Lutjanus argentimaculatus,Mangrove red snapper,Miscellaneous coastal fishes,Indian Ocean Western,0.663561783,1.014376826,1.210026101,1.397889388,1.690304989,0.271108168,1.20146265,16705.86862,1967,0.249792602,38512.4305,1940.733037,0.124896301,1100,CBA
Lutjanus_argentimaculatus-Indian Ocean_Western,Lutjanus argentimaculatus,Mangrove red snapper,Miscellaneous coastal fishes,Indian Ocean Western,0.676013817,1.039913194,1.231286035,1.419230764,1.691037754,0.265310093,1.221519188,16705.86862,1968,0.249792602,38512.4305,1940.733037,0.124896301,1500,CBA
Lutjanus_argentimaculatus-Indian Ocean_Western,Lutjanus argentimaculatus,Mangrove red snapper,Miscellaneous coastal fishes,Indian Ocean Western,0.668162757,1.012512835,1.193636947,1.361744287,1.603171896,0.244979537,1.178135062,16705.86862,1969,0.249792602,38512.4305,1940.733037,0.124896301,2500,CBA
Lutjanus_argentimaculatus-Indian Ocean_Western,Lutjanus argentimaculatus,Mangrove red snapper,Miscellaneous coastal fishes,Indian Ocean Western,0.664077358,0.999575765,1.177011181,1.332548095,1.562970516,0.235774927,1.158622488,16705.86862,1970,0.249792602,38512.4305,1940.733037,0.124896301,2200,CBA
Lutjanus_argentimaculatus-Indian Ocean_Western,Lutjanus argentimaculatus,Mangrove red snapper,Miscellaneous coastal fishes,Indian Ocean Western,0.644892141,0.974337418,1.135959344,1.284912045,1.524624685,0.225069142,1.121207419,16705.86862,1971,0.249792602,38512.4305,1940.733037,0.124896301,2500,CBA
Lutjanus_argentimaculatus-Indian Ocean_Western,Lutjanus argentimaculatus,Mangrove red snapper,Miscellaneous coastal fishes,Indian Ocean Western,0.626587676,0.943812381,1.09705524,1.239806609,1.476083015,0.217473803,1.084591564,16705.86862,1972,0.249792602,38512.4305,1940.733037,0.124896301,2500,CBA
Lutjanus_argentimaculatus-Indian Ocean_Western,Lutjanus argentimaculatus,Mangrove red snapper,Miscellaneous coastal fishes,Indian Ocean Western,0.596294459,0.895287034,1.04058492,1.176675995,1.415768003,0.208364676,1.031172185,16705.86862,1973,0.249792602,38512.4305,1940.733037,0.124896301,2800,CBA
Lutjanus_argentimaculatus-Indian Ocean_Western,Lutjanus argentimaculatus,Mangrove red snapper,Miscellaneous coastal fishes,Indian Ocean Western,0.6042115,0.90785165,1.055192462,1.197434986,1.435559619,0.212736168,1.04696185,16705.86862,1974,0.249792602,38512.4305,1940.733037,0.124896301,1733,CBA
Lutjanus_argentimaculatus-Indian Ocean_Western,Lutjanus argentimaculatus,Mangrove red snapper,Miscellaneous coastal fishes,Indian Ocean Western,0.601925675,0.900742177,1.05373824,1.190947769,1.442812799,0.213497623,1.043379337,16705.86862,1975,0.249792602,38512.4305,1940.733037,0.124896301,2026,CBA
Lutjanus_argentimaculatus-Indian Ocean_Western,Lutjanus argentimaculatus,Mangrove red snapper,Miscellaneous coastal fishes,Indian Ocean Western,0.595098032,0.89429913,1.046698719,1.187805088,1.430482429,0.212974067,1.037936325,16705.86862,1976,0.249792602,38512.4305,1940.733037,0.124896301,2048,CBA
Lutjanus_argentimaculatus-Indian Ocean_Western,Lutjanus argentimaculatus,Mangrove red snapper,Miscellaneous coastal fishes,Indian Ocean Western,0.583402194,0.869494741,1.016918647,1.155509459,1.397989625,0.209378452,1.010495563,16705.86862,1977,0.249792602,38512.4305,1940.733037,0.124896301,2385,CBA
Lutjanus_argentimaculatus-Indian Ocean_Western,Lutjanus argentimaculatus,Mangrove red snapper,Miscellaneous coastal fishes,Indian Ocean Western,0.567242334,0.852391856,0.997404181,1.136911191,1.393338429,0.208483695,0.992426102,16705.86862,1978,0.249792602,38512.4305,1940.733037,0.124896301,2241,CBA
Lutjanus_argentimaculatus-Indian Ocean_Western,Lutjanus argentimaculatus,Mangrove red snapper,Miscellaneous coastal fishes,Indian Ocean Western,0.505504921,0.766392699,0.902794724,1.037134761,1.287101916,0.199802255,0.901503564,16705.86862,1979,0.249792602,38512.4305,1940.733037,0.124896301,3399,CBA
Lutjanus_argentimaculatus-Indian Ocean_Western,Lutjanus argentimaculatus,Mangrove red snapper,Miscellaneous coastal fishes,Indian Ocean Western,0.539173994,0.811223562,0.956553459,1.106298571,1.374400503,0.214072372,0.958643654,16705.86862,1980,0.249792602,38512.4305,1940.733037,0.124896301,1050,CBA
Lutjanus_argentimaculatus-Indian Ocean_Western,Lutjanus argentimaculatus,Mangrove red snapper,Miscellaneous coastal fishes,Indian Ocean Western,0.516982751,0.784826747,0.935311037,1.084713698,1.352850115,0.2159615,0.935342165,16705.86862,1981,0.249792602,38512.4305,1940.733037,0.124896301,2313,CBA
Lutjanus_argentimaculatus-Indian Ocean_Western,Lutjanus argentimaculatus,Mangrove red snapper,Miscellaneous coastal fishes,Indian Ocean Western,0.435350415,0.690117654,0.833458169,0.979167831,1.242331634,0.209532611,0.836280283,16705.86862,1982,0.249792602,38512.4305,1940.733037,0.124896301,3514,CBA
Lutjanus_argentimaculatus-Indian Ocean_Western,Lutjanus argentimaculatus,Mangrove red snapper,Miscellaneous coastal fishes,Indian Ocean Western,0.463039566,0.739164521,0.888812752,1.050663926,1.337963919,0.225809713,0.895671233,16705.86862,1983,0.249792602,38512.4305,1940.733037,0.124896301,940,CBA
Lutjanus_argentimaculatus-Indian Ocean_Western,Lutjanus argentimaculatus,Mangrove red snapper,Miscellaneous coastal fishes,Indian Ocean Western,0.491796113,0.77964907,0.943578973,1.118934444,1.43428059,0.242605449,0.951023098,16705.86862,1984,0.249792602,38512.4305,1940.733037,0.124896301,1017,CBA
Lutjanus_argentimaculatus-Indian Ocean_Western,Lutjanus argentimaculatus,Mangrove red snapper,Miscellaneous coastal fishes,Indian Ocean Western,0.512494235,0.80891563,0.983121864,1.169049147,1.503737883,0.256348862,0.993344897,16705.86862,1985,0.249792602,38512.4305,1940.733037,0.124896301,1215,CBA
Lutjanus_argentimaculatus-Indian Ocean_Western,Lutjanus argentimaculatus,Mangrove red snapper,Miscellaneous coastal fishes,Indian Ocean Western,0.540374816,0.84555046,1.028885838,1.231117989,1.581930787,0.270937538,1.041964913,16705.86862,1986,0.249792602,38512.4305,1940.733037,0.124896301,1093,CBA
Lutjanus_argentimaculatus-Indian Ocean_Western,Lutjanus argentimaculatus,Mangrove red snapper,Miscellaneous coastal fishes,Indian Ocean Western,0.566502498,0.88645188,1.077899272,1.293573393,1.653696038,0.283964939,1.092996614,16705.86862,1987,0.249792602,38512.4305,1940.733037,0.124896301,1033,CBA
Lutjanus_argentimaculatus-Indian Ocean_Western,Lutjanus argentimaculatus,Mangrove red snapper,Miscellaneous coastal fishes,Indian Ocean Western,0.603634207,0.925991221,1.130725578,1.356444396,1.704618496,0.29289146,1.144217193,16705.86862,1988,0.249792602,38512.4305,1940.733037,0.124896301,932,CBA
Lutjanus_argentimaculatus-Indian Ocean_Western,Lutjanus argentimaculatus,Mangrove red snapper,Miscellaneous coastal fishes,Indian Ocean Western,0.645286316,0.97038935,1.182012825,1.417301255,1.760188939,0.299422736,1.19664652,16705.86862,1989,0.249792602,38512.4305,1940.733037,0.124896301,853,CBA
Lutjanus_argentimaculatus-Indian Ocean_Western,Lutjanus argentimaculatus,Mangrove red snapper,Miscellaneous coastal fishes,Indian Ocean Western,0.689360152,1.014156285,1.23004285,1.473343452,1.793070617,0.300510524,1.241016593,16705.86862,1990,0.249792602,38512.4305,1940.733037,0.124896301,938,CBA
Lutjanus_argentimaculatus-Indian Ocean_Western,Lutjanus argentimaculatus,Mangrove red snapper,Miscellaneous coastal fishes,Indian Ocean Western,0.718221674,1.045597828,1.263499126,1.500701468,1.798924959,0.294677181,1.269519353,16705.86862,1991,0.249792602,38512.4305,1940.733037,0.124896301,1108,CBA
Lutjanus_argentimaculatus-Indian Ocean_Western,Lutjanus argentimaculatus,Mangrove red snapper,Miscellaneous coastal fishes,Indian Ocean Western,0.753210622,1.070892964,1.289526175,1.517336192,1.791304166,0.285224754,1.289259317,16705.86862,1992,0.249792602,38512.4305,1940.733037,0.124896301,1222,CBA
Lutjanus_argentimaculatus-Indian Ocean_Western,Lutjanus argentimaculatus,Mangrove red snapper,Miscellaneous coastal fishes,Indian Ocean Western,0.750164323,1.055800569,1.264831754,1.45492849,1.684853972,0.256104789,1.249917935,16705.86862,1993,0.249792602,38512.4305,1940.733037,0.124896301,2178,CBA
Lutjanus_argentimaculatus-Indian Ocean_Western,Lutjanus argentimaculatus,Mangrove red snapper,Miscellaneous coastal fishes,Indian Ocean Western,0.733973052,1.02603422,1.210048074,1.373246178,1.573851641,0.227873541,1.194264098,16705.86862,1994,0.249792602,38512.4305,1940.733037,0.124896301,2524,CBA
Lutjanus_argentimaculatus-Indian Ocean_Western,Lutjanus argentimaculatus,Mangrove red snapper,Miscellaneous coastal fishes,Indian Ocean Western,0.699593052,0.970155901,1.127025158,1.256468158,1.439932571,0.196730558,1.108093269,16705.86862,1995,0.249792602,38512.4305,1940.733037,0.124896301,3145,CBA
Lutjanus_argentimaculatus-Indian Ocean_Western,Lutjanus argentimaculatus,Mangrove red snapper,Miscellaneous coastal fishes,Indian Ocean Western,0.703458105,0.959219091,1.118248293,1.245671403,1.427702626,0.193832577,1.098660288,16705.86862,1996,0.249792602,38512.4305,1940.733037,0.124896301,2002,CBA
Lutjanus_argentimaculatus-Indian Ocean_Western,Lutjanus argentimaculatus,Mangrove red snapper,Miscellaneous coastal fishes,Indian Ocean Western,0.69195439,0.93468665,1.08286,1.203286081,1.373976368,0.18295617,1.065144319,16705.86862,1997,0.249792602,38512.4305,1940.733037,0.124896301,2394,CBA
Lutjanus_argentimaculatus-Indian Ocean_Western,Lutjanus argentimaculatus,Mangrove red snapper,Miscellaneous coastal fishes,Indian Ocean Western,0.652668888,0.875616769,1.000790344,1.098816925,1.251331543,0.158253583,0.983384643,16705.86862,1998,0.249792602,38512.4305,1940.733037,0.124896301,3192,CBA
Lutjanus_argentimaculatus-Indian Ocean_Western,Lutjanus argentimaculatus,Mangrove red snapper,Miscellaneous coastal fishes,Indian Ocean Western,0.610876343,0.815297562,0.915997663,0.998307193,1.148815342,0.138932847,0.903042555,16705.86862,1999,0.249792602,38512.4305,1940.733037,0.124896301,3195,CBA
Lutjanus_argentimaculatus-Indian Ocean_Western,Lutjanus argentimaculatus,Mangrove red snapper,Miscellaneous coastal fishes,Indian Ocean Western,0.572230888,0.757688563,0.844759335,0.91692164,1.065995799,0.12528279,0.834443575,16705.86862,2000,0.249792602,38512.4305,1940.733037,0.124896301,3003,CBA
Lutjanus_argentimaculatus-Indian Ocean_Western,Lutjanus argentimaculatus,Mangrove red snapper,Miscellaneous coastal fishes,Indian Ocean Western,0.528249431,0.699899151,0.775579981,0.844857598,0.994383397,0.115923009,0.77121059,16705.86862,2001,0.249792602,38512.4305,1940.733037,0.124896301,2900,CBA
Lutjanus_argentimaculatus-Indian Ocean_Western,Lutjanus argentimaculatus,Mangrove red snapper,Miscellaneous coastal fishes,Indian Ocean Western,0.483256383,0.633586207,0.695179115,0.762319463,0.92655031,0.108424259,0.698199971,16705.86862,2002,0.249792602,38512.4305,1940.733037,0.124896301,3000,CBA
Lutjanus_argentimaculatus-Indian Ocean_Western,Lutjanus argentimaculatus,Mangrove red snapper,Miscellaneous coastal fishes,Indian Ocean Western,0.459329924,0.604729445,0.666314132,0.732367127,0.899440001,0.107537396,0.670012333,16705.86862,2003,0.249792602,38512.4305,1940.733037,0.124896301,2198,CBA
Lutjanus_argentimaculatus-Indian Ocean_Western,Lutjanus argentimaculatus,Mangrove red snapper,Miscellaneous coastal fishes,Indian Ocean Western,0.43202026,0.570180297,0.630185183,0.69850961,0.863893046,0.106990846,0.636305672,16705.86862,2004,0.249792602,38512.4305,1940.733037,0.124896301,2260,CBA
Lutjanus_argentimaculatus-Indian Ocean_Western,Lutjanus argentimaculatus,Mangrove red snapper,Miscellaneous coastal fishes,Indian Ocean Western,0.403847255,0.537249272,0.598151964,0.66661435,0.844537082,0.108493901,0.605202623,16705.86862,2005,0.249792602,38512.4305,1940.733037,0.124896301,2169,CBA
Lutjanus_argentimaculatus-Indian Ocean_Western,Lutjanus argentimaculatus,Mangrove red snapper,Miscellaneous coastal fishes,Indian Ocean Western,0.376856923,0.510111552,0.572039145,0.641853486,0.817741499,0.110086952,0.580293195,16705.86862,2006,0.249792602,38512.4305,1940.733037,0.124896301,2009,CBA
Lutjanus_argentimaculatus-Indian Ocean_Western,Lutjanus argentimaculatus,Mangrove red snapper,Miscellaneous coastal fishes,Indian Ocean Western,0.354164433,0.487168489,0.551055568,0.627254348,0.80184642,0.112388806,0.560132277,16705.86862,2007,0.249792602,38512.4305,1940.733037,0.124896301,1890,CBA
Lutjanus_argentimaculatus-Indian Ocean_Western,Lutjanus argentimaculatus,Mangrove red snapper,Miscellaneous coastal fishes,Indian Ocean Western,0.321485206,0.45346813,0.521240179,0.601559865,0.778748964,0.11612915,0.531833965,16705.86862,2008,0.249792602,38512.4305,1940.733037,0.124896301,1995,CBA
Lutjanus_argentimaculatus-Indian Ocean_Western,Lutjanus argentimaculatus,Mangrove red snapper,Miscellaneous coastal fishes,Indian Ocean Western,0.285118736,0.419407646,0.495010985,0.58327655,0.762169909,0.121591486,0.505425571,16705.86862,2009,0.249792602,38512.4305,1940.733037,0.124896301,1898,CBA
Lutjanus_argentimaculatus-Indian Ocean_Western,Lutjanus argentimaculatus,Mangrove red snapper,Miscellaneous coastal fishes,Indian Ocean Western,0.25596681,0.389019873,0.475125566,0.572154128,0.752902811,0.129388569,0.48438859,16705.86862,2010,0.249792602,38512.4305,1940.733037,0.124896301,1765,CBA
Lutjanus_argentimaculatus-Indian Ocean_Western,Lutjanus argentimaculatus,Mangrove red snapper,Miscellaneous coastal fishes,Indian Ocean Western,0.233044051,0.376465822,0.476260786,0.57806711,0.754761617,0.138057414,0.481031057,16705.86862,2011,0.249792602,38512.4305,1940.733037,0.124896301,1432,CBA
Lutjanus_argentimaculatus-Indian Ocean_Western,Lutjanus argentimaculatus,Mangrove red snapper,Miscellaneous coastal fishes,Indian Ocean Western,0.203057467,0.353717745,0.470776671,0.581953145,0.748757428,0.148297828,0.470379722,16705.86862,2012,0.249792602,38512.4305,1940.733037,0.124896301,1538,CBA
Lutjanus_argentimaculatus-Indian Ocean_Western,Lutjanus argentimaculatus,Mangrove red snapper,Miscellaneous coastal fishes,Indian Ocean Western,0.163625525,0.320262313,0.456403144,0.579115048,0.741276768,0.16203039,0.451804797,16705.86862,2013,0.249792602,38512.4305,1940.733037,0.124896301,1642,CBA
Lutjanus_argentimaculatus-Indian Ocean_Western,Lutjanus argentimaculatus,Mangrove red snapper,Miscellaneous coastal fishes,Indian Ocean Western,0.137666438,0.315631016,0.47188189,0.60969969,0.756452584,0.178654958,0.460706998,16705.86862,2014,0.249792602,38512.4305,1940.733037,0.124896301,1154,CBA
Lutjanus_argentimaculatus-Indian Ocean_Western,Lutjanus argentimaculatus,Mangrove red snapper,Miscellaneous coastal fishes,Indian Ocean Western,0.097447484,0.299338896,0.484336071,0.63544188,0.76905394,0.198846602,0.463379142,16705.86862,2015,0.249792602,38512.4305,1940.733037,0.124896301,1263,CBA
Lutjanus_argentimaculatus-Indian Ocean_Western,Lutjanus argentimaculatus,Mangrove red snapper,Miscellaneous coastal fishes,Indian Ocean Western,0.051487301,0.293309451,0.503435535,0.673869295,0.789096299,0.222885173,0.474325366,16705.86862,2016,0.249792602,38512.4305,1940.733037,0.124896301,1121,CBA
Lutjanus_argentimaculatus-Pacific_Western Central,Lutjanus argentimaculatus,Mangrove red snapper,Miscellaneous coastal fishes,Pacific Western Central,0.941644942,1.124254763,1.276579599,1.478245204,1.815355674,0.236937801,1.310014579,106982.029,1950,0.197103472,173633.5964,8082.14202,0.098551736,100,CBA
Lutjanus_argentimaculatus-Pacific_Western Central,Lutjanus argentimaculatus,Mangrove red snapper,Miscellaneous coastal fishes,Pacific Western Central,0.995673204,1.204808606,1.362893147,1.55088053,1.853076801,0.230683832,1.383145643,106982.029,1951,0.197103472,173633.5964,8082.14202,0.098551736,100,CBA
Lutjanus_argentimaculatus-Pacific_Western Central,Lutjanus argentimaculatus,Mangrove red snapper,Miscellaneous coastal fishes,Pacific Western Central,1.046674532,1.275229634,1.440568568,1.615942509,1.876451699,0.22352136,1.447810067,106982.029,1952,0.197103472,173633.5964,8082.14202,0.098551736,100,CBA
Lutjanus_argentimaculatus-Pacific_Western Central,Lutjanus argentimaculatus,Mangrove red snapper,Miscellaneous coastal fishes,Pacific Western Central,1.093105292,1.34461033,1.507817951,1.668119269,1.904264773,0.21918428,1.505217059,106982.029,1959,0.197103472,173633.5964,8082.14202,0.098551736,100,CBA
Lutjanus_argentimaculatus-Pacific_Western Central,Lutjanus argentimaculatus,Mangrove red snapper,Miscellaneous coastal fishes,Pacific Western Central,1.139764566,1.400372689,1.559685269,1.715506265,1.921768838,0.21108263,1.553813656,106982.029,1960,0.197103472,173633.5964,8082.14202,0.098551736,100,CBA
Lutjanus_argentimaculatus-Pacific_Western Central,Lutjanus argentimaculatus,Mangrove red snapper,Miscellaneous coastal fishes,Pacific Western Central,1.179468532,1.453629987,1.613160151,1.751183297,1.937175341,0.201150524,1.596853693,106982.029,1961,0.197103472,173633.5964,8082.14202,0.098551736,100,CBA
Lutjanus_argentimaculatus-Pacific_Western Central,Lutjanus argentimaculatus,Mangrove red snapper,Miscellaneous coastal fishes,Pacific Western Central,1.221300718,1.500041078,1.647038947,1.772488576,1.944451501,0.190145255,1.628524402,106982.029,1962,0.197103472,173633.5964,8082.14202,0.098551736,100,CBA
Lutjanus_argentimaculatus-Pacific_Western Central,Lutjanus argentimaculatus,Mangrove red snapper,Miscellaneous coastal fishes,Pacific Western Central,1.266574927,1.535869768,1.675910788,1.797525312,1.954323766,0.18396023,1.65761127,106982.029,1963,0.197103472,173633.5964,8082.14202,0.098551736,100,CBA
Lutjanus_argentimaculatus-Pacific_Western Central,Lutjanus argentimaculatus,Mangrove red snapper,Miscellaneous coastal fishes,Pacific Western Central,1.2920475,1.565024088,1.70119759,1.810282117,1.958572245,0.175768383,1.678999203,106982.029,1964,0.197103472,173633.5964,8082.14202,0.098551736,200,CBA
Lutjanus_argentimaculatus-Pacific_Western Central,Lutjanus argentimaculatus,Mangrove red snapper,Miscellaneous coastal fishes,Pacific Western Central,1.332677865,1.591937129,1.716544135,1.822556545,1.964006417,0.167599731,1.697699191,106982.029,1965,0.197103472,173633.5964,8082.14202,0.098551736,300,CBA
Lutjanus_argentimaculatus-Pacific_Western Central,Lutjanus argentimaculatus,Mangrove red snapper,Miscellaneous coastal fishes,Pacific Western Central,1.36161546,1.610408509,1.730567036,1.830875869,1.961568579,0.159044235,1.710959763,106982.029,1966,0.197103472,173633.5964,8082.14202,0.098551736,200,CBA
Lutjanus_argentimaculatus-Pacific_Western Central,Lutjanus argentimaculatus,Mangrove red snapper,Miscellaneous coastal fishes,Pacific Western Central,1.382655936,1.630227887,1.742718512,1.836696138,1.964408934,0.152040003,1.723981894,106982.029,1967,0.197103472,173633.5964,8082.14202,0.098551736,200,CBA
Lutjanus_argentimaculatus-Pacific_Western Central,Lutjanus argentimaculatus,Mangrove red snapper,Miscellaneous coastal fishes,Pacific Western Central,1.40446222,1.640534764,1.753383155,1.8443604,1.966170415,0.147762278,1.73446051,106982.029,1968,0.197103472,173633.5964,8082.14202,0.098551736,200,CBA
Lutjanus_argentimaculatus-Pacific_Western Central,Lutjanus argentimaculatus,Mangrove red snapper,Miscellaneous coastal fishes,Pacific Western Central,1.432421492,1.656784503,1.757399008,1.848336015,1.968529304,0.141850044,1.742174027,106982.029,1969,0.197103472,173633.5964,8082.14202,0.098551736,200,CBA
Lutjanus_argentimaculatus-Pacific_Western Central,Lutjanus argentimaculatus,Mangrove red snapper,Miscellaneous coastal fishes,Pacific Western Central,1.442387557,1.664244492,1.764794991,1.852628894,1.972137485,0.13739315,1.749771418,106982.029,1970,0.197103472,173633.5964,8082.14202,0.098551736,100,CBA
Lutjanus_argentimaculatus-Pacific_Western Central,Lutjanus argentimaculatus,Mangrove red snapper,Miscellaneous coastal fishes,Pacific Western Central,1.456288456,1.674234265,1.768133464,1.858526137,1.969226869,0.133825272,1.756921073,106982.029,1971,0.197103472,173633.5964,8082.14202,0.098551736,100,CBA
Lutjanus_argentimaculatus-Pacific_Western Central,Lutjanus argentimaculatus,Mangrove red snapper,Miscellaneous coastal fishes,Pacific Western Central,1.471864701,1.682676696,1.777286737,1.85927265,1.97219306,0.130407515,1.762239968,106982.029,1972,0.197103472,173633.5964,8082.14202,0.098551736,140,CBA
Lutjanus_argentimaculatus-Pacific_Western Central,Lutjanus argentimaculatus,Mangrove red snapper,Miscellaneous coastal fishes,Pacific Western Central,1.48839762,1.686639268,1.779116314,1.858731568,1.968304565,0.126025506,1.766048292,106982.029,1973,0.197103472,173633.5964,8082.14202,0.098551736,150,CBA
Lutjanus_argentimaculatus-Pacific_Western Central,Lutjanus argentimaculatus,Mangrove red snapper,Miscellaneous coastal fishes,Pacific Western Central,1.496734928,1.692898503,1.779038226,1.860033991,1.97116883,0.122288931,1.769107158,106982.029,1974,0.197103472,173633.5964,8082.14202,0.098551736,122,CBA
Lutjanus_argentimaculatus-Pacific_Western Central,Lutjanus argentimaculatus,Mangrove red snapper,Miscellaneous coastal fishes,Pacific Western Central,1.506180069,1.696694358,1.78542743,1.862338686,1.976095877,0.121569502,1.773707767,106982.029,1975,0.197103472,173633.5964,8082.14202,0.098551736,132,CBA
Lutjanus_argentimaculatus-Pacific_Western Central,Lutjanus argentimaculatus,Mangrove red snapper,Miscellaneous coastal fishes,Pacific Western Central,1.513066545,1.702171735,1.787302704,1.866569111,1.97351928,0.120129939,1.777579924,106982.029,1976,0.197103472,173633.5964,8082.14202,0.098551736,99,CBA
Lutjanus_argentimaculatus-Pacific_Western Central,Lutjanus argentimaculatus,Mangrove red snapper,Miscellaneous coastal fishes,Pacific Western Central,1.518379356,1.711395846,1.79715314,1.872631151,1.97396974,0.118423216,1.785293323,106982.029,1977,0.197103472,173633.5964,8082.14202,0.098551736,145,CBA
Lutjanus_argentimaculatus-Pacific_Western Central,Lutjanus argentimaculatus,Mangrove red snapper,Miscellaneous coastal fishes,Pacific Western Central,1.529721995,1.717260005,1.804887076,1.882475842,1.978597132,0.117262856,1.79219671,106982.029,1978,0.197103472,173633.5964,8082.14202,0.098551736,207,CBA
Lutjanus_argentimaculatus-Pacific_Western Central,Lutjanus argentimaculatus,Mangrove red snapper,Miscellaneous coastal fishes,Pacific Western Central,1.520338719,1.702691854,1.787121862,1.864079575,1.975367316,0.118095624,1.777340174,106982.029,1982,0.197103472,173633.5964,8082.14202,0.098551736,2554,CBA
Lutjanus_argentimaculatus-Pacific_Western Central,Lutjanus argentimaculatus,Mangrove red snapper,Miscellaneous coastal fishes,Pacific Western Central,1.511732135,1.689293119,1.780618929,1.861681829,1.972891978,0.120556149,1.770011268,106982.029,1983,0.197103472,173633.5964,8082.14202,0.098551736,2498,CBA
Lutjanus_argentimaculatus-Pacific_Western Central,Lutjanus argentimaculatus,Mangrove red snapper,Miscellaneous coastal fishes,Pacific Western Central,1.488827657,1.673252971,1.759797165,1.842797898,1.969781199,0.123581783,1.752160504,106982.029,1984,0.197103472,173633.5964,8082.14202,0.098551736,3886,CBA
Lutjanus_argentimaculatus-Pacific_Western Central,Lutjanus argentimaculatus,Mangrove red snapper,Miscellaneous coastal fishes,Pacific Western Central,1.478628615,1.660166789,1.749606252,1.833279494,1.9644974,0.125851567,1.742283196,106982.029,1985,0.197103472,173633.5964,8082.14202,0.098551736,3655,CBA
Lutjanus_argentimaculatus-Pacific_Western Central,Lutjanus argentimaculatus,Mangrove red snapper,Miscellaneous coastal fishes,Pacific Western Central,1.445403332,1.630733108,1.717393058,1.80496019,1.946277435,0.127917654,1.713305563,106982.029,1986,0.197103472,173633.5964,8082.14202,0.098551736,5889,CBA
Lutjanus_argentimaculatus-Pacific_Western Central,Lutjanus argentimaculatus,Mangrove red snapper,Miscellaneous coastal fishes,Pacific Western Central,1.442746419,1.628147561,1.722206008,1.807155642,1.952944483,0.131090041,1.715095023,106982.029,1987,0.197103472,173633.5964,8082.14202,0.098551736,3653,CBA
Lutjanus_argentimaculatus-Pacific_Western Central,Lutjanus argentimaculatus,Mangrove red snapper,Miscellaneous coastal fishes,Pacific Western Central,1.426410732,1.614195548,1.705988673,1.796912821,1.944682775,0.132248916,1.702471017,106982.029,1988,0.197103472,173633.5964,8082.14202,0.098551736,4879,CBA
Lutjanus_argentimaculatus-Pacific_Western Central,Lutjanus argentimaculatus,Mangrove red snapper,Miscellaneous coastal fishes,Pacific Western Central,1.416990498,1.601036435,1.697130952,1.793391509,1.945348297,0.136038783,1.694089325,106982.029,1989,0.197103472,173633.5964,8082.14202,0.098551736,4616,CBA
Lutjanus_argentimaculatus-Pacific_Western Central,Lutjanus argentimaculatus,Mangrove red snapper,Miscellaneous coastal fishes,Pacific Western Central,1.414831858,1.602192962,1.699804355,1.797304483,1.947257587,0.137826681,1.695373367,106982.029,1990,0.197103472,173633.5964,8082.14202,0.098551736,4324,CBA
Lutjanus_argentimaculatus-Pacific_Western Central,Lutjanus argentimaculatus,Mangrove red snapper,Miscellaneous coastal fishes,Pacific Western Central,1.34743225,1.529166048,1.624946361,1.72482355,1.904548782,0.143476832,1.62664419,106982.029,1991,0.197103472,173633.5964,8082.14202,0.098551736,10308,CBA
Lutjanus_argentimaculatus-Pacific_Western Central,Lutjanus argentimaculatus,Mangrove red snapper,Miscellaneous coastal fishes,Pacific Western Central,1.256856488,1.438695921,1.536898687,1.64127257,1.833632823,0.149098378,1.540269636,106982.029,1992,0.197103472,173633.5964,8082.14202,0.098551736,12678,CBA
Lutjanus_argentimaculatus-Pacific_Western Central,Lutjanus argentimaculatus,Mangrove red snapper,Miscellaneous coastal fishes,Pacific Western Central,1.197551665,1.386494164,1.492136729,1.596145916,1.799287623,0.153205966,1.493959251,106982.029,1993,0.197103472,173633.5964,8082.14202,0.098551736,10163,CBA
Lutjanus_argentimaculatus-Pacific_Western Central,Lutjanus argentimaculatus,Mangrove red snapper,Miscellaneous coastal fishes,Pacific Western Central,1.181086293,1.363209312,1.465243984,1.574983909,1.776991229,0.154207141,1.469938845,106982.029,1994,0.197103472,173633.5964,8082.14202,0.098551736,8629,CBA
Lutjanus_argentimaculatus-Pacific_Western Central,Lutjanus argentimaculatus,Mangrove red snapper,Miscellaneous coastal fishes,Pacific Western Central,1.134706671,1.317910992,1.420967245,1.53227763,1.745887956,0.156932238,1.427065683,106982.029,1995,0.197103472,173633.5964,8082.14202,0.098551736,10522,CBA
Lutjanus_argentimaculatus-Pacific_Western Central,Lutjanus argentimaculatus,Mangrove red snapper,Miscellaneous coastal fishes,Pacific Western Central,1.086847185,1.269870943,1.372605959,1.48711886,1.708864545,0.160164984,1.381719649,106982.029,1996,0.197103472,173633.5964,8082.14202,0.098551736,10824,CBA
Lutjanus_argentimaculatus-Pacific_Western Central,Lutjanus argentimaculatus,Mangrove red snapper,Miscellaneous coastal fishes,Pacific Western Central,1.052813734,1.233928281,1.339725228,1.458312128,1.683871534,0.16400898,1.349289041,106982.029,1997,0.197103472,173633.5964,8082.14202,0.098551736,10190,CBA
Lutjanus_argentimaculatus-Pacific_Western Central,Lutjanus argentimaculatus,Mangrove red snapper,Miscellaneous coastal fishes,Pacific Western Central,1.093326229,1.263925239,1.374618737,1.488797153,1.730115542,0.163480558,1.381615938,106982.029,1998,0.197103472,173633.5964,8082.14202,0.098551736,4935,CBA
Lutjanus_argentimaculatus-Pacific_Western Central,Lutjanus argentimaculatus,Mangrove red snapper,Miscellaneous coastal fishes,Pacific Western Central,1.031680279,1.208177914,1.312443905,1.430876076,1.668849785,0.163592177,1.322264026,106982.029,1999,0.197103472,173633.5964,8082.14202,0.098551736,12319,CBA
Lutjanus_argentimaculatus-Pacific_Western Central,Lutjanus argentimaculatus,Mangrove red snapper,Miscellaneous coastal fishes,Pacific Western Central,0.986171471,1.168901364,1.276271162,1.38976628,1.634716291,0.166246375,1.285617823,106982.029,2000,0.197103472,173633.5964,8082.14202,0.098551736,10650,CBA
Lutjanus_argentimaculatus-Pacific_Western Central,Lutjanus argentimaculatus,Mangrove red snapper,Miscellaneous coastal fishes,Pacific Western Central,0.953265882,1.13165231,1.240329546,1.363554748,1.614511341,0.170403662,1.253665562,106982.029,2001,0.197103472,173633.5964,8082.14202,0.098551736,10436,CBA
Lutjanus_argentimaculatus-Pacific_Western Central,Lutjanus argentimaculatus,Mangrove red snapper,Miscellaneous coastal fishes,Pacific Western Central,0.912848454,1.097152571,1.206569869,1.328374531,1.595486826,0.173239227,1.220127042,106982.029,2002,0.197103472,173633.5964,8082.14202,0.098551736,10635,CBA
Lutjanus_argentimaculatus-Pacific_Western Central,Lutjanus argentimaculatus,Mangrove red snapper,Miscellaneous coastal fishes,Pacific Western Central,0.882224375,1.063936805,1.173624083,1.303470488,1.568521708,0.177496463,1.190538545,106982.029,2003,0.197103472,173633.5964,8082.14202,0.098551736,10499,CBA
Lutjanus_argentimaculatus-Pacific_Western Central,Lutjanus argentimaculatus,Mangrove red snapper,Miscellaneous coastal fishes,Pacific Western Central,0.821443752,1.005659725,1.121229017,1.255141465,1.522654364,0.180907813,1.136574976,106982.029,2004,0.197103472,173633.5964,8082.14202,0.098551736,12420,CBA
Lutjanus_argentimaculatus-Pacific_Western Central,Lutjanus argentimaculatus,Mangrove red snapper,Miscellaneous coastal fishes,Pacific Western Central,0.807327362,0.987837731,1.10813351,1.245992364,1.527947389,0.185936346,1.123192615,106982.029,2005,0.197103472,173633.5964,8082.14202,0.098551736,9163,CBA
Lutjanus_argentimaculatus-Pacific_Western Central,Lutjanus argentimaculatus,Mangrove red snapper,Miscellaneous coastal fishes,Pacific Western Central,0.79174273,0.96910586,1.094063309,1.234370197,1.514860607,0.189299474,1.109798544,106982.029,2006,0.197103472,173633.5964,8082.14202,0.098551736,9115,CBA
Lutjanus_argentimaculatus-Pacific_Western Central,Lutjanus argentimaculatus,Mangrove red snapper,Miscellaneous coastal fishes,Pacific Western Central,0.773721117,0.948514931,1.079374771,1.224253887,1.509942628,0.193694129,1.095302945,106982.029,2007,0.197103472,173633.5964,8082.14202,0.098551736,9114,CBA
Lutjanus_argentimaculatus-Pacific_Western Central,Lutjanus argentimaculatus,Mangrove red snapper,Miscellaneous coastal fishes,Pacific Western Central,0.76383454,0.941295771,1.075166454,1.221584914,1.511720327,0.197670853,1.091463803,106982.029,2008,0.197103472,173633.5964,8082.14202,0.098551736,8288,CBA
Lutjanus_argentimaculatus-Pacific_Western Central,Lutjanus argentimaculatus,Mangrove red snapper,Miscellaneous coastal fishes,Pacific Western Central,0.7546019,0.931841127,1.071730418,1.225607175,1.512477077,0.202536978,1.088390957,106982.029,2009,0.197103472,173633.5964,8082.14202,0.098551736,8102,CBA
Lutjanus_argentimaculatus-Pacific_Western Central,Lutjanus argentimaculatus,Mangrove red snapper,Miscellaneous coastal fishes,Pacific Western Central,0.758546781,0.932220827,1.076525014,1.2376004,1.522837688,0.206137303,1.092905913,106982.029,2010,0.197103472,173633.5964,8082.14202,0.098551736,7388,CBA
Lutjanus_argentimaculatus-Pacific_Western Central,Lutjanus argentimaculatus,Mangrove red snapper,Miscellaneous coastal fishes,Pacific Western Central,0.74269974,0.916320831,1.06445626,1.235798834,1.521981403,0.211018063,1.084863157,106982.029,2011,0.197103472,173633.5964,8082.14202,0.098551736,8549,CBA
Lutjanus_argentimaculatus-Pacific_Western Central,Lutjanus argentimaculatus,Mangrove red snapper,Miscellaneous coastal fishes,Pacific Western Central,0.729074343,0.895272161,1.057503849,1.223421384,1.505313688,0.213889392,1.070797863,106982.029,2012,0.197103472,173633.5964,8082.14202,0.098551736,8750,CBA
Lutjanus_argentimaculatus-Pacific_Western Central,Lutjanus argentimaculatus,Mangrove red snapper,Miscellaneous coastal fishes,Pacific Western Central,0.691736835,0.853681472,1.021940901,1.199051866,1.44973131,0.216532253,1.03432834,106982.029,2013,0.197103472,173633.5964,8082.14202,0.098551736,10583,CBA
Lutjanus_argentimaculatus-Pacific_Western Central,Lutjanus argentimaculatus,Mangrove red snapper,Miscellaneous coastal fishes,Pacific Western Central,0.645489588,0.812675382,0.9949986,1.181351441,1.419426559,0.221973297,1.003117435,106982.029,2014,0.197103472,173633.5964,8082.14202,0.098551736,10156,CBA
Lutjanus_argentimaculatus-Pacific_Western Central,Lutjanus argentimaculatus,Mangrove red snapper,Miscellaneous coastal fishes,Pacific Western Central,0.628011064,0.79584845,0.991636,1.187428527,1.396492501,0.227888402,0.995389843,106982.029,2015,0.197103472,173633.5964,8082.14202,0.098551736,8241,CBA
Lutjanus_argentimaculatus-Pacific_Western Central,Lutjanus argentimaculatus,Mangrove red snapper,Miscellaneous coastal fishes,Pacific Western Central,0.618118099,0.785810714,0.999932293,1.199153471,1.380628876,0.233853808,0.996501401,106982.029,2016,0.197103472,173633.5964,8082.14202,0.098551736,7349,CBA
Lutjanus_johnii-Indian Ocean_Western,Lutjanus johnii,John's snapper,Miscellaneous coastal fishes,Indian Ocean Western,0.361859993,0.441821364,0.508893241,0.636438391,1.271751227,0.230819806,0.587017998,5097.357357,1997,0.811106742,20141.93209,3922.07643,0.405553371,1899,CBA
Lutjanus_johnii-Indian Ocean_Western,Lutjanus johnii,John's snapper,Miscellaneous coastal fishes,Indian Ocean Western,0.389630296,0.527675388,0.650721523,0.84093318,1.543857052,0.29095593,0.730665565,5097.357357,1998,0.811106742,20141.93209,3922.07643,0.405553371,1624,CBA
Lutjanus_johnii-Indian Ocean_Western,Lutjanus johnii,John's snapper,Miscellaneous coastal fishes,Indian Ocean Western,0.44422027,0.654419267,0.855591295,1.127878732,1.782255626,0.349816188,0.925136033,5097.357357,1999,0.811106742,20141.93209,3922.07643,0.405553371,1420,CBA
Lutjanus_johnii-Indian Ocean_Western,Lutjanus johnii,John's snapper,Miscellaneous coastal fishes,Indian Ocean Western,0.46989152,0.765596303,1.046634427,1.377190223,1.844460799,0.389441634,1.085341128,5097.357357,2000,0.811106742,20141.93209,3922.07643,0.405553371,1820,CBA
Lutjanus_johnii-Indian Ocean_Western,Lutjanus johnii,John's snapper,Miscellaneous coastal fishes,Indian Ocean Western,0.528052983,0.913768542,1.264657722,1.611398928,1.909073341,0.407794224,1.253417929,5097.357357,2001,0.811106742,20141.93209,3922.07643,0.405553371,1565,CBA
Lutjanus_johnii-Indian Ocean_Western,Lutjanus johnii,John's snapper,Miscellaneous coastal fishes,Indian Ocean Western,0.640646231,1.11031827,1.505844583,1.770936044,1.957690346,0.392991244,1.426119565,5097.357357,2002,0.811106742,20141.93209,3922.07643,0.405553371,1135,CBA
Lutjanus_johnii-Indian Ocean_Western,Lutjanus johnii,John's snapper,Miscellaneous coastal fishes,Indian Ocean Western,0.703116967,1.222137797,1.57969522,1.750873809,1.927984802,0.348636418,1.472347943,5097.357357,2003,0.811106742,20141.93209,3922.07643,0.405553371,1871,CBA
Lutjanus_johnii-Indian Ocean_Western,Lutjanus johnii,John's snapper,Miscellaneous coastal fishes,Indian Ocean Western,0.751337134,1.292284114,1.588197984,1.733443195,1.90565459,0.316652577,1.492026459,5097.357357,2004,0.811106742,20141.93209,3922.07643,0.405553371,2115,CBA
Lutjanus_johnii-Indian Ocean_Western,Lutjanus johnii,John's snapper,Miscellaneous coastal fishes,Indian Ocean Western,0.808617874,1.350135963,1.607242097,1.739142515,1.908624254,0.294703651,1.521684481,5097.357357,2005,0.811106742,20141.93209,3922.07643,0.405553371,2052,CBA
Lutjanus_johnii-Indian Ocean_Western,Lutjanus johnii,John's snapper,Miscellaneous coastal fishes,Indian Ocean Western,0.820426931,1.338894034,1.556021752,1.688901143,1.86553255,0.273700822,1.488695802,5097.357357,2006,0.811106742,20141.93209,3922.07643,0.405553371,2589,CBA
Lutjanus_johnii-Indian Ocean_Western,Lutjanus johnii,John's snapper,Miscellaneous coastal fishes,Indian Ocean Western,0.915539979,1.445972503,1.656414125,1.777160821,1.937129729,0.26811135,1.583930203,5097.357357,2007,0.811106742,20141.93209,3922.07643,0.405553371,1576,CBA
Lutjanus_johnii-Indian Ocean_Western,Lutjanus johnii,John's snapper,Miscellaneous coastal fishes,Indian Ocean Western,1.011118602,1.516898681,1.694814356,1.801298682,1.946420399,0.243176054,1.629485168,5097.357357,2008,0.811106742,20141.93209,3922.07643,0.405553371,1615,CBA
Lutjanus_johnii-Indian Ocean_Western,Lutjanus johnii,John's snapper,Miscellaneous coastal fishes,Indian Ocean Western,1.09965116,1.56658501,1.714703994,1.813438936,1.952053399,0.217781429,1.661583307,5097.357357,2009,0.811106742,20141.93209,3922.07643,0.405553371,1591,CBA
Lutjanus_johnii-Indian Ocean_Western,Lutjanus johnii,John's snapper,Miscellaneous coastal fishes,Indian Ocean Western,1.107810079,1.492671267,1.624532947,1.7275904,1.889363669,0.195001222,1.591570552,5097.357357,2010,0.811106742,20141.93209,3922.07643,0.405553371,2475,CBA
Lutjanus_johnii-Indian Ocean_Western,Lutjanus johnii,John's snapper,Miscellaneous coastal fishes,Indian Ocean Western,1.155182729,1.511754415,1.645217953,1.749545393,1.910174903,0.190793393,1.614309657,5097.357357,2011,0.811106742,20141.93209,3922.07643,0.405553371,2038,CBA
Lutjanus_johnii-Indian Ocean_Western,Lutjanus johnii,John's snapper,Miscellaneous coastal fishes,Indian Ocean Western,1.148522816,1.460662393,1.592183447,1.701431021,1.867985639,0.182796772,1.570044606,5097.357357,2012,0.811106742,20141.93209,3922.07643,0.405553371,2565,CBA
Lutjanus_johnii-Indian Ocean_Western,Lutjanus johnii,John's snapper,Miscellaneous coastal fishes,Indian Ocean Western,1.1444244,1.432611495,1.566191803,1.682695899,1.856690493,0.183267224,1.54825757,5097.357357,2013,0.811106742,20141.93209,3922.07643,0.405553371,2594,CBA
Lutjanus_johnii-Indian Ocean_Western,Lutjanus johnii,John's snapper,Miscellaneous coastal fishes,Indian Ocean Western,1.101777214,1.365735641,1.507768379,1.630216243,1.808691285,0.185103927,1.491902304,5097.357357,2014,0.811106742,20141.93209,3922.07643,0.405553371,3008,CBA
Lutjanus_johnii-Indian Ocean_Western,Lutjanus johnii,John's snapper,Miscellaneous coastal fishes,Indian Ocean Western,0.96860643,1.181241882,1.359318664,1.503555525,1.673364855,0.19767052,1.342800202,5097.357357,2015,0.811106742,20141.93209,3922.07643,0.405553371,4072,CBA
Lutjanus_johnii-Indian Ocean_Western,Lutjanus johnii,John's snapper,Miscellaneous coastal fishes,Indian Ocean Western,0.613266857,0.786938101,1.053196678,1.264387544,1.388694702,0.254600273,1.026583855,5097.357357,2016,0.811106742,20141.93209,3922.07643,0.405553371,6061,CBA
Maja_squinado-Atlantic_Northeast,Maja squinado,Spinous spider crab,"Crabs, sea-spiders",Atlantic Northeast,1.034797494,1.255157101,1.430803835,1.621204754,1.903211918,0.237546514,1.444543429,38469.7397,1950,0.465159567,60058.95533,6439.211475,0.232579784,800,CBA
Maja_squinado-Atlantic_Northeast,Maja squinado,Spinous spider crab,"Crabs, sea-spiders",Atlantic Northeast,1.16935992,1.426973673,1.587740456,1.750553183,1.941017028,0.210701608,1.582432941,38469.7397,1951,0.465159567,60058.95533,6439.211475,0.232579784,500,CBA
Maja_squinado-Atlantic_Northeast,Maja squinado,Spinous spider crab,"Crabs, sea-spiders",Atlantic Northeast,1.295267965,1.553736028,1.695823704,1.821580343,1.970015669,0.18197214,1.679399256,38469.7397,1952,0.465159567,60058.95533,6439.211475,0.232579784,600,CBA
Maja_squinado-Atlantic_Northeast,Maja squinado,Spinous spider crab,"Crabs, sea-spiders",Atlantic Northeast,1.394977411,1.638828462,1.760206981,1.861183642,1.97913669,0.155481753,1.739671423,38469.7397,1953,0.465159567,60058.95533,6439.211475,0.232579784,700,CBA
Maja_squinado-Atlantic_Northeast,Maja squinado,Spinous spider crab,"Crabs, sea-spiders",Atlantic Northeast,1.469565535,1.696585544,1.7919882,1.877325018,1.978401768,0.133122248,1.776625816,38469.7397,1954,0.465159567,60058.95533,6439.211475,0.232579784,800,CBA
Maja_squinado-Atlantic_Northeast,Maja squinado,Spinous spider crab,"Crabs, sea-spiders",Atlantic Northeast,1.527960113,1.731873377,1.818121162,1.892081716,1.981202396,0.118450435,1.801479036,38469.7397,1955,0.465159567,60058.95533,6439.211475,0.232579784,800,CBA
Maja_squinado-Atlantic_Northeast,Maja squinado,Spinous spider crab,"Crabs, sea-spiders",Atlantic Northeast,1.563235526,1.750940495,1.82676743,1.896910595,1.984430542,0.109405353,1.814820228,38469.7397,1956,0.465159567,60058.95533,6439.211475,0.232579784,800,CBA
Maja_squinado-Atlantic_Northeast,Maja squinado,Spinous spider crab,"Crabs, sea-spiders",Atlantic Northeast,1.585235389,1.755099745,1.82847352,1.89522777,1.985155964,0.104048795,1.818045901,38469.7397,1957,0.465159567,60058.95533,6439.211475,0.232579784,1100,CBA
Maja_squinado-Atlantic_Northeast,Maja squinado,Spinous spider crab,"Crabs, sea-spiders",Atlantic Northeast,1.596247783,1.754008021,1.832278809,1.89502423,1.983138431,0.100752644,1.820619391,38469.7397,1958,0.465159567,60058.95533,6439.211475,0.232579784,1100,CBA
Maja_squinado-Atlantic_Northeast,Maja squinado,Spinous spider crab,"Crabs, sea-spiders",Atlantic Northeast,1.600989645,1.745560745,1.814479047,1.884569718,1.979354254,0.099058677,1.810562666,38469.7397,1959,0.465159567,60058.95533,6439.211475,0.232579784,1500,CBA
Maja_squinado-Atlantic_Northeast,Maja squinado,Spinous spider crab,"Crabs, sea-spiders",Atlantic Northeast,1.607575724,1.754002339,1.828043063,1.890789266,1.982018056,0.098399486,1.81876936,38469.7397,1960,0.465159567,60058.95533,6439.211475,0.232579784,1100,CBA
Maja_squinado-Atlantic_Northeast,Maja squinado,Spinous spider crab,"Crabs, sea-spiders",Atlantic Northeast,1.621501682,1.759109083,1.830034229,1.895598559,1.98347435,0.096735944,1.824181576,38469.7397,1961,0.465159567,60058.95533,6439.211475,0.232579784,1000,CBA
Maja_squinado-Atlantic_Northeast,Maja squinado,Spinous spider crab,"Crabs, sea-spiders",Atlantic Northeast,1.620281571,1.767684132,1.840328111,1.90217282,1.984609101,0.096071436,1.829966884,38469.7397,1962,0.465159567,60058.95533,6439.211475,0.232579784,900,CBA
Maja_squinado-Atlantic_Northeast,Maja squinado,Spinous spider crab,"Crabs, sea-spiders",Atlantic Northeast,1.627305407,1.764105105,1.836572517,1.899229452,1.985303287,0.096145677,1.828277176,38469.7397,1963,0.465159567,60058.95533,6439.211475,0.232579784,1000,CBA
Maja_squinado-Atlantic_Northeast,Maja squinado,Spinous spider crab,"Crabs, sea-spiders",Atlantic Northeast,1.620781312,1.76559093,1.836878891,1.90208174,1.983731483,0.095778211,1.828749974,38469.7397,1964,0.465159567,60058.95533,6439.211475,0.232579784,1000,CBA
Maja_squinado-Atlantic_Northeast,Maja squinado,Spinous spider crab,"Crabs, sea-spiders",Atlantic Northeast,1.626735192,1.768749505,1.840666363,1.904036732,1.985964614,0.095449212,1.832051764,38469.7397,1965,0.465159567,60058.95533,6439.211475,0.232579784,1000,CBA
Maja_squinado-Atlantic_Northeast,Maja squinado,Spinous spider crab,"Crabs, sea-spiders",Atlantic Northeast,1.63174067,1.77045155,1.838527782,1.902929578,1.985715673,0.093058738,1.832541094,38469.7397,1966,0.465159567,60058.95533,6439.211475,0.232579784,1000,CBA
Maja_squinado-Atlantic_Northeast,Maja squinado,Spinous spider crab,"Crabs, sea-spiders",Atlantic Northeast,1.632280992,1.770554112,1.84049539,1.902591074,1.984989432,0.093406793,1.832789326,38469.7397,1967,0.465159567,60058.95533,6439.211475,0.232579784,1000,CBA
Maja_squinado-Atlantic_Northeast,Maja squinado,Spinous spider crab,"Crabs, sea-spiders",Atlantic Northeast,1.62314083,1.772297175,1.84023235,1.902522572,1.982694941,0.093819507,1.831742177,38469.7397,1968,0.465159567,60058.95533,6439.211475,0.232579784,1000,CBA
Maja_squinado-Atlantic_Northeast,Maja squinado,Spinous spider crab,"Crabs, sea-spiders",Atlantic Northeast,1.629429942,1.775093017,1.841129557,1.903953205,1.982702403,0.09328843,1.833223451,38469.7397,1969,0.465159567,60058.95533,6439.211475,0.232579784,900,CBA
Maja_squinado-Atlantic_Northeast,Maja squinado,Spinous spider crab,"Crabs, sea-spiders",Atlantic Northeast,1.637661847,1.777565065,1.846442695,1.907011872,1.985413835,0.092187316,1.837985507,38469.7397,1970,0.465159567,60058.95533,6439.211475,0.232579784,900,CBA
Maja_squinado-Atlantic_Northeast,Maja squinado,Spinous spider crab,"Crabs, sea-spiders",Atlantic Northeast,1.646023285,1.781425242,1.847845532,1.908432847,1.986943881,0.090093205,1.840280388,38469.7397,1971,0.465159567,60058.95533,6439.211475,0.232579784,1100,CBA
Maja_squinado-Atlantic_Northeast,Maja squinado,Spinous spider crab,"Crabs, sea-spiders",Atlantic Northeast,1.650988762,1.788359152,1.852979262,1.913841402,1.9865828,0.089211706,1.845736929,38469.7397,1972,0.465159567,60058.95533,6439.211475,0.232579784,1100,CBA
Maja_squinado-Atlantic_Northeast,Maja squinado,Spinous spider crab,"Crabs, sea-spiders",Atlantic Northeast,1.458061508,1.592681296,1.66693954,1.744007569,1.891765635,0.111215258,1.668726869,38469.7397,1973,0.465159567,60058.95533,6439.211475,0.232579784,6800,CBA
Maja_squinado-Atlantic_Northeast,Maja squinado,Spinous spider crab,"Crabs, sea-spiders",Atlantic Northeast,1.355757039,1.488091982,1.570331092,1.655811699,1.811658094,0.118807301,1.572783562,38469.7397,1974,0.465159567,60058.95533,6439.211475,0.232579784,6392,CBA
Maja_squinado-Atlantic_Northeast,Maja squinado,Spinous spider crab,"Crabs, sea-spiders",Atlantic Northeast,1.250286034,1.394407355,1.473368032,1.562238298,1.735396381,0.124792332,1.480555215,38469.7397,1975,0.465159567,60058.95533,6439.211475,0.232579784,7088,CBA
Maja_squinado-Atlantic_Northeast,Maja squinado,Spinous spider crab,"Crabs, sea-spiders",Atlantic Northeast,1.188927215,1.331168826,1.413211982,1.499219953,1.691286124,0.126967105,1.419828726,38469.7397,1976,0.465159567,60058.95533,6439.211475,0.232579784,6834,CBA
Maja_squinado-Atlantic_Northeast,Maja squinado,Spinous spider crab,"Crabs, sea-spiders",Atlantic Northeast,0.896287816,1.082391131,1.193695973,1.299345614,1.5038369,0.15772979,1.19425733,38469.7397,1977,0.465159567,60058.95533,6439.211475,0.232579784,11732,CBA
Maja_squinado-Atlantic_Northeast,Maja squinado,Spinous spider crab,"Crabs, sea-spiders",Atlantic Northeast,0.865433593,1.063993608,1.169756243,1.282407997,1.499125192,0.160939666,1.174103783,38469.7397,1978,0.465159567,60058.95533,6439.211475,0.232579784,6802,CBA
Maja_squinado-Atlantic_Northeast,Maja squinado,Spinous spider crab,"Crabs, sea-spiders",Atlantic Northeast,0.842572351,1.038725939,1.152905986,1.265664113,1.487179531,0.165849563,1.155592543,38469.7397,1979,0.465159567,60058.95533,6439.211475,0.232579784,6775,CBA
Maja_squinado-Atlantic_Northeast,Maja squinado,Spinous spider crab,"Crabs, sea-spiders",Atlantic Northeast,0.787010168,0.995632512,1.111366535,1.234882988,1.462538353,0.174159373,1.11507861,38469.7397,1980,0.465159567,60058.95533,6439.211475,0.232579784,7415,CBA
Maja_squinado-Atlantic_Northeast,Maja squinado,Spinous spider crab,"Crabs, sea-spiders",Atlantic Northeast,0.783676974,0.996889006,1.117282441,1.248429948,1.487016683,0.180772682,1.121402623,38469.7397,1981,0.465159567,60058.95533,6439.211475,0.232579784,6147,CBA
Maja_squinado-Atlantic_Northeast,Maja squinado,Spinous spider crab,"Crabs, sea-spiders",Atlantic Northeast,0.703576485,0.946798289,1.075094472,1.205317938,1.463109189,0.192208085,1.075022506,38469.7397,1982,0.465159567,60058.95533,6439.211475,0.232579784,7516,CBA
Maja_squinado-Atlantic_Northeast,Maja squinado,Spinous spider crab,"Crabs, sea-spiders",Atlantic Northeast,0.671935936,0.92925545,1.06725844,1.214117839,1.463560489,0.203865692,1.069357713,38469.7397,1983,0.465159567,60058.95533,6439.211475,0.232579784,6406,CBA
Maja_squinado-Atlantic_Northeast,Maja squinado,Spinous spider crab,"Crabs, sea-spiders",Atlantic Northeast,0.651235056,0.933823781,1.086951842,1.234175182,1.489742806,0.215849834,1.081661148,38469.7397,1984,0.465159567,60058.95533,6439.211475,0.232579784,5917,CBA
Maja_squinado-Atlantic_Northeast,Maja squinado,Spinous spider crab,"Crabs, sea-spiders",Atlantic Northeast,0.668086966,0.962246535,1.122518831,1.275793797,1.536644576,0.22580204,1.116614647,38469.7397,1985,0.465159567,60058.95533,6439.211475,0.232579784,5203,CBA
Maja_squinado-Atlantic_Northeast,Maja squinado,Spinous spider crab,"Crabs, sea-spiders",Atlantic Northeast,0.70027055,1.014714447,1.18616816,1.340860637,1.594739118,0.23256925,1.175868941,38469.7397,1986,0.465159567,60058.95533,6439.211475,0.232579784,4459,CBA
Maja_squinado-Atlantic_Northeast,Maja squinado,Spinous spider crab,"Crabs, sea-spiders",Atlantic Northeast,0.742740832,1.048925093,1.219175249,1.384564734,1.625895574,0.234392698,1.208719172,38469.7397,1987,0.465159567,60058.95533,6439.211475,0.232579784,5070,CBA
Maja_squinado-Atlantic_Northeast,Maja squinado,Spinous spider crab,"Crabs, sea-spiders",Atlantic Northeast,0.828941202,1.123659816,1.30085163,1.467247358,1.708875083,0.235416872,1.29036332,38469.7397,1988,0.465159567,60058.95533,6439.211475,0.232579784,3622,CBA
Maja_squinado-Atlantic_Northeast,Maja squinado,Spinous spider crab,"Crabs, sea-spiders",Atlantic Northeast,0.931294787,1.222156401,1.40121877,1.557442981,1.788790636,0.227215309,1.385239303,38469.7397,1989,0.465159567,60058.95533,6439.211475,0.232579784,2889,CBA
Maja_squinado-Atlantic_Northeast,Maja squinado,Spinous spider crab,"Crabs, sea-spiders",Atlantic Northeast,0.978496066,1.259294474,1.421699097,1.561279636,1.775508565,0.20997,1.407213381,38469.7397,1990,0.465159567,60058.95533,6439.211475,0.232579784,4540,CBA
Maja_squinado-Atlantic_Northeast,Maja squinado,Spinous spider crab,"Crabs, sea-spiders",Atlantic Northeast,0.987132539,1.264021611,1.41252811,1.5329448,1.733702208,0.194542925,1.392904877,38469.7397,1991,0.465159567,60058.95533,6439.211475,0.232579784,5577,CBA
Maja_squinado-Atlantic_Northeast,Maja squinado,Spinous spider crab,"Crabs, sea-spiders",Atlantic Northeast,0.994453052,1.259623276,1.400533928,1.519199288,1.709720818,0.186287003,1.384531947,38469.7397,1992,0.465159567,60058.95533,6439.211475,0.232579784,5496,CBA
Maja_squinado-Atlantic_Northeast,Maja squinado,Spinous spider crab,"Crabs, sea-spiders",Atlantic Northeast,1.011094268,1.268468437,1.398499346,1.51612623,1.706160216,0.179524231,1.387292874,38469.7397,1993,0.465159567,60058.95533,6439.211475,0.232579784,5266,CBA
Maja_squinado-Atlantic_Northeast,Maja squinado,Spinous spider crab,"Crabs, sea-spiders",Atlantic Northeast,1.004725788,1.242337115,1.369749159,1.488415569,1.690692798,0.174101987,1.361910901,38469.7397,1994,0.465159567,60058.95533,6439.211475,0.232579784,6008,CBA
Maja_squinado-Atlantic_Northeast,Maja squinado,Spinous spider crab,"Crabs, sea-spiders",Atlantic Northeast,0.984941512,1.208745094,1.32885618,1.442717858,1.647530349,0.170688479,1.323826498,38469.7397,1995,0.465159567,60058.95533,6439.211475,0.232579784,6529,CBA
Maja_squinado-Atlantic_Northeast,Maja squinado,Spinous spider crab,"Crabs, sea-spiders",Atlantic Northeast,0.977676099,1.207077669,1.328363078,1.445383869,1.653577686,0.171516157,1.324371133,38469.7397,1996,0.465159567,60058.95533,6439.211475,0.232579784,5674,CBA
Maja_squinado-Atlantic_Northeast,Maja squinado,Spinous spider crab,"Crabs, sea-spiders",Atlantic Northeast,0.970865132,1.190266264,1.309160614,1.432433477,1.634029302,0.17251498,1.309153942,38469.7397,1997,0.465159567,60058.95533,6439.211475,0.232579784,6134,CBA
Maja_squinado-Atlantic_Northeast,Maja squinado,Spinous spider crab,"Crabs, sea-spiders",Atlantic Northeast,0.973234677,1.183168838,1.306182969,1.425335146,1.635692532,0.171463299,1.30420528,38469.7397,1998,0.465159567,60058.95533,6439.211475,0.232579784,5864,CBA
Maja_squinado-Atlantic_Northeast,Maja squinado,Spinous spider crab,"Crabs, sea-spiders",Atlantic Northeast,0.975029438,1.180347095,1.306788973,1.424378776,1.640036297,0.172231245,1.303569101,38469.7397,1999,0.465159567,60058.95533,6439.211475,0.232579784,5812,CBA
Maja_squinado-Atlantic_Northeast,Maja squinado,Spinous spider crab,"Crabs, sea-spiders",Atlantic Northeast,0.953568202,1.156027022,1.28278913,1.400192524,1.60274542,0.171047742,1.279656358,38469.7397,2000,0.465159567,60058.95533,6439.211475,0.232579784,6355,CBA
Maja_squinado-Atlantic_Northeast,Maja squinado,Spinous spider crab,"Crabs, sea-spiders",Atlantic Northeast,0.915009346,1.115428178,1.243069412,1.361973224,1.584080421,0.173288693,1.2424518,38469.7397,2001,0.465159567,60058.95533,6439.211475,0.232579784,6859,CBA
Maja_squinado-Atlantic_Northeast,Maja squinado,Spinous spider crab,"Crabs, sea-spiders",Atlantic Northeast,0.908703291,1.107316656,1.235195867,1.357403324,1.57080625,0.17539963,1.23312665,38469.7397,2002,0.465159567,60058.95533,6439.211475,0.232579784,6206,CBA
Maja_squinado-Atlantic_Northeast,Maja squinado,Spinous spider crab,"Crabs, sea-spiders",Atlantic Northeast,0.891391143,1.094417073,1.221607501,1.344723142,1.561018742,0.177673447,1.220903992,38469.7397,2003,0.465159567,60058.95533,6439.211475,0.232579784,6257,CBA
Maja_squinado-Atlantic_Northeast,Maja squinado,Spinous spider crab,"Crabs, sea-spiders",Atlantic Northeast,0.902161677,1.113560863,1.245650641,1.370233011,1.596566056,0.182227037,1.243342572,38469.7397,2004,0.465159567,60058.95533,6439.211475,0.232579784,5393,CBA
Maja_squinado-Atlantic_Northeast,Maja squinado,Spinous spider crab,"Crabs, sea-spiders",Atlantic Northeast,0.923978835,1.139008812,1.282168825,1.405966811,1.620428197,0.185251922,1.273844938,38469.7397,2005,0.465159567,60058.95533,6439.211475,0.232579784,5030,CBA
Maja_squinado-Atlantic_Northeast,Maja squinado,Spinous spider crab,"Crabs, sea-spiders",Atlantic Northeast,0.881968811,1.100040378,1.235650132,1.358290786,1.586237112,0.182938323,1.231127458,38469.7397,2006,0.465159567,60058.95533,6439.211475,0.232579784,6904,CBA
Maja_squinado-Atlantic_Northeast,Maja squinado,Spinous spider crab,"Crabs, sea-spiders",Atlantic Northeast,0.850796146,1.07129767,1.207122295,1.329496777,1.542393403,0.183722337,1.201509569,38469.7397,2007,0.465159567,60058.95533,6439.211475,0.232579784,6706,CBA
Maja_squinado-Atlantic_Northeast,Maja squinado,Spinous spider crab,"Crabs, sea-spiders",Atlantic Northeast,0.841628127,1.068577794,1.207301122,1.339142834,1.55704198,0.188652851,1.20225929,38469.7397,2008,0.465159567,60058.95533,6439.211475,0.232579784,5966,CBA
Maja_squinado-Atlantic_Northeast,Maja squinado,Spinous spider crab,"Crabs, sea-spiders",Atlantic Northeast,0.805474508,1.026536567,1.172432679,1.307197074,1.520308743,0.190801186,1.16557786,38469.7397,2009,0.465159567,60058.95533,6439.211475,0.232579784,6943,CBA
Maja_squinado-Atlantic_Northeast,Maja squinado,Spinous spider crab,"Crabs, sea-spiders",Atlantic Northeast,0.774898391,1.010960758,1.165959392,1.29603732,1.514918778,0.195579377,1.153628965,38469.7397,2010,0.465159567,60058.95533,6439.211475,0.232579784,6299,CBA
Maja_squinado-Atlantic_Northeast,Maja squinado,Spinous spider crab,"Crabs, sea-spiders",Atlantic Northeast,0.760031511,1.009089447,1.167179099,1.300991622,1.52383082,0.201453172,1.153336404,38469.7397,2011,0.465159567,60058.95533,6439.211475,0.232579784,6015,CBA
Maja_squinado-Atlantic_Northeast,Maja squinado,Spinous spider crab,"Crabs, sea-spiders",Atlantic Northeast,0.748965321,1.012219458,1.182658331,1.311353353,1.532669119,0.208650321,1.162626391,38469.7397,2012,0.465159567,60058.95533,6439.211475,0.232579784,5661,CBA
Maja_squinado-Atlantic_Northeast,Maja squinado,Spinous spider crab,"Crabs, sea-spiders",Atlantic Northeast,0.754164492,1.027435441,1.209048302,1.34041727,1.551145767,0.212726904,1.181732553,38469.7397,2013,0.465159567,60058.95533,6439.211475,0.232579784,5351,CBA
Maja_squinado-Atlantic_Northeast,Maja squinado,Spinous spider crab,"Crabs, sea-spiders",Atlantic Northeast,0.716274157,1.000964578,1.185076635,1.307434921,1.496180688,0.210205344,1.149511261,38469.7397,2014,0.465159567,60058.95533,6439.211475,0.232579784,6622,CBA
Maja_squinado-Atlantic_Northeast,Maja squinado,Spinous spider crab,"Crabs, sea-spiders",Atlantic Northeast,0.698971883,1.006064124,1.193347626,1.314626209,1.468074116,0.211247271,1.150886256,38469.7397,2015,0.465159567,60058.95533,6439.211475,0.232579784,5778,CBA
Maja_squinado-Atlantic_Northeast,Maja squinado,Spinous spider crab,"Crabs, sea-spiders",Atlantic Northeast,0.65722808,0.99245877,1.180068528,1.296131354,1.390335301,0.207812852,1.126664445,38469.7397,2016,0.465159567,60058.95533,6439.211475,0.232579784,6391,CBA
Megalops_atlanticus-Atlantic_Southwest,Megalops atlanticus,Tarpon,Miscellaneous coastal fishes,Atlantic Southwest,0.691235485,0.931012145,1.052197733,1.160182439,1.366225899,0.171945717,1.041928937,28893.26917,1960,0.129408195,54298.82631,1702.972737,0.064704097,3000,CBA
Megalops_atlanticus-Atlantic_Southwest,Megalops atlanticus,Tarpon,Miscellaneous coastal fishes,Atlantic Southwest,0.691370341,0.925164862,1.045691371,1.153536794,1.369182726,0.170721351,1.039849085,28893.26917,1961,0.129408195,54298.82631,1702.972737,0.064704097,2000,CBA
Megalops_atlanticus-Atlantic_Southwest,Megalops atlanticus,Tarpon,Miscellaneous coastal fishes,Atlantic Southwest,0.555110592,0.774816724,0.887971386,0.990390458,1.210196112,0.162993499,0.884145357,28893.26917,1962,0.129408195,54298.82631,1702.972737,0.064704097,6000,CBA
Megalops_atlanticus-Atlantic_Southwest,Megalops atlanticus,Tarpon,Miscellaneous coastal fishes,Atlantic Southwest,0.543305099,0.751399617,0.853457985,0.963124219,1.172339732,0.160704012,0.856674779,28893.26917,1963,0.129408195,54298.82631,1702.972737,0.064704097,2500,CBA
Megalops_atlanticus-Atlantic_Southwest,Megalops atlanticus,Tarpon,Miscellaneous coastal fishes,Atlantic Southwest,0.521140204,0.72958813,0.833824431,0.933970949,1.144187976,0.159628467,0.834033856,28893.26917,1964,0.129408195,54298.82631,1702.972737,0.064704097,2400,CBA
Megalops_atlanticus-Atlantic_Southwest,Megalops atlanticus,Tarpon,Miscellaneous coastal fishes,Atlantic Southwest,0.514401308,0.709064323,0.808528723,0.914557065,1.12291387,0.155556549,0.812768664,28893.26917,1965,0.129408195,54298.82631,1702.972737,0.064704097,2300,CBA
Megalops_atlanticus-Atlantic_Southwest,Megalops atlanticus,Tarpon,Miscellaneous coastal fishes,Atlantic Southwest,0.497780967,0.682638134,0.784582052,0.887200824,1.093887466,0.153306011,0.788127882,28893.26917,1966,0.129408195,54298.82631,1702.972737,0.064704097,2400,CBA
Megalops_atlanticus-Atlantic_Southwest,Megalops atlanticus,Tarpon,Miscellaneous coastal fishes,Atlantic Southwest,0.467548316,0.657648146,0.755759342,0.855235325,1.0570329,0.152305918,0.757985334,28893.26917,1967,0.129408195,54298.82631,1702.972737,0.064704097,2500,CBA
Megalops_atlanticus-Atlantic_Southwest,Megalops atlanticus,Tarpon,Miscellaneous coastal fishes,Atlantic Southwest,0.462176189,0.645083358,0.739182085,0.844640035,1.046825574,0.149759313,0.744672,28893.26917,1968,0.129408195,54298.82631,1702.972737,0.064704097,2000,CBA
Megalops_atlanticus-Atlantic_Southwest,Megalops atlanticus,Tarpon,Miscellaneous coastal fishes,Atlantic Southwest,0.456015212,0.628614316,0.720529937,0.820293103,1.031532549,0.145980942,0.726377111,28893.26917,1969,0.129408195,54298.82631,1702.972737,0.064704097,2100,CBA
Megalops_atlanticus-Atlantic_Southwest,Megalops atlanticus,Tarpon,Miscellaneous coastal fishes,Atlantic Southwest,0.438359118,0.605789704,0.694558121,0.795980842,1.005896077,0.143271788,0.702929599,28893.26917,1970,0.129408195,54298.82631,1702.972737,0.064704097,2200,CBA
Megalops_atlanticus-Atlantic_Southwest,Megalops atlanticus,Tarpon,Miscellaneous coastal fishes,Atlantic Southwest,0.414420656,0.574706966,0.664539155,0.761453427,0.971875268,0.140689662,0.671586578,28893.26917,1971,0.129408195,54298.82631,1702.972737,0.064704097,2400,CBA
Megalops_atlanticus-Atlantic_Southwest,Megalops atlanticus,Tarpon,Miscellaneous coastal fishes,Atlantic Southwest,0.408074528,0.567989064,0.654766001,0.74766084,0.946993701,0.138729599,0.660968865,28893.26917,1972,0.129408195,54298.82631,1702.972737,0.064704097,1800,CBA
Megalops_atlanticus-Atlantic_Southwest,Megalops atlanticus,Tarpon,Miscellaneous coastal fishes,Atlantic Southwest,0.393995495,0.544963347,0.630259657,0.725234261,0.924222931,0.136119883,0.638014637,28893.26917,1973,0.129408195,54298.82631,1702.972737,0.064704097,2100,CBA
Megalops_atlanticus-Atlantic_Southwest,Megalops atlanticus,Tarpon,Miscellaneous coastal fishes,Atlantic Southwest,0.393163015,0.54205912,0.624329398,0.714878592,0.909930842,0.133052814,0.631963513,28893.26917,1974,0.129408195,54298.82631,1702.972737,0.064704097,1612,CBA
Megalops_atlanticus-Atlantic_Southwest,Megalops atlanticus,Tarpon,Miscellaneous coastal fishes,Atlantic Southwest,0.376001412,0.518615368,0.600673798,0.687709318,0.89103812,0.131296067,0.60777491,28893.26917,1975,0.129408195,54298.82631,1702.972737,0.064704097,2103,CBA
Megalops_atlanticus-Atlantic_Southwest,Megalops atlanticus,Tarpon,Miscellaneous coastal fishes,Atlantic Southwest,0.380948731,0.519264369,0.598646478,0.684552995,0.881829886,0.128690035,0.607061737,28893.26917,1976,0.129408195,54298.82631,1702.972737,0.064704097,1402,CBA
Megalops_atlanticus-Atlantic_Southwest,Megalops atlanticus,Tarpon,Miscellaneous coastal fishes,Atlantic Southwest,0.363217868,0.499468102,0.57887271,0.660788291,0.856939232,0.126635066,0.585972797,28893.26917,1977,0.129408195,54298.82631,1702.972737,0.064704097,1936,CBA
Megalops_atlanticus-Atlantic_Southwest,Megalops atlanticus,Tarpon,Miscellaneous coastal fishes,Atlantic Southwest,0.357595793,0.490743171,0.568943675,0.649679266,0.832805968,0.123857291,0.57587537,28893.26917,1978,0.129408195,54298.82631,1702.972737,0.064704097,1597,CBA
Megalops_atlanticus-Atlantic_Southwest,Megalops atlanticus,Tarpon,Miscellaneous coastal fishes,Atlantic Southwest,0.377760355,0.505410994,0.580728648,0.661536628,0.856148563,0.122442248,0.589578606,28893.26917,1979,0.129408195,54298.82631,1702.972737,0.064704097,1013,CBA
Megalops_atlanticus-Atlantic_Southwest,Megalops atlanticus,Tarpon,Miscellaneous coastal fishes,Atlantic Southwest,0.364917001,0.490235694,0.56116368,0.64140434,0.836147353,0.119847072,0.57095874,28893.26917,1980,0.129408195,54298.82631,1702.972737,0.064704097,1869,CBA
Megalops_atlanticus-Atlantic_Southwest,Megalops atlanticus,Tarpon,Miscellaneous coastal fishes,Atlantic Southwest,0.349470063,0.470131545,0.540467479,0.61913437,0.818209152,0.118199799,0.549420644,28893.26917,1981,0.129408195,54298.82631,1702.972737,0.064704097,1896,CBA
Megalops_atlanticus-Atlantic_Southwest,Megalops atlanticus,Tarpon,Miscellaneous coastal fishes,Atlantic Southwest,0.33524215,0.449654939,0.518386731,0.595462483,0.788411298,0.115272688,0.528644072,28893.26917,1982,0.129408195,54298.82631,1702.972737,0.064704097,1838,CBA
Megalops_atlanticus-Atlantic_Southwest,Megalops atlanticus,Tarpon,Miscellaneous coastal fishes,Atlantic Southwest,0.327598692,0.443349039,0.50924783,0.582466783,0.784035526,0.114056448,0.520219645,28893.26917,1983,0.129408195,54298.82631,1702.972737,0.064704097,1500,CBA
Megalops_atlanticus-Atlantic_Southwest,Megalops atlanticus,Tarpon,Miscellaneous coastal fishes,Atlantic Southwest,0.320181681,0.428905412,0.491650725,0.562935338,0.76433716,0.111587684,0.503904885,28893.26917,1984,0.129408195,54298.82631,1702.972737,0.064704097,1674,CBA
Megalops_atlanticus-Atlantic_Southwest,Megalops atlanticus,Tarpon,Miscellaneous coastal fishes,Atlantic Southwest,0.305013775,0.407054725,0.466463771,0.538753143,0.742593221,0.10947106,0.480256251,28893.26917,1985,0.129408195,54298.82631,1702.972737,0.064704097,1841,CBA
Megalops_atlanticus-Atlantic_Southwest,Megalops atlanticus,Tarpon,Miscellaneous coastal fishes,Atlantic Southwest,0.288111267,0.380618623,0.441648328,0.514108245,0.71463162,0.106887045,0.454994312,28893.26917,1986,0.129408195,54298.82631,1702.972737,0.064704097,1828,CBA
Megalops_atlanticus-Atlantic_Southwest,Megalops atlanticus,Tarpon,Miscellaneous coastal fishes,Atlantic Southwest,0.272191033,0.363583241,0.423043703,0.493081201,0.68692942,0.10482486,0.437541182,28893.26917,1987,0.129408195,54298.82631,1702.972737,0.064704097,1597,CBA
Megalops_atlanticus-Atlantic_Southwest,Megalops atlanticus,Tarpon,Miscellaneous coastal fishes,Atlantic Southwest,0.265973044,0.354143167,0.412829739,0.480195167,0.682280083,0.103756186,0.426363051,28893.26917,1988,0.129408195,54298.82631,1702.972737,0.064704097,1396,CBA
Megalops_atlanticus-Atlantic_Southwest,Megalops atlanticus,Tarpon,Miscellaneous coastal fishes,Atlantic Southwest,0.256647416,0.341248311,0.398004977,0.467019313,0.662267986,0.10287237,0.412739637,28893.26917,1989,0.129408195,54298.82631,1702.972737,0.064704097,1431,CBA
Megalops_atlanticus-Atlantic_Southwest,Megalops atlanticus,Tarpon,Miscellaneous coastal fishes,Atlantic Southwest,0.243631332,0.328327072,0.382569956,0.45438897,0.648070536,0.102724755,0.39912397,28893.26917,1990,0.129408195,54298.82631,1702.972737,0.064704097,1400,CBA
Megalops_atlanticus-Atlantic_Southwest,Megalops atlanticus,Tarpon,Miscellaneous coastal fishes,Atlantic Southwest,0.231597699,0.311743255,0.365725008,0.436629434,0.639394576,0.103244031,0.383685839,28893.26917,1991,0.129408195,54298.82631,1702.972737,0.064704097,1431,CBA
Megalops_atlanticus-Atlantic_Southwest,Megalops atlanticus,Tarpon,Miscellaneous coastal fishes,Atlantic Southwest,0.218053643,0.295059075,0.349561342,0.420172196,0.618504596,0.103802362,0.367820699,28893.26917,1992,0.129408195,54298.82631,1702.972737,0.064704097,1410,CBA
Megalops_atlanticus-Atlantic_Southwest,Megalops atlanticus,Tarpon,Miscellaneous coastal fishes,Atlantic Southwest,0.201068824,0.2759124,0.330592937,0.400665748,0.610067701,0.104918123,0.34960847,28893.26917,1993,0.129408195,54298.82631,1702.972737,0.064704097,1410,CBA
Megalops_atlanticus-Atlantic_Southwest,Megalops atlanticus,Tarpon,Miscellaneous coastal fishes,Atlantic Southwest,0.180353033,0.255802432,0.312611513,0.384441892,0.598749454,0.107871714,0.330975348,28893.26917,1994,0.129408195,54298.82631,1702.972737,0.064704097,1410,CBA
Megalops_atlanticus-Atlantic_Southwest,Megalops atlanticus,Tarpon,Miscellaneous coastal fishes,Atlantic Southwest,0.160944353,0.238762489,0.297416279,0.372997957,0.588856022,0.110169849,0.31706259,28893.26917,1995,0.129408195,54298.82631,1702.972737,0.064704097,1221,CBA
Megalops_atlanticus-Atlantic_Southwest,Megalops atlanticus,Tarpon,Miscellaneous coastal fishes,Atlantic Southwest,0.176916418,0.254994416,0.313619296,0.390791583,0.616615764,0.112338075,0.334739085,28893.26917,1996,0.129408195,54298.82631,1702.972737,0.064704097,348,CBA
Megalops_atlanticus-Atlantic_Southwest,Megalops atlanticus,Tarpon,Miscellaneous coastal fishes,Atlantic Southwest,0.176862355,0.256803186,0.317839697,0.399715424,0.6321747,0.115399198,0.339753007,28893.26917,1997,0.129408195,54298.82631,1702.972737,0.064704097,720,CBA
Megalops_atlanticus-Atlantic_Southwest,Megalops atlanticus,Tarpon,Miscellaneous coastal fishes,Atlantic Southwest,0.183260334,0.266026904,0.330573061,0.413971699,0.644476312,0.117672939,0.35168627,28893.26917,1998,0.129408195,54298.82631,1702.972737,0.064704097,551,CBA
Megalops_atlanticus-Atlantic_Southwest,Megalops atlanticus,Tarpon,Miscellaneous coastal fishes,Atlantic Southwest,0.2041199,0.288128673,0.352443255,0.436516827,0.666590103,0.119058724,0.373580372,28893.26917,1999,0.129408195,54298.82631,1702.972737,0.064704097,315,CBA
Megalops_atlanticus-Atlantic_Southwest,Megalops atlanticus,Tarpon,Miscellaneous coastal fishes,Atlantic Southwest,0.223586227,0.308168104,0.374189981,0.463338046,0.695967135,0.121121871,0.396605222,28893.26917,2000,0.129408195,54298.82631,1702.972737,0.064704097,331,CBA
Megalops_atlanticus-Atlantic_Southwest,Megalops atlanticus,Tarpon,Miscellaneous coastal fishes,Atlantic Southwest,0.21337271,0.298261529,0.367020692,0.459734098,0.697594784,0.123575692,0.389838441,28893.26917,2001,0.129408195,54298.82631,1702.972737,0.064704097,1169,CBA
Megalops_atlanticus-Atlantic_Southwest,Megalops atlanticus,Tarpon,Miscellaneous coastal fishes,Atlantic Southwest,0.20719331,0.291520839,0.366247306,0.459185206,0.687444171,0.126867912,0.386173864,28893.26917,2002,0.129408195,54298.82631,1702.972737,0.064704097,1075,CBA
Megalops_atlanticus-Atlantic_Southwest,Megalops atlanticus,Tarpon,Miscellaneous coastal fishes,Atlantic Southwest,0.199100445,0.283960831,0.361989482,0.456693145,0.68427867,0.129238034,0.381617756,28893.26917,2003,0.129408195,54298.82631,1702.972737,0.064704097,1067,CBA
Megalops_atlanticus-Atlantic_Southwest,Megalops atlanticus,Tarpon,Miscellaneous coastal fishes,Atlantic Southwest,0.188808662,0.276535697,0.357851474,0.457897328,0.684144265,0.133034727,0.378185391,28893.26917,2004,0.129408195,54298.82631,1702.972737,0.064704097,1035,CBA
Megalops_atlanticus-Atlantic_Southwest,Megalops atlanticus,Tarpon,Miscellaneous coastal fishes,Atlantic Southwest,0.183533981,0.271491307,0.363861008,0.461266038,0.696525865,0.136320229,0.380727881,28893.26917,2005,0.129408195,54298.82631,1702.972737,0.064704097,860,CBA
Megalops_atlanticus-Atlantic_Southwest,Megalops atlanticus,Tarpon,Miscellaneous coastal fishes,Atlantic Southwest,0.177136714,0.270439533,0.370333106,0.46958159,0.701412897,0.139624164,0.382433877,28893.26917,2006,0.129408195,54298.82631,1702.972737,0.064704097,898,CBA
Megalops_atlanticus-Atlantic_Southwest,Megalops atlanticus,Tarpon,Miscellaneous coastal fishes,Atlantic Southwest,0.176075961,0.277077177,0.38737041,0.491197271,0.716098759,0.144664773,0.394479033,28893.26917,2007,0.129408195,54298.82631,1702.972737,0.064704097,636,CBA
Megalops_atlanticus-Atlantic_Southwest,Megalops atlanticus,Tarpon,Miscellaneous coastal fishes,Atlantic Southwest,0.169619088,0.27833612,0.392734928,0.508259118,0.718896614,0.150253912,0.402420847,28893.26917,2008,0.129408195,54298.82631,1702.972737,0.064704097,785,CBA
Megalops_atlanticus-Atlantic_Southwest,Megalops atlanticus,Tarpon,Miscellaneous coastal fishes,Atlantic Southwest,0.158081861,0.27674196,0.403503266,0.521626705,0.730047292,0.156752059,0.40778657,28893.26917,2009,0.129408195,54298.82631,1702.972737,0.064704097,865,CBA
Megalops_atlanticus-Atlantic_Southwest,Megalops atlanticus,Tarpon,Miscellaneous coastal fishes,Atlantic Southwest,0.146537914,0.275509908,0.413381657,0.53404781,0.737289468,0.164009158,0.413945729,28893.26917,2010,0.129408195,54298.82631,1702.972737,0.064704097,818,CBA
Megalops_atlanticus-Atlantic_Southwest,Megalops atlanticus,Tarpon,Miscellaneous coastal fishes,Atlantic Southwest,0.138161366,0.276105205,0.426184528,0.55135175,0.745821878,0.171308388,0.423103756,28893.26917,2011,0.129408195,54298.82631,1702.972737,0.064704097,761,CBA
Megalops_atlanticus-Atlantic_Southwest,Megalops atlanticus,Tarpon,Miscellaneous coastal fishes,Atlantic Southwest,0.122825216,0.275836047,0.438924245,0.573306727,0.74744138,0.179423784,0.429850741,28893.26917,2012,0.129408195,54298.82631,1702.972737,0.064704097,828,CBA
Megalops_atlanticus-Atlantic_Southwest,Megalops atlanticus,Tarpon,Miscellaneous coastal fishes,Atlantic Southwest,0.109813895,0.280145187,0.456874211,0.598031016,0.764045087,0.189667573,0.442375484,28893.26917,2013,0.129408195,54298.82631,1702.972737,0.064704097,715,CBA
Megalops_atlanticus-Atlantic_Southwest,Megalops atlanticus,Tarpon,Miscellaneous coastal fishes,Atlantic Southwest,0.091233284,0.277174814,0.471747442,0.616742194,0.772889753,0.20040358,0.449120928,28893.26917,2014,0.129408195,54298.82631,1702.972737,0.064704097,863,CBA
Megalops_atlanticus-Atlantic_Southwest,Megalops atlanticus,Tarpon,Miscellaneous coastal fishes,Atlantic Southwest,0.071665926,0.276237916,0.490941323,0.64616988,0.778906534,0.212275057,0.45962724,28893.26917,2015,0.129408195,54298.82631,1702.972737,0.064704097,780,CBA
Megalops_atlanticus-Atlantic_Southwest,Megalops atlanticus,Tarpon,Miscellaneous coastal fishes,Atlantic Southwest,0.050086361,0.27762345,0.505490339,0.673446584,0.78738666,0.224907933,0.470492463,28893.26917,2016,0.129408195,54298.82631,1702.972737,0.064704097,780,CBA
Melanogrammus_aeglefinus-Atlantic_Northeast,Melanogrammus aeglefinus,Haddock,"Cods, hakes, haddocks",Atlantic Northeast,0.582955725,0.86928442,1.043149484,1.194568855,1.42420177,0.222232147,1.02818238,2663569.908,1950,0.29073766,5507613.325,395736.594,0.14536883,238900,CBA
Melanogrammus_aeglefinus-Atlantic_Northeast,Melanogrammus aeglefinus,Haddock,"Cods, hakes, haddocks",Atlantic Northeast,0.627528257,0.923155572,1.096855345,1.238934807,1.484195521,0.224370262,1.081914123,2663569.908,1951,0.29073766,5507613.325,395736.594,0.14536883,245200,CBA
Melanogrammus_aeglefinus-Atlantic_Northeast,Melanogrammus aeglefinus,Haddock,"Cods, hakes, haddocks",Atlantic Northeast,0.70772866,1.004445533,1.156506312,1.302830064,1.556302683,0.224404063,1.149641471,2663569.908,1952,0.29073766,5507613.325,395736.594,0.14536883,207700,CBA
Melanogrammus_aeglefinus-Atlantic_Northeast,Melanogrammus aeglefinus,Haddock,"Cods, hakes, haddocks",Atlantic Northeast,0.775814202,1.07182386,1.221471408,1.360580949,1.584615643,0.219465921,1.214022653,2663569.908,1953,0.29073766,5507613.325,395736.594,0.14536883,223600,CBA
Melanogrammus_aeglefinus-Atlantic_Northeast,Melanogrammus aeglefinus,Haddock,"Cods, hakes, haddocks",Atlantic Northeast,0.840518136,1.108535346,1.262940084,1.393271858,1.640726786,0.213721086,1.25343003,2663569.908,1954,0.29073766,5507613.325,395736.594,0.14536883,262700,CBA
Melanogrammus_aeglefinus-Atlantic_Northeast,Melanogrammus aeglefinus,Haddock,"Cods, hakes, haddocks",Atlantic Northeast,0.872675642,1.145734532,1.291522429,1.401090258,1.67786535,0.2036919,1.277665872,2663569.908,1955,0.29073766,5507613.325,395736.594,0.14536883,319800,CBA
Melanogrammus_aeglefinus-Atlantic_Northeast,Melanogrammus aeglefinus,Haddock,"Cods, hakes, haddocks",Atlantic Northeast,0.869608934,1.141839938,1.271178092,1.379946024,1.631569387,0.191332049,1.257175122,2663569.908,1956,0.29073766,5507613.325,395736.594,0.14536883,402700,CBA
Melanogrammus_aeglefinus-Atlantic_Northeast,Melanogrammus aeglefinus,Haddock,"Cods, hakes, haddocks",Atlantic Northeast,0.881304388,1.149635485,1.277626895,1.390591566,1.620211734,0.186854251,1.26757641,2663569.908,1957,0.29073766,5507613.325,395736.594,0.14536883,363300,CBA
Melanogrammus_aeglefinus-Atlantic_Northeast,Melanogrammus aeglefinus,Haddock,"Cods, hakes, haddocks",Atlantic Northeast,0.927793167,1.180702589,1.310506387,1.41792001,1.619234647,0.181478472,1.294111353,2663569.908,1958,0.29073766,5507613.325,395736.594,0.14536883,332300,CBA
Melanogrammus_aeglefinus-Atlantic_Northeast,Melanogrammus aeglefinus,Haddock,"Cods, hakes, haddocks",Atlantic Northeast,0.965535258,1.217756846,1.331082159,1.432838284,1.655167659,0.177669865,1.323035675,2663569.908,1959,0.29073766,5507613.325,395736.594,0.14536883,291200,CBA
Melanogrammus_aeglefinus-Atlantic_Northeast,Melanogrammus aeglefinus,Haddock,"Cods, hakes, haddocks",Atlantic Northeast,0.989026009,1.225888642,1.329082731,1.43748457,1.642911547,0.163512581,1.326900118,2663569.908,1960,0.29073766,5507613.325,395736.594,0.14536883,356100,CBA
Melanogrammus_aeglefinus-Atlantic_Northeast,Melanogrammus aeglefinus,Haddock,"Cods, hakes, haddocks",Atlantic Northeast,0.980530411,1.22895552,1.331442046,1.425041469,1.611512449,0.157216332,1.323785196,2663569.908,1961,0.29073766,5507613.325,395736.594,0.14536883,372200,CBA
Melanogrammus_aeglefinus-Atlantic_Northeast,Melanogrammus aeglefinus,Haddock,"Cods, hakes, haddocks",Atlantic Northeast,1.017063287,1.223699643,1.320451159,1.418317436,1.585009216,0.147467813,1.313170662,2663569.908,1962,0.29073766,5507613.325,395736.594,0.14536883,409200,CBA
Melanogrammus_aeglefinus-Atlantic_Northeast,Melanogrammus aeglefinus,Haddock,"Cods, hakes, haddocks",Atlantic Northeast,1.033370125,1.231485498,1.326492301,1.406571175,1.582649042,0.137985396,1.31580307,2663569.908,1963,0.29073766,5507613.325,395736.594,0.14536883,383300,CBA
Melanogrammus_aeglefinus-Atlantic_Northeast,Melanogrammus aeglefinus,Haddock,"Cods, hakes, haddocks",Atlantic Northeast,1.017650402,1.209853374,1.299013342,1.381612973,1.564185553,0.135806825,1.29599974,2663569.908,1964,0.29073766,5507613.325,395736.594,0.14536883,443200,CBA
Melanogrammus_aeglefinus-Atlantic_Northeast,Melanogrammus aeglefinus,Haddock,"Cods, hakes, haddocks",Atlantic Northeast,1.009201328,1.175291204,1.248608165,1.329867403,1.506699279,0.129853408,1.250754521,2663569.908,1965,0.29073766,5507613.325,395736.594,0.14536883,500000,CBA
Melanogrammus_aeglefinus-Atlantic_Northeast,Melanogrammus aeglefinus,Haddock,"Cods, hakes, haddocks",Atlantic Northeast,0.970998218,1.119873204,1.202962941,1.284839319,1.464857653,0.124102147,1.205061827,2663569.908,1966,0.29073766,5507613.325,395736.594,0.14536883,525800,CBA
Melanogrammus_aeglefinus-Atlantic_Northeast,Melanogrammus aeglefinus,Haddock,"Cods, hakes, haddocks",Atlantic Northeast,0.999627427,1.151468757,1.222310325,1.295239976,1.475302222,0.119441257,1.221268014,2663569.908,1967,0.29073766,5507613.325,395736.594,0.14536883,368400,CBA
Melanogrammus_aeglefinus-Atlantic_Northeast,Melanogrammus aeglefinus,Haddock,"Cods, hakes, haddocks",Atlantic Northeast,1.023116472,1.158787262,1.223508959,1.28609687,1.433860562,0.109375129,1.224189891,2663569.908,1968,0.29073766,5507613.325,395736.594,0.14536883,390700,CBA
Melanogrammus_aeglefinus-Atlantic_Northeast,Melanogrammus aeglefinus,Haddock,"Cods, hakes, haddocks",Atlantic Northeast,0.872441851,0.981827359,1.041209878,1.10438536,1.23078484,0.094616295,1.044468819,2663569.908,1969,0.29073766,5507613.325,395736.594,0.14536883,889200,CBA
Melanogrammus_aeglefinus-Atlantic_Northeast,Melanogrammus aeglefinus,Haddock,"Cods, hakes, haddocks",Atlantic Northeast,0.711728487,0.821346906,0.871245679,0.933433375,1.055555541,0.086685802,0.876613114,2663569.908,1970,0.29073766,5507613.325,395736.594,0.14536883,866200,CBA
Melanogrammus_aeglefinus-Atlantic_Northeast,Melanogrammus aeglefinus,Haddock,"Cods, hakes, haddocks",Atlantic Northeast,0.710554894,0.801451257,0.855586013,0.903370128,1.006010248,0.078303777,0.853811843,2663569.908,1971,0.29073766,5507613.325,395736.594,0.14536883,459200,CBA
Melanogrammus_aeglefinus-Atlantic_Northeast,Melanogrammus aeglefinus,Haddock,"Cods, hakes, haddocks",Atlantic Northeast,0.673597085,0.749891283,0.806522634,0.8560915,0.958570077,0.075655172,0.80537435,2663569.908,1972,0.29073766,5507613.325,395736.594,0.14536883,523900,CBA
Melanogrammus_aeglefinus-Atlantic_Northeast,Melanogrammus aeglefinus,Haddock,"Cods, hakes, haddocks",Atlantic Northeast,0.591208596,0.677364232,0.720707785,0.775328288,0.90011185,0.076142315,0.728759839,2663569.908,1973,0.29073766,5507613.325,395736.594,0.14536883,600200,CBA
Melanogrammus_aeglefinus-Atlantic_Northeast,Melanogrammus aeglefinus,Haddock,"Cods, hakes, haddocks",Atlantic Northeast,0.523278439,0.604713353,0.646407746,0.701290719,0.831778117,0.075729486,0.657771862,2663569.908,1974,0.29073766,5507613.325,395736.594,0.14536883,558915,CBA
Melanogrammus_aeglefinus-Atlantic_Northeast,Melanogrammus aeglefinus,Haddock,"Cods, hakes, haddocks",Atlantic Northeast,0.474533502,0.554736988,0.593306667,0.639941748,0.775149781,0.072185822,0.599940291,2663569.908,1975,0.29073766,5507613.325,395736.594,0.14536883,501479,CBA
Melanogrammus_aeglefinus-Atlantic_Northeast,Melanogrammus aeglefinus,Haddock,"Cods, hakes, haddocks",Atlantic Northeast,0.425923693,0.495059764,0.532797355,0.584618992,0.712548607,0.07176286,0.54270946,2663569.908,1976,0.29073766,5507613.325,395736.594,0.14536883,489254,CBA
Melanogrammus_aeglefinus-Atlantic_Northeast,Melanogrammus aeglefinus,Haddock,"Cods, hakes, haddocks",Atlantic Northeast,0.403089266,0.470105349,0.51477739,0.566711276,0.684476475,0.07119807,0.520707175,2663569.908,1977,0.29073766,5507613.325,395736.594,0.14536883,364399,CBA
Melanogrammus_aeglefinus-Atlantic_Northeast,Melanogrammus aeglefinus,Haddock,"Cods, hakes, haddocks",Atlantic Northeast,0.414579671,0.477929973,0.52232179,0.57502062,0.679710933,0.071268267,0.529473833,2663569.908,1978,0.29073766,5507613.325,395736.594,0.14536883,279492,CBA
Melanogrammus_aeglefinus-Atlantic_Northeast,Melanogrammus aeglefinus,Haddock,"Cods, hakes, haddocks",Atlantic Northeast,0.423795052,0.481919242,0.524732507,0.581855555,0.688425644,0.07006152,0.533597939,2663569.908,1979,0.29073766,5507613.325,395736.594,0.14536883,290212,CBA
Melanogrammus_aeglefinus-Atlantic_Northeast,Melanogrammus aeglefinus,Haddock,"Cods, hakes, haddocks",Atlantic Northeast,0.420976406,0.48638464,0.530290246,0.582843993,0.69428019,0.071435716,0.538540389,2663569.908,1980,0.29073766,5507613.325,395736.594,0.14536883,296235,CBA
Melanogrammus_aeglefinus-Atlantic_Northeast,Melanogrammus aeglefinus,Haddock,"Cods, hakes, haddocks",Atlantic Northeast,0.416795257,0.474009985,0.513828672,0.565829633,0.686013254,0.070076126,0.524742266,2663569.908,1981,0.29073766,5507613.325,395736.594,0.14536883,334795,CBA
Melanogrammus_aeglefinus-Atlantic_Northeast,Melanogrammus aeglefinus,Haddock,"Cods, hakes, haddocks",Atlantic Northeast,0.399662299,0.452604274,0.494409645,0.538177794,0.649499936,0.067818946,0.501662888,2663569.908,1982,0.29073766,5507613.325,395736.594,0.14536883,355971,CBA
Melanogrammus_aeglefinus-Atlantic_Northeast,Melanogrammus aeglefinus,Haddock,"Cods, hakes, haddocks",Atlantic Northeast,0.387215215,0.441860838,0.486103797,0.52845447,0.652915473,0.066676537,0.49036922,2663569.908,1983,0.29073766,5507613.325,395736.594,0.14536883,317250,CBA
Melanogrammus_aeglefinus-Atlantic_Northeast,Melanogrammus aeglefinus,Haddock,"Cods, hakes, haddocks",Atlantic Northeast,0.399433684,0.456841898,0.498996186,0.541850634,0.648737217,0.066951319,0.503833702,2663569.908,1984,0.29073766,5507613.325,395736.594,0.14536883,257438,CBA
Melanogrammus_aeglefinus-Atlantic_Northeast,Melanogrammus aeglefinus,Haddock,"Cods, hakes, haddocks",Atlantic Northeast,0.38825367,0.435880011,0.48383711,0.522225769,0.626988394,0.065938652,0.487145171,2663569.908,1985,0.29073766,5507613.325,395736.594,0.14536883,329432,CBA
Melanogrammus_aeglefinus-Atlantic_Northeast,Melanogrammus aeglefinus,Haddock,"Cods, hakes, haddocks",Atlantic Northeast,0.353174959,0.407928868,0.456474642,0.499092222,0.61026027,0.069082021,0.459999919,2663569.908,1986,0.29073766,5507613.325,395736.594,0.14536883,363987,CBA
Melanogrammus_aeglefinus-Atlantic_Northeast,Melanogrammus aeglefinus,Haddock,"Cods, hakes, haddocks",Atlantic Northeast,0.317459343,0.373351764,0.423161855,0.463710344,0.587313107,0.071783034,0.428056063,2663569.908,1987,0.29073766,5507613.325,395736.594,0.14536883,363079,CBA
Melanogrammus_aeglefinus-Atlantic_Northeast,Melanogrammus aeglefinus,Haddock,"Cods, hakes, haddocks",Atlantic Northeast,0.291660817,0.355564551,0.403815998,0.450536634,0.585465862,0.077672489,0.411127332,2663569.908,1988,0.29073766,5507613.325,395736.594,0.14536883,303553,CBA
Melanogrammus_aeglefinus-Atlantic_Northeast,Melanogrammus aeglefinus,Haddock,"Cods, hakes, haddocks",Atlantic Northeast,0.289168776,0.355451601,0.406535022,0.462779734,0.585431897,0.080578262,0.414210957,2663569.908,1989,0.29073766,5507613.325,395736.594,0.14536883,239237,CBA
Melanogrammus_aeglefinus-Atlantic_Northeast,Melanogrammus aeglefinus,Haddock,"Cods, hakes, haddocks",Atlantic Northeast,0.311306598,0.378662278,0.431297873,0.487886857,0.597502636,0.08055714,0.437863304,2663569.908,1990,0.29073766,5507613.325,395736.594,0.14536883,178433,CBA
Melanogrammus_aeglefinus-Atlantic_Northeast,Melanogrammus aeglefinus,Haddock,"Cods, hakes, haddocks",Atlantic Northeast,0.34841261,0.410730556,0.45982203,0.509081616,0.638388003,0.083969442,0.471510151,2663569.908,1991,0.29073766,5507613.325,395736.594,0.14536883,166108,CBA
Melanogrammus_aeglefinus-Atlantic_Northeast,Melanogrammus aeglefinus,Haddock,"Cods, hakes, haddocks",Atlantic Northeast,0.369163339,0.443608823,0.490082162,0.548114148,0.676421307,0.085135928,0.504103364,2663569.908,1992,0.29073766,5507613.325,395736.594,0.14536883,183063,CBA
Melanogrammus_aeglefinus-Atlantic_Northeast,Melanogrammus aeglefinus,Haddock,"Cods, hakes, haddocks",Atlantic Northeast,0.384374023,0.462836872,0.515475762,0.569647342,0.709191876,0.090351747,0.525958189,2663569.908,1993,0.29073766,5507613.325,395736.594,0.14536883,237071,CBA
Melanogrammus_aeglefinus-Atlantic_Northeast,Melanogrammus aeglefinus,Haddock,"Cods, hakes, haddocks",Atlantic Northeast,0.377527732,0.457466643,0.506250068,0.565385535,0.704248176,0.091816659,0.520679169,2663569.908,1994,0.29073766,5507613.325,395736.594,0.14536883,304901,CBA
Melanogrammus_aeglefinus-Atlantic_Northeast,Melanogrammus aeglefinus,Haddock,"Cods, hakes, haddocks",Atlantic Northeast,0.383561867,0.447272949,0.494609212,0.560286832,0.713569333,0.092541562,0.512426391,2663569.908,1995,0.29073766,5507613.325,395736.594,0.14536883,309429,CBA
Melanogrammus_aeglefinus-Atlantic_Northeast,Melanogrammus aeglefinus,Haddock,"Cods, hakes, haddocks",Atlantic Northeast,0.362468931,0.423714251,0.474464632,0.53668274,0.69612187,0.095688556,0.492814713,2663569.908,1996,0.29073766,5507613.325,395736.594,0.14536883,351008,CBA
Melanogrammus_aeglefinus-Atlantic_Northeast,Melanogrammus aeglefinus,Haddock,"Cods, hakes, haddocks",Atlantic Northeast,0.342178891,0.410352776,0.453982616,0.526422197,0.703112057,0.096455214,0.476565315,2663569.908,1997,0.29073766,5507613.325,395736.594,0.14536883,322746,CBA
Melanogrammus_aeglefinus-Atlantic_Northeast,Melanogrammus aeglefinus,Haddock,"Cods, hakes, haddocks",Atlantic Northeast,0.341185567,0.408920317,0.458917905,0.522712982,0.706670911,0.101841064,0.478559319,2663569.908,1998,0.29073766,5507613.325,395736.594,0.14536883,269036,CBA
Melanogrammus_aeglefinus-Atlantic_Northeast,Melanogrammus aeglefinus,Haddock,"Cods, hakes, haddocks",Atlantic Northeast,0.343625881,0.419806163,0.467577041,0.538447129,0.728881837,0.103984173,0.490259678,2663569.908,1999,0.29073766,5507613.325,395736.594,0.14536883,235725,CBA
Melanogrammus_aeglefinus-Atlantic_Northeast,Melanogrammus aeglefinus,Haddock,"Cods, hakes, haddocks",Atlantic Northeast,0.370223792,0.44910097,0.498412013,0.572431299,0.748809302,0.104530776,0.519694256,2663569.908,2000,0.29073766,5507613.325,395736.594,0.14536883,196111,CBA
Melanogrammus_aeglefinus-Atlantic_Northeast,Melanogrammus aeglefinus,Haddock,"Cods, hakes, haddocks",Atlantic Northeast,0.396803642,0.470350985,0.535869383,0.605015038,0.790591634,0.10762066,0.549898067,2663569.908,2001,0.29073766,5507613.325,395736.594,0.14536883,208290,CBA
Melanogrammus_aeglefinus-Atlantic_Northeast,Melanogrammus aeglefinus,Haddock,"Cods, hakes, haddocks",Atlantic Northeast,0.415580371,0.495088354,0.546433797,0.624884161,0.820184918,0.107360288,0.568007644,2663569.908,2002,0.29073766,5507613.325,395736.594,0.14536883,247470,CBA
Melanogrammus_aeglefinus-Atlantic_Northeast,Melanogrammus aeglefinus,Haddock,"Cods, hakes, haddocks",Atlantic Northeast,0.423425549,0.51000987,0.568151439,0.646720513,0.817802433,0.107989251,0.585023308,2663569.908,2003,0.29073766,5507613.325,395736.594,0.14536883,258706,CBA
Melanogrammus_aeglefinus-Atlantic_Northeast,Melanogrammus aeglefinus,Haddock,"Cods, hakes, haddocks",Atlantic Northeast,0.425143204,0.509512107,0.56812769,0.648093988,0.835765339,0.110504986,0.589658447,2663569.908,2004,0.29073766,5507613.325,395736.594,0.14536883,300172,CBA
Melanogrammus_aeglefinus-Atlantic_Northeast,Melanogrammus aeglefinus,Haddock,"Cods, hakes, haddocks",Atlantic Northeast,0.432760542,0.516480375,0.577684036,0.659936383,0.852909746,0.112449623,0.600416693,2663569.908,2005,0.29073766,5507613.325,395736.594,0.14536883,283553,CBA
Melanogrammus_aeglefinus-Atlantic_Northeast,Melanogrammus aeglefinus,Haddock,"Cods, hakes, haddocks",Atlantic Northeast,0.441419317,0.522879551,0.584884145,0.680874458,0.87236725,0.115459512,0.608222567,2663569.908,2006,0.29073766,5507613.325,395736.594,0.14536883,298724,CBA
Melanogrammus_aeglefinus-Atlantic_Northeast,Melanogrammus aeglefinus,Haddock,"Cods, hakes, haddocks",Atlantic Northeast,0.434822047,0.524967587,0.589332307,0.677584568,0.852273666,0.115787949,0.609845439,2663569.908,2007,0.29073766,5507613.325,395736.594,0.14536883,316287,CBA
Melanogrammus_aeglefinus-Atlantic_Northeast,Melanogrammus aeglefinus,Haddock,"Cods, hakes, haddocks",Atlantic Northeast,0.435114537,0.524252817,0.592920053,0.699154044,0.857231549,0.119235155,0.613903841,2663569.908,2008,0.29073766,5507613.325,395736.594,0.14536883,305011,CBA
Melanogrammus_aeglefinus-Atlantic_Northeast,Melanogrammus aeglefinus,Haddock,"Cods, hakes, haddocks",Atlantic Northeast,0.419501162,0.511779995,0.591720316,0.70216165,0.850719395,0.122828727,0.609566316,2663569.908,2009,0.29073766,5507613.325,395736.594,0.14536883,336362,CBA
Melanogrammus_aeglefinus-Atlantic_Northeast,Melanogrammus aeglefinus,Haddock,"Cods, hakes, haddocks",Atlantic Northeast,0.385854331,0.496352402,0.576167165,0.689399707,0.843998296,0.126327878,0.594445025,2663569.908,2010,0.29073766,5507613.325,395736.594,0.14536883,364174,CBA
Melanogrammus_aeglefinus-Atlantic_Northeast,Melanogrammus aeglefinus,Haddock,"Cods, hakes, haddocks",Atlantic Northeast,0.338407283,0.449012212,0.549315009,0.666490044,0.82161619,0.132869413,0.559102071,2663569.908,2011,0.29073766,5507613.325,395736.594,0.14536883,409020,CBA
Melanogrammus_aeglefinus-Atlantic_Northeast,Melanogrammus aeglefinus,Haddock,"Cods, hakes, haddocks",Atlantic Northeast,0.272540322,0.403476081,0.517804289,0.635813195,0.777982794,0.143160064,0.516345586,2663569.908,2012,0.29073766,5507613.325,395736.594,0.14536883,419480,CBA
Melanogrammus_aeglefinus-Atlantic_Northeast,Melanogrammus aeglefinus,Haddock,"Cods, hakes, haddocks",Atlantic Northeast,0.233793363,0.383036399,0.51267792,0.6563854,0.789733548,0.160739038,0.513137526,2663569.908,2013,0.29073766,5507613.325,395736.594,0.14536883,298240,CBA
Melanogrammus_aeglefinus-Atlantic_Northeast,Melanogrammus aeglefinus,Haddock,"Cods, hakes, haddocks",Atlantic Northeast,0.195851907,0.372615306,0.526163779,0.673373454,0.795977173,0.177869525,0.516582571,2663569.908,2014,0.29073766,5507613.325,395736.594,0.14536883,267229,CBA
Melanogrammus_aeglefinus-Atlantic_Northeast,Melanogrammus aeglefinus,Haddock,"Cods, hakes, haddocks",Atlantic Northeast,0.144468489,0.359338045,0.537216823,0.691603746,0.805301281,0.197529598,0.515579898,2663569.908,2015,0.29073766,5507613.325,395736.594,0.14536883,284410,CBA
Melanogrammus_aeglefinus-Atlantic_Northeast,Melanogrammus aeglefinus,Haddock,"Cods, hakes, haddocks",Atlantic Northeast,0.069289262,0.319205035,0.537539181,0.707278782,0.788602927,0.222292767,0.501003921,2663569.908,2016,0.29073766,5507613.325,395736.594,0.14536883,320373,CBA
Melanogrammus_aeglefinus-Atlantic_Northwest,Melanogrammus aeglefinus,Haddock,"Cods, hakes, haddocks",Atlantic Northwest,NA,NA,NA,NA,NA,NA,NA,NA,NA,NA,NA,NA,NA,NA,CBA
Mercenaria_mercenaria-Atlantic_Northwest,Mercenaria mercenaria,Northern quahog(=Hard clam),"Clams, cockles, arkshells",Atlantic Northwest,NA,NA,NA,NA,NA,NA,NA,NA,NA,NA,NA,NA,NA,NA,Domestic
Meretrix_lusoria-Pacific_Northwest,Meretrix lusoria,Japanese hard clam,"Clams, cockles, arkshells",Pacific Northwest,NA,NA,NA,NA,NA,NA,NA,NA,NA,NA,NA,NA,NA,NA,Domestic
Mugil_cephalus-Atlantic_Western Central,Mugil cephalus,Flathead grey mullet,Miscellaneous coastal fishes,Atlantic Western Central,0.411578348,0.568195292,0.785351879,1.075397011,1.524169447,0.321053426,0.84466137,31145.25866,1950,0.621540843,94073.87925,12915.36014,0.310770421,4000,Domestic
Mugil_cephalus-Atlantic_Western Central,Mugil cephalus,Flathead grey mullet,Miscellaneous coastal fishes,Atlantic Western Central,0.459906833,0.705576003,0.981590114,1.312353934,1.750463908,0.374199306,1.024075801,31145.25866,1951,0.621540843,94073.87925,12915.36014,0.310770421,4000,Domestic
Mugil_cephalus-Atlantic_Western Central,Mugil cephalus,Flathead grey mullet,Miscellaneous coastal fishes,Atlantic Western Central,0.517648366,0.851104738,1.193079489,1.526999755,1.864984393,0.398195293,1.190795934,31145.25866,1952,0.621540843,94073.87925,12915.36014,0.310770421,4000,Domestic
Mugil_cephalus-Atlantic_Western Central,Mugil cephalus,Flathead grey mullet,Miscellaneous coastal fishes,Atlantic Western Central,0.582099219,1.011457942,1.385599165,1.677732225,1.92175022,0.397107188,1.334108464,31145.25866,1953,0.621540843,94073.87925,12915.36014,0.310770421,3800,Domestic
Mugil_cephalus-Atlantic_Western Central,Mugil cephalus,Flathead grey mullet,Miscellaneous coastal fishes,Atlantic Western Central,0.678794829,1.187650127,1.56889725,1.80032676,1.964886358,0.379511219,1.475527938,31145.25866,1954,0.621540843,94073.87925,12915.36014,0.310770421,2300,Domestic
Mugil_cephalus-Atlantic_Western Central,Mugil cephalus,Flathead grey mullet,Miscellaneous coastal fishes,Atlantic Western Central,0.782505264,1.348169004,1.681938417,1.83870098,1.97191076,0.340588453,1.567025644,31145.25866,1955,0.621540843,94073.87925,12915.36014,0.310770421,2700,Domestic
Mugil_cephalus-Atlantic_Western Central,Mugil cephalus,Flathead grey mullet,Miscellaneous coastal fishes,Atlantic Western Central,0.88308331,1.466743539,1.727677719,1.845473805,1.971332266,0.298166067,1.624771022,31145.25866,1956,0.621540843,94073.87925,12915.36014,0.310770421,3200,Domestic
Mugil_cephalus-Atlantic_Western Central,Mugil cephalus,Flathead grey mullet,Miscellaneous coastal fishes,Atlantic Western Central,0.99652185,1.568642131,1.768073188,1.865610387,1.979206568,0.26136879,1.680605187,31145.25866,1957,0.621540843,94073.87925,12915.36014,0.310770421,2700,Domestic
Mugil_cephalus-Atlantic_Western Central,Mugil cephalus,Flathead grey mullet,Miscellaneous coastal fishes,Atlantic Western Central,1.102789203,1.638514299,1.789580625,1.874108744,1.979183463,0.226303354,1.720445656,31145.25866,1958,0.621540843,94073.87925,12915.36014,0.310770421,2800,Domestic
Mugil_cephalus-Atlantic_Western Central,Mugil cephalus,Flathead grey mullet,Miscellaneous coastal fishes,Atlantic Western Central,1.209321807,1.688521938,1.808573038,1.888377081,1.98327433,0.196426618,1.755890686,31145.25866,1959,0.621540843,94073.87925,12915.36014,0.310770421,2500,Domestic
Mugil_cephalus-Atlantic_Western Central,Mugil cephalus,Flathead grey mullet,Miscellaneous coastal fishes,Atlantic Western Central,1.307885037,1.718117847,1.818449647,1.891899715,1.982482649,0.169476596,1.779224133,31145.25866,1960,0.621540843,94073.87925,12915.36014,0.310770421,2500,Domestic
Mugil_cephalus-Atlantic_Western Central,Mugil cephalus,Flathead grey mullet,Miscellaneous coastal fishes,Atlantic Western Central,1.388785989,1.735349788,1.826158052,1.896902375,1.983429395,0.149586387,1.795099017,31145.25866,1961,0.621540843,94073.87925,12915.36014,0.310770421,2700,Domestic
Mugil_cephalus-Atlantic_Western Central,Mugil cephalus,Flathead grey mullet,Miscellaneous coastal fishes,Atlantic Western Central,1.447759084,1.742906235,1.827746743,1.895939343,1.982274556,0.134305084,1.803750609,31145.25866,1962,0.621540843,94073.87925,12915.36014,0.310770421,3000,Domestic
Mugil_cephalus-Atlantic_Western Central,Mugil cephalus,Flathead grey mullet,Miscellaneous coastal fishes,Atlantic Western Central,1.476566529,1.706200238,1.783624354,1.853914676,1.965052769,0.123451569,1.770221216,31145.25866,1963,0.621540843,94073.87925,12915.36014,0.310770421,5100,Domestic
Mugil_cephalus-Atlantic_Western Central,Mugil cephalus,Flathead grey mullet,Miscellaneous coastal fishes,Atlantic Western Central,1.494884194,1.698478616,1.776316139,1.848482954,1.963536029,0.119391778,1.765644593,31145.25866,1964,0.621540843,94073.87925,12915.36014,0.310770421,4800,Domestic
Mugil_cephalus-Atlantic_Western Central,Mugil cephalus,Flathead grey mullet,Miscellaneous coastal fishes,Atlantic Western Central,1.498630447,1.690318969,1.76496561,1.836492611,1.957720036,0.117403422,1.756922357,31145.25866,1965,0.621540843,94073.87925,12915.36014,0.310770421,5100,Domestic
Mugil_cephalus-Atlantic_Western Central,Mugil cephalus,Flathead grey mullet,Miscellaneous coastal fishes,Atlantic Western Central,1.49908368,1.686821119,1.762692795,1.835220285,1.956911178,0.116348247,1.755488257,31145.25866,1966,0.621540843,94073.87925,12915.36014,0.310770421,5000,Domestic
Mugil_cephalus-Atlantic_Western Central,Mugil cephalus,Flathead grey mullet,Miscellaneous coastal fishes,Atlantic Western Central,1.520170355,1.704220617,1.784123103,1.856263629,1.968883595,0.11540285,1.774156439,31145.25866,1967,0.621540843,94073.87925,12915.36014,0.310770421,4000,Domestic
Mugil_cephalus-Atlantic_Western Central,Mugil cephalus,Flathead grey mullet,Miscellaneous coastal fishes,Atlantic Western Central,1.533223013,1.709564843,1.784661414,1.854151542,1.965376467,0.111322905,1.776141951,31145.25866,1968,0.621540843,94073.87925,12915.36014,0.310770421,4300,Domestic
Mugil_cephalus-Atlantic_Western Central,Mugil cephalus,Flathead grey mullet,Miscellaneous coastal fishes,Atlantic Western Central,1.547505512,1.717041316,1.792511108,1.864546742,1.968657559,0.108978876,1.785354457,31145.25866,1969,0.621540843,94073.87925,12915.36014,0.310770421,4000,Domestic
Mugil_cephalus-Atlantic_Western Central,Mugil cephalus,Flathead grey mullet,Miscellaneous coastal fishes,Atlantic Western Central,1.573284078,1.734183357,1.809655866,1.880028398,1.977205829,0.107031658,1.80099221,31145.25866,1970,0.621540843,94073.87925,12915.36014,0.310770421,3500,Domestic
Mugil_cephalus-Atlantic_Western Central,Mugil cephalus,Flathead grey mullet,Miscellaneous coastal fishes,Atlantic Western Central,1.57773538,1.735206274,1.807651424,1.874156781,1.974349608,0.103423991,1.800156777,31145.25866,1971,0.621540843,94073.87925,12915.36014,0.310770421,3900,Domestic
Mugil_cephalus-Atlantic_Western Central,Mugil cephalus,Flathead grey mullet,Miscellaneous coastal fishes,Atlantic Western Central,1.568687787,1.718972664,1.793779986,1.861347888,1.968966639,0.103962754,1.786590002,31145.25866,1972,0.621540843,94073.87925,12915.36014,0.310770421,4600,Domestic
Mugil_cephalus-Atlantic_Western Central,Mugil cephalus,Flathead grey mullet,Miscellaneous coastal fishes,Atlantic Western Central,1.554289126,1.708992631,1.780456916,1.848851092,1.958309853,0.103639921,1.775029755,31145.25866,1973,0.621540843,94073.87925,12915.36014,0.310770421,4900,Domestic
Mugil_cephalus-Atlantic_Western Central,Mugil cephalus,Flathead grey mullet,Miscellaneous coastal fishes,Atlantic Western Central,1.563176066,1.711180883,1.784930727,1.855156457,1.964106272,0.104330958,1.779657131,31145.25866,1974,0.621540843,94073.87925,12915.36014,0.310770421,4477,Domestic
Mugil_cephalus-Atlantic_Western Central,Mugil cephalus,Flathead grey mullet,Miscellaneous coastal fishes,Atlantic Western Central,1.545947103,1.696527755,1.76906063,1.837721079,1.955465366,0.104802472,1.763969082,31145.25866,1975,0.621540843,94073.87925,12915.36014,0.310770421,5276,Domestic
Mugil_cephalus-Atlantic_Western Central,Mugil cephalus,Flathead grey mullet,Miscellaneous coastal fishes,Atlantic Western Central,1.547026147,1.699275908,1.77161574,1.842487444,1.958158895,0.105422775,1.767579376,31145.25866,1976,0.621540843,94073.87925,12915.36014,0.310770421,4926,Domestic
Mugil_cephalus-Atlantic_Western Central,Mugil cephalus,Flathead grey mullet,Miscellaneous coastal fishes,Atlantic Western Central,1.542997643,1.696723645,1.770172546,1.839996772,1.957863949,0.106096167,1.765454961,31145.25866,1977,0.621540843,94073.87925,12915.36014,0.310770421,4976,Domestic
Mugil_cephalus-Atlantic_Western Central,Mugil cephalus,Flathead grey mullet,Miscellaneous coastal fishes,Atlantic Western Central,1.531262862,1.684549751,1.757903189,1.828236527,1.952439973,0.106819833,1.7538928,31145.25866,1978,0.621540843,94073.87925,12915.36014,0.310770421,5571,Domestic
Mugil_cephalus-Atlantic_Western Central,Mugil cephalus,Flathead grey mullet,Miscellaneous coastal fishes,Atlantic Western Central,1.529002293,1.679126339,1.75154697,1.821262501,1.947420583,0.106413542,1.748323849,31145.25866,1979,0.621540843,94073.87925,12915.36014,0.310770421,5567,Domestic
Mugil_cephalus-Atlantic_Western Central,Mugil cephalus,Flathead grey mullet,Miscellaneous coastal fishes,Atlantic Western Central,1.50118427,1.644172544,1.715388536,1.786999657,1.918352747,0.106434249,1.714099726,31145.25866,1980,0.621540843,94073.87925,12915.36014,0.310770421,6934,Domestic
Mugil_cephalus-Atlantic_Western Central,Mugil cephalus,Flathead grey mullet,Miscellaneous coastal fishes,Atlantic Western Central,1.509299618,1.658747081,1.734186247,1.806293403,1.940014402,0.109157215,1.731240448,31145.25866,1981,0.621540843,94073.87925,12915.36014,0.310770421,5470,Domestic
Mugil_cephalus-Atlantic_Western Central,Mugil cephalus,Flathead grey mullet,Miscellaneous coastal fishes,Atlantic Western Central,1.507376246,1.658726011,1.733562158,1.808449669,1.935239933,0.109094213,1.731548976,31145.25866,1982,0.621540843,94073.87925,12915.36014,0.310770421,5820,Domestic
Mugil_cephalus-Atlantic_Western Central,Mugil cephalus,Flathead grey mullet,Miscellaneous coastal fishes,Atlantic Western Central,1.469632637,1.612503578,1.684041073,1.753844651,1.892319611,0.106663788,1.682883404,31145.25866,1983,0.621540843,94073.87925,12915.36014,0.310770421,7967,Domestic
Mugil_cephalus-Atlantic_Western Central,Mugil cephalus,Flathead grey mullet,Miscellaneous coastal fishes,Atlantic Western Central,1.422003789,1.559106656,1.629698323,1.699824802,1.846673073,0.10691511,1.630505424,31145.25866,1984,0.621540843,94073.87925,12915.36014,0.310770421,9194,Domestic
Mugil_cephalus-Atlantic_Western Central,Mugil cephalus,Flathead grey mullet,Miscellaneous coastal fishes,Atlantic Western Central,1.402893459,1.53670941,1.609863772,1.680784163,1.830038256,0.109022269,1.610668658,31145.25866,1985,0.621540843,94073.87925,12915.36014,0.310770421,8874,Domestic
Mugil_cephalus-Atlantic_Western Central,Mugil cephalus,Flathead grey mullet,Miscellaneous coastal fishes,Atlantic Western Central,1.367002309,1.506444658,1.579061677,1.651122955,1.800150639,0.109551832,1.579916307,31145.25866,1986,0.621540843,94073.87925,12915.36014,0.310770421,9679,Domestic
Mugil_cephalus-Atlantic_Western Central,Mugil cephalus,Flathead grey mullet,Miscellaneous coastal fishes,Atlantic Western Central,1.336886028,1.467437377,1.539268146,1.613047222,1.768164657,0.109952937,1.542670634,31145.25866,1987,0.621540843,94073.87925,12915.36014,0.310770421,10489,Domestic
Mugil_cephalus-Atlantic_Western Central,Mugil cephalus,Flathead grey mullet,Miscellaneous coastal fishes,Atlantic Western Central,1.317474716,1.460348057,1.533397199,1.610735116,1.75751982,0.111991282,1.535186027,31145.25866,1988,0.621540843,94073.87925,12915.36014,0.310770421,9831,Domestic
Mugil_cephalus-Atlantic_Western Central,Mugil cephalus,Flathead grey mullet,Miscellaneous coastal fishes,Atlantic Western Central,1.252908937,1.382607074,1.451863512,1.524796673,1.681547334,0.108973434,1.455957627,31145.25866,1989,0.621540843,94073.87925,12915.36014,0.310770421,12942,Domestic
Mugil_cephalus-Atlantic_Western Central,Mugil cephalus,Flathead grey mullet,Miscellaneous coastal fishes,Atlantic Western Central,1.141803309,1.26029184,1.33107697,1.407821515,1.582097939,0.111836735,1.3387477,31145.25866,1990,0.621540843,94073.87925,12915.36014,0.310770421,15716,Domestic
Mugil_cephalus-Atlantic_Western Central,Mugil cephalus,Flathead grey mullet,Miscellaneous coastal fishes,Atlantic Western Central,1.070058908,1.190521749,1.261849198,1.344865411,1.521428848,0.115914881,1.271875965,31145.25866,1991,0.621540843,94073.87925,12915.36014,0.310770421,14811,Domestic
Mugil_cephalus-Atlantic_Western Central,Mugil cephalus,Flathead grey mullet,Miscellaneous coastal fishes,Atlantic Western Central,1.015390831,1.131836698,1.204807683,1.29004341,1.47814363,0.119535483,1.216557326,31145.25866,1992,0.621540843,94073.87925,12915.36014,0.310770421,14817,Domestic
Mugil_cephalus-Atlantic_Western Central,Mugil cephalus,Flathead grey mullet,Miscellaneous coastal fishes,Atlantic Western Central,0.953123706,1.063797842,1.139865406,1.233610982,1.427246641,0.124455357,1.154769975,31145.25866,1993,0.621540843,94073.87925,12915.36014,0.310770421,15398,Domestic
Mugil_cephalus-Atlantic_Western Central,Mugil cephalus,Flathead grey mullet,Miscellaneous coastal fishes,Atlantic Western Central,0.858783693,0.967537772,1.048495344,1.152422231,1.366857177,0.133982622,1.067288067,31145.25866,1994,0.621540843,94073.87925,12915.36014,0.310770421,16694,Domestic
Mugil_cephalus-Atlantic_Western Central,Mugil cephalus,Flathead grey mullet,Miscellaneous coastal fishes,Atlantic Western Central,0.748001005,0.859867218,0.955065539,1.072031466,1.307156442,0.15057906,0.976259492,31145.25866,1995,0.621540843,94073.87925,12915.36014,0.310770421,16999,Domestic
Mugil_cephalus-Atlantic_Western Central,Mugil cephalus,Flathead grey mullet,Miscellaneous coastal fishes,Atlantic Western Central,0.62350569,0.753723773,0.865247003,1.0039119,1.27363422,0.174874451,0.889163068,31145.25866,1996,0.621540843,94073.87925,12915.36014,0.310770421,16721,Domestic
Mugil_cephalus-Atlantic_Western Central,Mugil cephalus,Flathead grey mullet,Miscellaneous coastal fishes,Atlantic Western Central,0.555758964,0.708504708,0.841839474,1.003837941,1.309717291,0.203869591,0.867831462,31145.25866,1997,0.621540843,94073.87925,12915.36014,0.310770421,13634,Domestic
Mugil_cephalus-Atlantic_Western Central,Mugil cephalus,Flathead grey mullet,Miscellaneous coastal fishes,Atlantic Western Central,0.548918494,0.721730598,0.877040017,1.074211381,1.407088304,0.236500112,0.910558641,31145.25866,1998,0.621540843,94073.87925,12915.36014,0.310770421,10653,Domestic
Mugil_cephalus-Atlantic_Western Central,Mugil cephalus,Flathead grey mullet,Miscellaneous coastal fishes,Atlantic Western Central,0.54801756,0.741586667,0.930377652,1.159968575,1.509221617,0.268089503,0.962318325,31145.25866,1999,0.621540843,94073.87925,12915.36014,0.310770421,10198,Domestic
Mugil_cephalus-Atlantic_Western Central,Mugil cephalus,Flathead grey mullet,Miscellaneous coastal fishes,Atlantic Western Central,0.513147693,0.736181934,0.95690741,1.211379645,1.542856054,0.29317052,0.980817048,31145.25866,2000,0.621540843,94073.87925,12915.36014,0.310770421,11425,Domestic
Mugil_cephalus-Atlantic_Western Central,Mugil cephalus,Flathead grey mullet,Miscellaneous coastal fishes,Atlantic Western Central,0.486294276,0.748418033,1.003715047,1.277676455,1.588923901,0.318875907,1.015987594,31145.25866,2001,0.621540843,94073.87925,12915.36014,0.310770421,10531,Domestic
Mugil_cephalus-Atlantic_Western Central,Mugil cephalus,Flathead grey mullet,Miscellaneous coastal fishes,Atlantic Western Central,0.484072417,0.787755619,1.085059736,1.372667516,1.655626503,0.344286437,1.079126049,31145.25866,2002,0.621540843,94073.87925,12915.36014,0.310770421,9039,Domestic
Mugil_cephalus-Atlantic_Western Central,Mugil cephalus,Flathead grey mullet,Miscellaneous coastal fishes,Atlantic Western Central,0.514633672,0.85832373,1.201204537,1.486313536,1.747710886,0.365784165,1.170694534,31145.25866,2003,0.621540843,94073.87925,12915.36014,0.310770421,7438,Domestic
Mugil_cephalus-Atlantic_Western Central,Mugil cephalus,Flathead grey mullet,Miscellaneous coastal fishes,Atlantic Western Central,0.558657601,0.941905631,1.303269144,1.571596195,1.799658642,0.369224306,1.249821866,31145.25866,2004,0.621540843,94073.87925,12915.36014,0.310770421,7242,Domestic
Mugil_cephalus-Atlantic_Western Central,Mugil cephalus,Flathead grey mullet,Miscellaneous coastal fishes,Atlantic Western Central,0.566699297,0.987570195,1.355080052,1.572673233,1.770202073,0.354805669,1.27360106,31145.25866,2005,0.621540843,94073.87925,12915.36014,0.310770421,8973,Domestic
Mugil_cephalus-Atlantic_Western Central,Mugil cephalus,Flathead grey mullet,Miscellaneous coastal fishes,Atlantic Western Central,0.54527983,1.005695207,1.352844742,1.530079894,1.714401084,0.339112769,1.256984406,31145.25866,2006,0.621540843,94073.87925,12915.36014,0.310770421,10745,Domestic
Mugil_cephalus-Atlantic_Western Central,Mugil cephalus,Flathead grey mullet,Miscellaneous coastal fishes,Atlantic Western Central,0.570740465,1.074656074,1.415397275,1.587363026,1.766220448,0.344951146,1.3128882,31145.25866,2007,0.621540843,94073.87925,12915.36014,0.310770421,8008,Domestic
Mugil_cephalus-Atlantic_Western Central,Mugil cephalus,Flathead grey mullet,Miscellaneous coastal fishes,Atlantic Western Central,0.59979824,1.145477583,1.477620472,1.632041545,1.816865375,0.343459001,1.368209059,31145.25866,2008,0.621540843,94073.87925,12915.36014,0.310770421,7362,Domestic
Mugil_cephalus-Atlantic_Western Central,Mugil cephalus,Flathead grey mullet,Miscellaneous coastal fishes,Atlantic Western Central,0.654787214,1.23199544,1.538126986,1.687516896,1.864033253,0.337464812,1.432487825,31145.25866,2009,0.621540843,94073.87925,12915.36014,0.310770421,6402,Domestic
Mugil_cephalus-Atlantic_Western Central,Mugil cephalus,Flathead grey mullet,Miscellaneous coastal fishes,Atlantic Western Central,0.732317886,1.32342017,1.611179508,1.744687212,1.907776645,0.323460462,1.505023293,31145.25866,2010,0.621540843,94073.87925,12915.36014,0.310770421,5230,Domestic
Mugil_cephalus-Atlantic_Western Central,Mugil cephalus,Flathead grey mullet,Miscellaneous coastal fishes,Atlantic Western Central,0.809188809,1.404471939,1.650923936,1.772408595,1.926923406,0.29781343,1.556430996,31145.25866,2011,0.621540843,94073.87925,12915.36014,0.310770421,5166,Domestic
Mugil_cephalus-Atlantic_Western Central,Mugil cephalus,Flathead grey mullet,Miscellaneous coastal fishes,Atlantic Western Central,0.83027706,1.397333973,1.570466194,1.667199521,1.818979607,0.25274691,1.495787391,31145.25866,2012,0.621540843,94073.87925,12915.36014,0.310770421,9327,Domestic
Mugil_cephalus-Atlantic_Western Central,Mugil cephalus,Flathead grey mullet,Miscellaneous coastal fishes,Atlantic Western Central,0.820117384,1.368107731,1.509122854,1.599120035,1.746502239,0.228361413,1.448687682,31145.25866,2013,0.621540843,94073.87925,12915.36014,0.310770421,10118,Domestic
Mugil_cephalus-Atlantic_Western Central,Mugil cephalus,Flathead grey mullet,Miscellaneous coastal fishes,Atlantic Western Central,0.833038367,1.349357786,1.477377102,1.564265279,1.708105202,0.213483991,1.424864193,31145.25866,2014,0.621540843,94073.87925,12915.36014,0.310770421,9763,Domestic
Mugil_cephalus-Atlantic_Western Central,Mugil cephalus,Flathead grey mullet,Miscellaneous coastal fishes,Atlantic Western Central,0.829916329,1.34473131,1.452949323,1.531430208,1.665427901,0.197842266,1.405776801,31145.25866,2015,0.621540843,94073.87925,12915.36014,0.310770421,9514,Domestic
Mugil_cephalus-Atlantic_Western Central,Mugil cephalus,Flathead grey mullet,Miscellaneous coastal fishes,Atlantic Western Central,0.757974373,1.237728021,1.321506611,1.365108487,1.396763845,0.158365077,1.265303312,31145.25866,2016,0.621540843,94073.87925,12915.36014,0.310770421,14584,Domestic
Mugil_cephalus-Mediterranean and Black Sea,Mugil cephalus,Flathead grey mullet,Miscellaneous coastal fishes,Mediterranean and Black Sea,0.394407837,0.585765904,0.799835778,1.047679195,1.398181442,0.28789345,0.82874256,17601.6285,1950,0.403377629,47605.88657,4512.118115,0.201688815,2100,Domestic
Mugil_cephalus-Mediterranean and Black Sea,Mugil cephalus,Flathead grey mullet,Miscellaneous coastal fishes,Mediterranean and Black Sea,0.418601533,0.655814653,0.901942147,1.161422985,1.520800727,0.315016208,0.917849691,17601.6285,1951,0.403377629,47605.88657,4512.118115,0.201688815,2100,Domestic
Mugil_cephalus-Mediterranean and Black Sea,Mugil cephalus,Flathead grey mullet,Miscellaneous coastal fishes,Mediterranean and Black Sea,0.466003655,0.75652023,1.024348172,1.298158203,1.631573821,0.335188847,1.028647249,17601.6285,1952,0.403377629,47605.88657,4512.118115,0.201688815,1600,Domestic
Mugil_cephalus-Mediterranean and Black Sea,Mugil cephalus,Flathead grey mullet,Miscellaneous coastal fishes,Mediterranean and Black Sea,0.487489597,0.824405615,1.104955173,1.371495743,1.695145054,0.342901847,1.096688087,17601.6285,1953,0.403377629,47605.88657,4512.118115,0.201688815,2500,Domestic
Mugil_cephalus-Mediterranean and Black Sea,Mugil cephalus,Flathead grey mullet,Miscellaneous coastal fishes,Mediterranean and Black Sea,0.514923732,0.890994638,1.180946867,1.431394101,1.723029485,0.343925708,1.156867686,17601.6285,1954,0.403377629,47605.88657,4512.118115,0.201688815,2600,Domestic
Mugil_cephalus-Mediterranean and Black Sea,Mugil cephalus,Flathead grey mullet,Miscellaneous coastal fishes,Mediterranean and Black Sea,0.527355572,0.937535772,1.238886574,1.468857582,1.726834381,0.339095409,1.194119444,17601.6285,1955,0.403377629,47605.88657,4512.118115,0.201688815,3000,Domestic
Mugil_cephalus-Mediterranean and Black Sea,Mugil cephalus,Flathead grey mullet,Miscellaneous coastal fishes,Mediterranean and Black Sea,0.552027007,1.002221655,1.302089461,1.508368662,1.761177984,0.335362894,1.246332185,17601.6285,1956,0.403377629,47605.88657,4512.118115,0.201688815,2600,Domestic
Mugil_cephalus-Mediterranean and Black Sea,Mugil cephalus,Flathead grey mullet,Miscellaneous coastal fishes,Mediterranean and Black Sea,0.603407907,1.081939107,1.375318951,1.572377,1.795184093,0.330328769,1.312505417,17601.6285,1957,0.403377629,47605.88657,4512.118115,0.201688815,2200,Domestic
Mugil_cephalus-Mediterranean and Black Sea,Mugil cephalus,Flathead grey mullet,Miscellaneous coastal fishes,Mediterranean and Black Sea,0.63468865,1.146120537,1.419370436,1.593663116,1.807149427,0.318861255,1.347902237,17601.6285,1958,0.403377629,47605.88657,4512.118115,0.201688815,2700,Domestic
Mugil_cephalus-Mediterranean and Black Sea,Mugil cephalus,Flathead grey mullet,Miscellaneous coastal fishes,Mediterranean and Black Sea,0.656019226,1.193013108,1.451762968,1.608677238,1.811242108,0.306315876,1.378328557,17601.6285,1959,0.403377629,47605.88657,4512.118115,0.201688815,2700,Domestic
Mugil_cephalus-Mediterranean and Black Sea,Mugil cephalus,Flathead grey mullet,Miscellaneous coastal fishes,Mediterranean and Black Sea,0.699779121,1.249344474,1.477410573,1.62351253,1.813556806,0.293881624,1.408275066,17601.6285,1960,0.403377629,47605.88657,4512.118115,0.201688815,2700,Domestic
Mugil_cephalus-Mediterranean and Black Sea,Mugil cephalus,Flathead grey mullet,Miscellaneous coastal fishes,Mediterranean and Black Sea,0.730283716,1.289638576,1.49668491,1.629212247,1.817453778,0.279954739,1.430473146,17601.6285,1961,0.403377629,47605.88657,4512.118115,0.201688815,2800,Domestic
Mugil_cephalus-Mediterranean and Black Sea,Mugil cephalus,Flathead grey mullet,Miscellaneous coastal fishes,Mediterranean and Black Sea,0.773590695,1.355347751,1.551345867,1.678510721,1.857306243,0.271359435,1.487057155,17601.6285,1962,0.403377629,47605.88657,4512.118115,0.201688815,2000,Domestic
Mugil_cephalus-Mediterranean and Black Sea,Mugil cephalus,Flathead grey mullet,Miscellaneous coastal fishes,Mediterranean and Black Sea,0.85596667,1.417350054,1.589336151,1.704731613,1.88051893,0.257990393,1.530748569,17601.6285,1963,0.403377629,47605.88657,4512.118115,0.201688815,2000,Domestic
Mugil_cephalus-Mediterranean and Black Sea,Mugil cephalus,Flathead grey mullet,Miscellaneous coastal fishes,Mediterranean and Black Sea,0.912717249,1.459001717,1.609963226,1.724162162,1.896449674,0.242199723,1.560433922,17601.6285,1964,0.403377629,47605.88657,4512.118115,0.201688815,2100,Domestic
Mugil_cephalus-Mediterranean and Black Sea,Mugil cephalus,Flathead grey mullet,Miscellaneous coastal fishes,Mediterranean and Black Sea,0.971507018,1.494562806,1.627629071,1.734756633,1.910213566,0.226954442,1.584830476,17601.6285,1965,0.403377629,47605.88657,4512.118115,0.201688815,2100,Domestic
Mugil_cephalus-Mediterranean and Black Sea,Mugil cephalus,Flathead grey mullet,Miscellaneous coastal fishes,Mediterranean and Black Sea,1.03726591,1.518998012,1.642317431,1.741446443,1.904204967,0.213796552,1.606585589,17601.6285,1966,0.403377629,47605.88657,4512.118115,0.201688815,2200,Domestic
Mugil_cephalus-Mediterranean and Black Sea,Mugil cephalus,Flathead grey mullet,Miscellaneous coastal fishes,Mediterranean and Black Sea,1.062982789,1.508229406,1.616096878,1.719876366,1.880185657,0.19772099,1.591059032,17601.6285,1967,0.403377629,47605.88657,4512.118115,0.201688815,2900,Domestic
Mugil_cephalus-Mediterranean and Black Sea,Mugil cephalus,Flathead grey mullet,Miscellaneous coastal fishes,Mediterranean and Black Sea,1.10665065,1.493488323,1.59870798,1.691880749,1.845559072,0.182865679,1.576646553,17601.6285,1968,0.403377629,47605.88657,4512.118115,0.201688815,3000,Domestic
Mugil_cephalus-Mediterranean and Black Sea,Mugil cephalus,Flathead grey mullet,Miscellaneous coastal fishes,Mediterranean and Black Sea,1.125088387,1.489602502,1.586263673,1.672078923,1.839431215,0.173358535,1.565238823,17601.6285,1969,0.403377629,47605.88657,4512.118115,0.201688815,3100,Domestic
Mugil_cephalus-Mediterranean and Black Sea,Mugil cephalus,Flathead grey mullet,Miscellaneous coastal fishes,Mediterranean and Black Sea,1.210493803,1.545182819,1.645635182,1.738077698,1.902146525,0.173108649,1.626648721,17601.6285,1970,0.403377629,47605.88657,4512.118115,0.201688815,1515,Domestic
Mugil_cephalus-Mediterranean and Black Sea,Mugil cephalus,Flathead grey mullet,Miscellaneous coastal fishes,Mediterranean and Black Sea,1.268093181,1.579719667,1.681067193,1.771432261,1.942699803,0.166618194,1.663543279,17601.6285,1971,0.403377629,47605.88657,4512.118115,0.201688815,1750,Domestic
Mugil_cephalus-Mediterranean and Black Sea,Mugil cephalus,Flathead grey mullet,Miscellaneous coastal fishes,Mediterranean and Black Sea,1.249862712,1.52383142,1.616265479,1.698386333,1.858628423,0.150918925,1.602733007,17601.6285,1972,0.403377629,47605.88657,4512.118115,0.201688815,3707,Domestic
Mugil_cephalus-Mediterranean and Black Sea,Mugil cephalus,Flathead grey mullet,Miscellaneous coastal fishes,Mediterranean and Black Sea,1.23690688,1.473939876,1.569665411,1.656068141,1.810962897,0.146074955,1.55823196,17601.6285,1973,0.403377629,47605.88657,4512.118115,0.201688815,3744,Domestic
Mugil_cephalus-Mediterranean and Black Sea,Mugil cephalus,Flathead grey mullet,Miscellaneous coastal fishes,Mediterranean and Black Sea,1.307689698,1.545653124,1.637946724,1.729977983,1.890414828,0.1508503,1.629379848,17601.6285,1974,0.403377629,47605.88657,4512.118115,0.201688815,1435,Domestic
Mugil_cephalus-Mediterranean and Black Sea,Mugil cephalus,Flathead grey mullet,Miscellaneous coastal fishes,Mediterranean and Black Sea,1.358726668,1.583232156,1.679310719,1.766948424,1.932529451,0.145931798,1.669462089,17601.6285,1975,0.403377629,47605.88657,4512.118115,0.201688815,1679,Domestic
Mugil_cephalus-Mediterranean and Black Sea,Mugil cephalus,Flathead grey mullet,Miscellaneous coastal fishes,Mediterranean and Black Sea,1.381331492,1.603930215,1.699100548,1.788725964,1.940663784,0.142109263,1.691379438,17601.6285,1976,0.403377629,47605.88657,4512.118115,0.201688815,1816,Domestic
Mugil_cephalus-Mediterranean and Black Sea,Mugil cephalus,Flathead grey mullet,Miscellaneous coastal fishes,Mediterranean and Black Sea,1.385204469,1.585622451,1.674953792,1.760022641,1.902562843,0.133788967,1.667259697,17601.6285,1977,0.403377629,47605.88657,4512.118115,0.201688815,2735,Domestic
Mugil_cephalus-Mediterranean and Black Sea,Mugil cephalus,Flathead grey mullet,Miscellaneous coastal fishes,Mediterranean and Black Sea,1.399666141,1.595633216,1.682506195,1.767262772,1.917746602,0.130969541,1.676949751,17601.6285,1978,0.403377629,47605.88657,4512.118115,0.201688815,2185,Domestic
Mugil_cephalus-Mediterranean and Black Sea,Mugil cephalus,Flathead grey mullet,Miscellaneous coastal fishes,Mediterranean and Black Sea,1.418493791,1.612493291,1.696352696,1.780500421,1.927753014,0.127796623,1.689473469,17601.6285,1979,0.403377629,47605.88657,4512.118115,0.201688815,2053,Domestic
Mugil_cephalus-Mediterranean and Black Sea,Mugil cephalus,Flathead grey mullet,Miscellaneous coastal fishes,Mediterranean and Black Sea,1.408985323,1.587181957,1.672179858,1.754144724,1.911661354,0.127276866,1.668455174,17601.6285,1980,0.403377629,47605.88657,4512.118115,0.201688815,2792,Domestic
Mugil_cephalus-Mediterranean and Black Sea,Mugil cephalus,Flathead grey mullet,Miscellaneous coastal fishes,Mediterranean and Black Sea,1.408101948,1.57076433,1.661052644,1.742248118,1.891466745,0.126216301,1.657113307,17601.6285,1981,0.403377629,47605.88657,4512.118115,0.201688815,2774,Domestic
Mugil_cephalus-Mediterranean and Black Sea,Mugil cephalus,Flathead grey mullet,Miscellaneous coastal fishes,Mediterranean and Black Sea,1.386922455,1.540382606,1.623995957,1.704739005,1.868278311,0.122120607,1.623935826,17601.6285,1982,0.403377629,47605.88657,4512.118115,0.201688815,3397,Domestic
Mugil_cephalus-Mediterranean and Black Sea,Mugil cephalus,Flathead grey mullet,Miscellaneous coastal fishes,Mediterranean and Black Sea,1.359865798,1.509236442,1.592465986,1.674533245,1.832134654,0.120427927,1.593227078,17601.6285,1983,0.403377629,47605.88657,4512.118115,0.201688815,3517,Domestic
Mugil_cephalus-Mediterranean and Black Sea,Mugil cephalus,Flathead grey mullet,Miscellaneous coastal fishes,Mediterranean and Black Sea,1.33847849,1.485939823,1.567975388,1.64733832,1.817689831,0.12218831,1.569163134,17601.6285,1984,0.403377629,47605.88657,4512.118115,0.201688815,3593,Domestic
Mugil_cephalus-Mediterranean and Black Sea,Mugil cephalus,Flathead grey mullet,Miscellaneous coastal fishes,Mediterranean and Black Sea,1.318374415,1.455095002,1.537412704,1.622238428,1.780772904,0.121502751,1.540662324,17601.6285,1985,0.403377629,47605.88657,4512.118115,0.201688815,3840,Domestic
Mugil_cephalus-Mediterranean and Black Sea,Mugil cephalus,Flathead grey mullet,Miscellaneous coastal fishes,Mediterranean and Black Sea,1.266781067,1.404198003,1.484660712,1.562592897,1.731218993,0.117342993,1.484974243,17601.6285,1986,0.403377629,47605.88657,4512.118115,0.201688815,4548,Domestic
Mugil_cephalus-Mediterranean and Black Sea,Mugil cephalus,Flathead grey mullet,Miscellaneous coastal fishes,Mediterranean and Black Sea,1.254648086,1.39531752,1.472135935,1.550655493,1.714465043,0.116918465,1.475432111,17601.6285,1987,0.403377629,47605.88657,4512.118115,0.201688815,3782,Domestic
Mugil_cephalus-Mediterranean and Black Sea,Mugil cephalus,Flathead grey mullet,Miscellaneous coastal fishes,Mediterranean and Black Sea,1.241635201,1.385730281,1.456509669,1.540854309,1.690695163,0.116304112,1.461742644,17601.6285,1988,0.403377629,47605.88657,4512.118115,0.201688815,3977,Domestic
Mugil_cephalus-Mediterranean and Black Sea,Mugil cephalus,Flathead grey mullet,Miscellaneous coastal fishes,Mediterranean and Black Sea,1.201452212,1.331953536,1.401451057,1.485052851,1.637307089,0.113581221,1.408523511,17601.6285,1989,0.403377629,47605.88657,4512.118115,0.201688815,4958,Domestic
Mugil_cephalus-Mediterranean and Black Sea,Mugil cephalus,Flathead grey mullet,Miscellaneous coastal fishes,Mediterranean and Black Sea,1.146326724,1.278670836,1.347357254,1.424120272,1.581509057,0.109933835,1.35384714,17601.6285,1990,0.403377629,47605.88657,4512.118115,0.201688815,5197,Domestic
Mugil_cephalus-Mediterranean and Black Sea,Mugil cephalus,Flathead grey mullet,Miscellaneous coastal fishes,Mediterranean and Black Sea,1.028967142,1.135595006,1.204954534,1.278295327,1.429578824,0.104936888,1.210755643,17601.6285,1991,0.403377629,47605.88657,4512.118115,0.201688815,7284,Domestic
Mugil_cephalus-Mediterranean and Black Sea,Mugil cephalus,Flathead grey mullet,Miscellaneous coastal fishes,Mediterranean and Black Sea,0.935133997,1.045399333,1.112464626,1.18738069,1.343634565,0.103837902,1.119597243,17601.6285,1992,0.403377629,47605.88657,4512.118115,0.201688815,6557,Domestic
Mugil_cephalus-Mediterranean and Black Sea,Mugil cephalus,Flathead grey mullet,Miscellaneous coastal fishes,Mediterranean and Black Sea,0.845447718,0.958269682,1.026876531,1.100171935,1.247844951,0.103748494,1.033189682,17601.6285,1993,0.403377629,47605.88657,4512.118115,0.201688815,6534,Domestic
Mugil_cephalus-Mediterranean and Black Sea,Mugil cephalus,Flathead grey mullet,Miscellaneous coastal fishes,Mediterranean and Black Sea,0.809812044,0.923123791,0.987336631,1.060149575,1.199260096,0.101960544,0.993961837,17601.6285,1994,0.403377629,47605.88657,4512.118115,0.201688815,5536,Domestic
Mugil_cephalus-Mediterranean and Black Sea,Mugil cephalus,Flathead grey mullet,Miscellaneous coastal fishes,Mediterranean and Black Sea,0.791059322,0.898036653,0.961273851,1.030767891,1.172944205,0.09931884,0.968178194,17601.6285,1995,0.403377629,47605.88657,4512.118115,0.201688815,5177,Domestic
Mugil_cephalus-Mediterranean and Black Sea,Mugil cephalus,Flathead grey mullet,Miscellaneous coastal fishes,Mediterranean and Black Sea,0.734759704,0.843577851,0.905632044,0.977603055,1.122247089,0.098751181,0.912870816,17601.6285,1996,0.403377629,47605.88657,4512.118115,0.201688815,5768,Domestic
Mugil_cephalus-Mediterranean and Black Sea,Mugil cephalus,Flathead grey mullet,Miscellaneous coastal fishes,Mediterranean and Black Sea,0.695897865,0.795806347,0.859617411,0.93059209,1.06851926,0.097328942,0.867008562,17601.6285,1997,0.403377629,47605.88657,4512.118115,0.201688815,5546,Domestic
Mugil_cephalus-Mediterranean and Black Sea,Mugil cephalus,Flathead grey mullet,Miscellaneous coastal fishes,Mediterranean and Black Sea,0.67318036,0.776259827,0.835887662,0.903377573,1.046271522,0.095171942,0.842873732,17601.6285,1998,0.403377629,47605.88657,4512.118115,0.201688815,4982,Domestic
Mugil_cephalus-Mediterranean and Black Sea,Mugil cephalus,Flathead grey mullet,Miscellaneous coastal fishes,Mediterranean and Black Sea,0.673444702,0.769534729,0.827205765,0.892691869,1.034101917,0.092451807,0.834127153,17601.6285,1999,0.403377629,47605.88657,4512.118115,0.201688815,4622,Domestic
Mugil_cephalus-Mediterranean and Black Sea,Mugil cephalus,Flathead grey mullet,Miscellaneous coastal fishes,Mediterranean and Black Sea,0.584445283,0.685486129,0.74295137,0.806656491,0.936841912,0.092487483,0.748784226,17601.6285,2000,0.403377629,47605.88657,4512.118115,0.201688815,6285,Domestic
Mugil_cephalus-Mediterranean and Black Sea,Mugil cephalus,Flathead grey mullet,Miscellaneous coastal fishes,Mediterranean and Black Sea,0.641004861,0.736900721,0.793959161,0.852935931,0.984878984,0.088464017,0.797534852,17601.6285,2001,0.403377629,47605.88657,4512.118115,0.201688815,3079,Domestic
Mugil_cephalus-Mediterranean and Black Sea,Mugil cephalus,Flathead grey mullet,Miscellaneous coastal fishes,Mediterranean and Black Sea,0.639345345,0.726993856,0.781618629,0.838212032,0.971870138,0.085218772,0.786671008,17601.6285,2002,0.403377629,47605.88657,4512.118115,0.201688815,4550,Domestic
Mugil_cephalus-Mediterranean and Black Sea,Mugil cephalus,Flathead grey mullet,Miscellaneous coastal fishes,Mediterranean and Black Sea,0.694215121,0.781421494,0.834474978,0.888988168,1.015007118,0.082179221,0.837887918,17601.6285,2003,0.403377629,47605.88657,4512.118115,0.201688815,3121,Domestic
Mugil_cephalus-Mediterranean and Black Sea,Mugil cephalus,Flathead grey mullet,Miscellaneous coastal fishes,Mediterranean and Black Sea,0.661005475,0.744456916,0.795713632,0.844887175,0.943234357,0.074156299,0.796876288,17601.6285,2004,0.403377629,47605.88657,4512.118115,0.201688815,5280,Domestic
Mugil_cephalus-Mediterranean and Black Sea,Mugil cephalus,Flathead grey mullet,Miscellaneous coastal fishes,Mediterranean and Black Sea,0.59724084,0.66977488,0.712771388,0.75530162,0.851704156,0.064882692,0.714122965,17601.6285,2005,0.403377629,47605.88657,4512.118115,0.201688815,6181,Domestic
Mugil_cephalus-Mediterranean and Black Sea,Mugil cephalus,Flathead grey mullet,Miscellaneous coastal fishes,Mediterranean and Black Sea,0.499020281,0.565615688,0.60034577,0.637857152,0.735224336,0.058528505,0.603918367,17601.6285,2006,0.403377629,47605.88657,4512.118115,0.201688815,6616,Domestic
Mugil_cephalus-Mediterranean and Black Sea,Mugil cephalus,Flathead grey mullet,Miscellaneous coastal fishes,Mediterranean and Black Sea,0.407688987,0.46366499,0.496039537,0.532821766,0.641140509,0.057825958,0.502394027,17601.6285,2007,0.403377629,47605.88657,4512.118115,0.201688815,6079,Domestic
Mugil_cephalus-Mediterranean and Black Sea,Mugil cephalus,Flathead grey mullet,Miscellaneous coastal fishes,Mediterranean and Black Sea,0.365713021,0.419360801,0.453878223,0.491398922,0.601460235,0.059860329,0.461128627,17601.6285,2008,0.403377629,47605.88657,4512.118115,0.201688815,4298,Domestic
Mugil_cephalus-Mediterranean and Black Sea,Mugil cephalus,Flathead grey mullet,Miscellaneous coastal fishes,Mediterranean and Black Sea,0.256095701,0.298625277,0.341019274,0.395754114,0.528161517,0.070570393,0.353317074,17601.6285,2009,0.403377629,47605.88657,4512.118115,0.201688815,5624,Domestic
Mugil_cephalus-Mediterranean and Black Sea,Mugil cephalus,Flathead grey mullet,Miscellaneous coastal fishes,Mediterranean and Black Sea,0.201260231,0.252220748,0.306041187,0.372780081,0.516044504,0.083801248,0.319163077,17601.6285,2010,0.403377629,47605.88657,4512.118115,0.201688815,3338,Domestic
Mugil_cephalus-Mediterranean and Black Sea,Mugil cephalus,Flathead grey mullet,Miscellaneous coastal fishes,Mediterranean and Black Sea,0.19978229,0.260165662,0.32936296,0.405884969,0.550818482,0.097027934,0.340472163,17601.6285,2011,0.403377629,47605.88657,4512.118115,0.201688815,1831,Domestic
Mugil_cephalus-Mediterranean and Black Sea,Mugil cephalus,Flathead grey mullet,Miscellaneous coastal fishes,Mediterranean and Black Sea,0.191477897,0.270338532,0.357465761,0.446412349,0.598411108,0.112983054,0.365197959,17601.6285,2012,0.403377629,47605.88657,4512.118115,0.201688815,1859,Domestic
Mugil_cephalus-Mediterranean and Black Sea,Mugil cephalus,Flathead grey mullet,Miscellaneous coastal fishes,Mediterranean and Black Sea,0.188560338,0.291906081,0.400425567,0.503451738,0.6566916,0.132453298,0.402644929,17601.6285,2013,0.403377629,47605.88657,4512.118115,0.201688815,1709,Domestic
Mugil_cephalus-Mediterranean and Black Sea,Mugil cephalus,Flathead grey mullet,Miscellaneous coastal fishes,Mediterranean and Black Sea,0.174691652,0.311103071,0.445829574,0.56954463,0.71710419,0.156127288,0.441709874,17601.6285,2014,0.403377629,47605.88657,4512.118115,0.201688815,1873,Domestic
Mugil_cephalus-Mediterranean and Black Sea,Mugil cephalus,Flathead grey mullet,Miscellaneous coastal fishes,Mediterranean and Black Sea,0.149462524,0.327323529,0.502139645,0.645358142,0.782371022,0.186129879,0.485025324,17601.6285,2015,0.403377629,47605.88657,4512.118115,0.201688815,1991,Domestic
Mugil_cephalus-Mediterranean and Black Sea,Mugil cephalus,Flathead grey mullet,Miscellaneous coastal fishes,Mediterranean and Black Sea,0.056573961,0.281065805,0.498952774,0.667369543,0.78812789,0.222841094,0.469558314,17601.6285,2016,0.403377629,47605.88657,4512.118115,0.201688815,3482,Domestic
Mugil_cephalus-Pacific_Northwest,Mugil cephalus,Flathead grey mullet,Miscellaneous coastal fishes,Pacific Northwest,1.034768592,1.270491903,1.456474296,1.623183548,1.910952517,0.236328699,1.454134513,699513.2766,1950,0.372042042,1054450.849,96590.72789,0.186021021,12000,Domestic
Mugil_cephalus-Pacific_Northwest,Mugil cephalus,Flathead grey mullet,Miscellaneous coastal fishes,Pacific Northwest,1.155831334,1.415999396,1.570122233,1.706082122,1.943199406,0.206200427,1.5583575,699513.2766,1951,0.372042042,1054450.849,96590.72789,0.186021021,13000,Domestic
Mugil_cephalus-Pacific_Northwest,Mugil cephalus,Flathead grey mullet,Miscellaneous coastal fishes,Pacific Northwest,1.24813774,1.510453994,1.646166982,1.771524445,1.943449206,0.179477798,1.635514572,699513.2766,1952,0.372042042,1054450.849,96590.72789,0.186021021,14000,Domestic
Mugil_cephalus-Pacific_Northwest,Mugil cephalus,Flathead grey mullet,Miscellaneous coastal fishes,Pacific Northwest,1.35071092,1.583236194,1.706662585,1.814239326,1.962180777,0.157252365,1.695356611,699513.2766,1953,0.372042042,1054450.849,96590.72789,0.186021021,14800,Domestic
Mugil_cephalus-Pacific_Northwest,Mugil cephalus,Flathead grey mullet,Miscellaneous coastal fishes,Pacific Northwest,1.43790387,1.653376608,1.74996336,1.840223421,1.956850837,0.138960939,1.736771138,699513.2766,1954,0.372042042,1054450.849,96590.72789,0.186021021,12500,Domestic
Mugil_cephalus-Pacific_Northwest,Mugil cephalus,Flathead grey mullet,Miscellaneous coastal fishes,Pacific Northwest,1.483575584,1.698339818,1.787001098,1.875298952,1.983041903,0.127742236,1.775766073,699513.2766,1955,0.372042042,1054450.849,96590.72789,0.186021021,10000,Domestic
Mugil_cephalus-Pacific_Northwest,Mugil cephalus,Flathead grey mullet,Miscellaneous coastal fishes,Pacific Northwest,1.530234933,1.71248256,1.800307979,1.876519693,1.975325914,0.117447416,1.787211689,699513.2766,1956,0.372042042,1054450.849,96590.72789,0.186021021,10100,Domestic
Mugil_cephalus-Pacific_Northwest,Mugil cephalus,Flathead grey mullet,Miscellaneous coastal fishes,Pacific Northwest,1.563703735,1.734994454,1.811098572,1.879537546,1.975881109,0.109416457,1.800345815,699513.2766,1957,0.372042042,1054450.849,96590.72789,0.186021021,9600,Domestic
Mugil_cephalus-Pacific_Northwest,Mugil cephalus,Flathead grey mullet,Miscellaneous coastal fishes,Pacific Northwest,1.565148718,1.746589339,1.82677329,1.890147214,1.979541708,0.106379722,1.812831172,699513.2766,1958,0.372042042,1054450.849,96590.72789,0.186021021,9300,Domestic
Mugil_cephalus-Pacific_Northwest,Mugil cephalus,Flathead grey mullet,Miscellaneous coastal fishes,Pacific Northwest,1.606238989,1.758995657,1.825721667,1.890549939,1.97980176,0.096683015,1.818904561,699513.2766,1959,0.372042042,1054450.849,96590.72789,0.186021021,9900,Domestic
Mugil_cephalus-Pacific_Northwest,Mugil cephalus,Flathead grey mullet,Miscellaneous coastal fishes,Pacific Northwest,1.621757914,1.753670026,1.826539959,1.890383769,1.979503759,0.095573012,1.819100653,699513.2766,1960,0.372042042,1054450.849,96590.72789,0.186021021,11807,Domestic
Mugil_cephalus-Pacific_Northwest,Mugil cephalus,Flathead grey mullet,Miscellaneous coastal fishes,Pacific Northwest,1.616790576,1.758307623,1.83412887,1.897288357,1.976558872,0.097264386,1.822909129,699513.2766,1961,0.372042042,1054450.849,96590.72789,0.186021021,13970,Domestic
Mugil_cephalus-Pacific_Northwest,Mugil cephalus,Flathead grey mullet,Miscellaneous coastal fishes,Pacific Northwest,1.608938391,1.758547797,1.827647234,1.898041018,1.987511485,0.097426078,1.823548878,699513.2766,1962,0.372042042,1054450.849,96590.72789,0.186021021,14261,Domestic
Mugil_cephalus-Pacific_Northwest,Mugil cephalus,Flathead grey mullet,Miscellaneous coastal fishes,Pacific Northwest,1.623911096,1.750364127,1.828355979,1.898887092,1.98152195,0.097720262,1.820829014,699513.2766,1963,0.372042042,1054450.849,96590.72789,0.186021021,12385,Domestic
Mugil_cephalus-Pacific_Northwest,Mugil cephalus,Flathead grey mullet,Miscellaneous coastal fishes,Pacific Northwest,1.633423368,1.758231935,1.832602335,1.897407438,1.98695253,0.096953275,1.824615318,699513.2766,1964,0.372042042,1054450.849,96590.72789,0.186021021,13234,Domestic
Mugil_cephalus-Pacific_Northwest,Mugil cephalus,Flathead grey mullet,Miscellaneous coastal fishes,Pacific Northwest,1.629362984,1.765512627,1.826682993,1.894573381,1.984909143,0.093710916,1.825017822,699513.2766,1965,0.372042042,1054450.849,96590.72789,0.186021021,12400,Domestic
Mugil_cephalus-Pacific_Northwest,Mugil cephalus,Flathead grey mullet,Miscellaneous coastal fishes,Pacific Northwest,1.623295291,1.762961637,1.834440567,1.89799269,1.985325358,0.094508301,1.826470136,699513.2766,1966,0.372042042,1054450.849,96590.72789,0.186021021,13700,Domestic
Mugil_cephalus-Pacific_Northwest,Mugil cephalus,Flathead grey mullet,Miscellaneous coastal fishes,Pacific Northwest,1.619172686,1.763598948,1.831529764,1.899270864,1.983955611,0.096457691,1.826690059,699513.2766,1967,0.372042042,1054450.849,96590.72789,0.186021021,13700,Domestic
Mugil_cephalus-Pacific_Northwest,Mugil cephalus,Flathead grey mullet,Miscellaneous coastal fishes,Pacific Northwest,1.625927277,1.766457693,1.833447899,1.890764571,1.98464898,0.093924001,1.824880933,699513.2766,1968,0.372042042,1054450.849,96590.72789,0.186021021,12100,Domestic
Mugil_cephalus-Pacific_Northwest,Mugil cephalus,Flathead grey mullet,Miscellaneous coastal fishes,Pacific Northwest,1.633786489,1.755808818,1.82686459,1.891913682,1.982559032,0.096120153,1.821116992,699513.2766,1969,0.372042042,1054450.849,96590.72789,0.186021021,15100,Domestic
Mugil_cephalus-Pacific_Northwest,Mugil cephalus,Flathead grey mullet,Miscellaneous coastal fishes,Pacific Northwest,1.630415405,1.752933204,1.825614292,1.891669441,1.980639032,0.095395545,1.819903402,699513.2766,1970,0.372042042,1054450.849,96590.72789,0.186021021,13538,Domestic
Mugil_cephalus-Pacific_Northwest,Mugil cephalus,Flathead grey mullet,Miscellaneous coastal fishes,Pacific Northwest,1.623896847,1.756603357,1.825852366,1.888078374,1.980079284,0.095083076,1.819818465,699513.2766,1971,0.372042042,1054450.849,96590.72789,0.186021021,13880,Domestic
Mugil_cephalus-Pacific_Northwest,Mugil cephalus,Flathead grey mullet,Miscellaneous coastal fishes,Pacific Northwest,1.630311158,1.757248667,1.830566592,1.898875683,1.980154509,0.096110361,1.823397161,699513.2766,1972,0.372042042,1054450.849,96590.72789,0.186021021,11015,Domestic
Mugil_cephalus-Pacific_Northwest,Mugil cephalus,Flathead grey mullet,Miscellaneous coastal fishes,Pacific Northwest,1.633613863,1.753569627,1.834157016,1.899192158,1.980442181,0.097095705,1.824362659,699513.2766,1973,0.372042042,1054450.849,96590.72789,0.186021021,10094,Domestic
Mugil_cephalus-Pacific_Northwest,Mugil cephalus,Flathead grey mullet,Miscellaneous coastal fishes,Pacific Northwest,1.635111425,1.768898416,1.835792915,1.892902223,1.986752918,0.089166248,1.82890937,699513.2766,1974,0.372042042,1054450.849,96590.72789,0.186021021,10180,Domestic
Mugil_cephalus-Pacific_Northwest,Mugil cephalus,Flathead grey mullet,Miscellaneous coastal fishes,Pacific Northwest,1.6254581,1.757646811,1.824174026,1.890666541,1.984351996,0.094765843,1.820226155,699513.2766,1975,0.372042042,1054450.849,96590.72789,0.186021021,16994,Domestic
Mugil_cephalus-Pacific_Northwest,Mugil cephalus,Flathead grey mullet,Miscellaneous coastal fishes,Pacific Northwest,1.620197857,1.757534012,1.825346525,1.888658802,1.981606296,0.094949796,1.81849725,699513.2766,1976,0.372042042,1054450.849,96590.72789,0.186021021,16382,Domestic
Mugil_cephalus-Pacific_Northwest,Mugil cephalus,Flathead grey mullet,Miscellaneous coastal fishes,Pacific Northwest,1.633974843,1.747770927,1.823886953,1.895130145,1.979465292,0.095734931,1.818787551,699513.2766,1977,0.372042042,1054450.849,96590.72789,0.186021021,17607,Domestic
Mugil_cephalus-Pacific_Northwest,Mugil cephalus,Flathead grey mullet,Miscellaneous coastal fishes,Pacific Northwest,1.615859582,1.760582141,1.828534241,1.887594352,1.98548702,0.093603108,1.822343914,699513.2766,1978,0.372042042,1054450.849,96590.72789,0.186021021,16897,Domestic
Mugil_cephalus-Pacific_Northwest,Mugil cephalus,Flathead grey mullet,Miscellaneous coastal fishes,Pacific Northwest,1.597591641,1.755725288,1.821515698,1.878003137,1.981125225,0.096694506,1.811519658,699513.2766,1979,0.372042042,1054450.849,96590.72789,0.186021021,23084,Domestic
Mugil_cephalus-Pacific_Northwest,Mugil cephalus,Flathead grey mullet,Miscellaneous coastal fishes,Pacific Northwest,1.605207191,1.747027398,1.817663921,1.884082433,1.978048514,0.096174827,1.811602226,699513.2766,1980,0.372042042,1054450.849,96590.72789,0.186021021,20104,Domestic
Mugil_cephalus-Pacific_Northwest,Mugil cephalus,Flathead grey mullet,Miscellaneous coastal fishes,Pacific Northwest,1.604911804,1.746808831,1.809903366,1.877824109,1.972394184,0.095801588,1.806345578,699513.2766,1981,0.372042042,1054450.849,96590.72789,0.186021021,19081,Domestic
Mugil_cephalus-Pacific_Northwest,Mugil cephalus,Flathead grey mullet,Miscellaneous coastal fishes,Pacific Northwest,1.609154496,1.74270585,1.819722416,1.88627476,1.975822318,0.101184906,1.811419701,699513.2766,1982,0.372042042,1054450.849,96590.72789,0.186021021,17799,Domestic
Mugil_cephalus-Pacific_Northwest,Mugil cephalus,Flathead grey mullet,Miscellaneous coastal fishes,Pacific Northwest,1.595678519,1.738580351,1.808941093,1.877392207,1.972433485,0.099055745,1.802519698,699513.2766,1983,0.372042042,1054450.849,96590.72789,0.186021021,21578,Domestic
Mugil_cephalus-Pacific_Northwest,Mugil cephalus,Flathead grey mullet,Miscellaneous coastal fishes,Pacific Northwest,1.609567858,1.736319682,1.813548056,1.878045293,1.982042679,0.09907556,1.806832691,699513.2766,1984,0.372042042,1054450.849,96590.72789,0.186021021,18350,Domestic
Mugil_cephalus-Pacific_Northwest,Mugil cephalus,Flathead grey mullet,Miscellaneous coastal fishes,Pacific Northwest,1.585973363,1.732100048,1.805566373,1.873132811,1.979929286,0.104544062,1.797446475,699513.2766,1985,0.372042042,1054450.849,96590.72789,0.186021021,21976,Domestic
Mugil_cephalus-Pacific_Northwest,Mugil cephalus,Flathead grey mullet,Miscellaneous coastal fishes,Pacific Northwest,1.611053591,1.73746681,1.807407548,1.879022155,1.968088549,0.097259833,1.802879016,699513.2766,1986,0.372042042,1054450.849,96590.72789,0.186021021,17974,Domestic
Mugil_cephalus-Pacific_Northwest,Mugil cephalus,Flathead grey mullet,Miscellaneous coastal fishes,Pacific Northwest,1.601049943,1.735543067,1.808124234,1.87885926,1.976695438,0.100261741,1.803921477,699513.2766,1987,0.372042042,1054450.849,96590.72789,0.186021021,15895,Domestic
Mugil_cephalus-Pacific_Northwest,Mugil cephalus,Flathead grey mullet,Miscellaneous coastal fishes,Pacific Northwest,1.59210978,1.743548898,1.819865171,1.880942545,1.970779738,0.099142876,1.806964528,699513.2766,1988,0.372042042,1054450.849,96590.72789,0.186021021,14414,Domestic
Mugil_cephalus-Pacific_Northwest,Mugil cephalus,Flathead grey mullet,Miscellaneous coastal fishes,Pacific Northwest,1.614495871,1.752683115,1.824408158,1.8807086,1.978241038,0.096498811,1.813961184,699513.2766,1989,0.372042042,1054450.849,96590.72789,0.186021021,11510,Domestic
Mugil_cephalus-Pacific_Northwest,Mugil cephalus,Flathead grey mullet,Miscellaneous coastal fishes,Pacific Northwest,1.617649126,1.759804039,1.82832464,1.89645205,1.984358396,0.096918721,1.823784294,699513.2766,1990,0.372042042,1054450.849,96590.72789,0.186021021,11235,Domestic
Mugil_cephalus-Pacific_Northwest,Mugil cephalus,Flathead grey mullet,Miscellaneous coastal fishes,Pacific Northwest,1.637649653,1.770488314,1.837743654,1.898868966,1.984263416,0.092927331,1.829160874,699513.2766,1991,0.372042042,1054450.849,96590.72789,0.186021021,10951,Domestic
Mugil_cephalus-Pacific_Northwest,Mugil cephalus,Flathead grey mullet,Miscellaneous coastal fishes,Pacific Northwest,1.632762936,1.770145973,1.837623705,1.897526101,1.988328998,0.092205483,1.831243209,699513.2766,1992,0.372042042,1054450.849,96590.72789,0.186021021,12261,Domestic
Mugil_cephalus-Pacific_Northwest,Mugil cephalus,Flathead grey mullet,Miscellaneous coastal fishes,Pacific Northwest,1.64920905,1.771318914,1.838042097,1.896575141,1.985705514,0.090765355,1.833471833,699513.2766,1993,0.372042042,1054450.849,96590.72789,0.186021021,11928,Domestic
Mugil_cephalus-Pacific_Northwest,Mugil cephalus,Flathead grey mullet,Miscellaneous coastal fishes,Pacific Northwest,1.661562535,1.793386477,1.860782136,1.922780239,1.989568715,0.090067331,1.851735076,699513.2766,1994,0.372042042,1054450.849,96590.72789,0.186021021,10426,Domestic
Mugil_cephalus-Pacific_Northwest,Mugil cephalus,Flathead grey mullet,Miscellaneous coastal fishes,Pacific Northwest,1.553493207,1.677255606,1.748183584,1.819359175,1.9392276,0.100904746,1.748278397,699513.2766,1995,0.372042042,1054450.849,96590.72789,0.186021021,81959,Domestic
Mugil_cephalus-Pacific_Northwest,Mugil cephalus,Flathead grey mullet,Miscellaneous coastal fishes,Pacific Northwest,1.47992013,1.613984334,1.687389376,1.762523169,1.906535565,0.108624657,1.689289312,699513.2766,1996,0.372042042,1054450.849,96590.72789,0.186021021,77193,Domestic
Mugil_cephalus-Pacific_Northwest,Mugil cephalus,Flathead grey mullet,Miscellaneous coastal fishes,Pacific Northwest,1.411980686,1.537465068,1.605778843,1.688797154,1.832495736,0.109852128,1.614278398,699513.2766,1997,0.372042042,1054450.849,96590.72789,0.186021021,91394,Domestic
Mugil_cephalus-Pacific_Northwest,Mugil cephalus,Flathead grey mullet,Miscellaneous coastal fishes,Pacific Northwest,1.339507292,1.471207054,1.542860783,1.625899894,1.788635288,0.116260995,1.549214693,699513.2766,1998,0.372042042,1054450.849,96590.72789,0.186021021,97336,Domestic
Mugil_cephalus-Pacific_Northwest,Mugil cephalus,Flathead grey mullet,Miscellaneous coastal fishes,Pacific Northwest,1.251434744,1.385114339,1.468119808,1.551125286,1.721701987,0.122306181,1.472419145,699513.2766,1999,0.372042042,1054450.849,96590.72789,0.186021021,112575,Domestic
Mugil_cephalus-Pacific_Northwest,Mugil cephalus,Flathead grey mullet,Miscellaneous coastal fishes,Pacific Northwest,1.20149025,1.3365219,1.409807434,1.504985045,1.662025478,0.121790709,1.419968746,699513.2766,2000,0.372042042,1054450.849,96590.72789,0.186021021,106347,Domestic
Mugil_cephalus-Pacific_Northwest,Mugil cephalus,Flathead grey mullet,Miscellaneous coastal fishes,Pacific Northwest,1.14149067,1.277893176,1.353805483,1.443079549,1.593700203,0.117738456,1.360442539,699513.2766,2001,0.372042042,1054450.849,96590.72789,0.186021021,116534,Domestic
Mugil_cephalus-Pacific_Northwest,Mugil cephalus,Flathead grey mullet,Miscellaneous coastal fishes,Pacific Northwest,1.111186645,1.234841673,1.313492162,1.395191793,1.557515032,0.11556226,1.317678893,699513.2766,2002,0.372042042,1054450.849,96590.72789,0.186021021,109700,Domestic
Mugil_cephalus-Pacific_Northwest,Mugil cephalus,Flathead grey mullet,Miscellaneous coastal fishes,Pacific Northwest,1.042269376,1.174479573,1.24776944,1.333071941,1.484182129,0.116281883,1.255557995,699513.2766,2003,0.372042042,1054450.849,96590.72789,0.186021021,123082,Domestic
Mugil_cephalus-Pacific_Northwest,Mugil cephalus,Flathead grey mullet,Miscellaneous coastal fishes,Pacific Northwest,0.919122822,1.053683058,1.133677017,1.222646293,1.388469302,0.123070517,1.14053532,699513.2766,2004,0.372042042,1054450.849,96590.72789,0.186021021,154706,Domestic
Mugil_cephalus-Pacific_Northwest,Mugil cephalus,Flathead grey mullet,Miscellaneous coastal fishes,Pacific Northwest,0.890499875,1.031793306,1.122409553,1.219708951,1.389195207,0.13201269,1.127455121,699513.2766,2005,0.372042042,1054450.849,96590.72789,0.186021021,106811,Domestic
Mugil_cephalus-Pacific_Northwest,Mugil cephalus,Flathead grey mullet,Miscellaneous coastal fishes,Pacific Northwest,0.879199425,1.037567272,1.129981768,1.237197269,1.419083423,0.139772406,1.136451968,699513.2766,2006,0.372042042,1054450.849,96590.72789,0.186021021,91916,Domestic
Mugil_cephalus-Pacific_Northwest,Mugil cephalus,Flathead grey mullet,Miscellaneous coastal fishes,Pacific Northwest,0.920713818,1.085175187,1.181224642,1.275615526,1.494596548,0.144317575,1.183539469,699513.2766,2007,0.372042042,1054450.849,96590.72789,0.186021021,73109,Domestic
Mugil_cephalus-Pacific_Northwest,Mugil cephalus,Flathead grey mullet,Miscellaneous coastal fishes,Pacific Northwest,0.937799645,1.096576524,1.20194707,1.298806104,1.524100911,0.149038584,1.206265839,699513.2766,2008,0.372042042,1054450.849,96590.72789,0.186021021,83165,Domestic
Mugil_cephalus-Pacific_Northwest,Mugil cephalus,Flathead grey mullet,Miscellaneous coastal fishes,Pacific Northwest,0.94446293,1.10041847,1.189322508,1.301447513,1.539152047,0.151245105,1.204720692,699513.2766,2009,0.372042042,1054450.849,96590.72789,0.186021021,96598,Domestic
Mugil_cephalus-Pacific_Northwest,Mugil cephalus,Flathead grey mullet,Miscellaneous coastal fishes,Pacific Northwest,0.930132453,1.086375999,1.179365977,1.294224682,1.527372984,0.154211326,1.195915922,699513.2766,2010,0.372042042,1054450.849,96590.72789,0.186021021,98271,Domestic
Mugil_cephalus-Pacific_Northwest,Mugil cephalus,Flathead grey mullet,Miscellaneous coastal fishes,Pacific Northwest,0.893729964,1.033944252,1.120832286,1.242375851,1.45394817,0.151976402,1.139182587,699513.2766,2011,0.372042042,1054450.849,96590.72789,0.186021021,124079,Domestic
Mugil_cephalus-Pacific_Northwest,Mugil cephalus,Flathead grey mullet,Miscellaneous coastal fishes,Pacific Northwest,0.856384861,0.979652886,1.070147408,1.198005176,1.431892299,0.156349097,1.095994445,699513.2766,2012,0.372042042,1054450.849,96590.72789,0.186021021,118351,Domestic
Mugil_cephalus-Pacific_Northwest,Mugil cephalus,Flathead grey mullet,Miscellaneous coastal fishes,Pacific Northwest,0.814030265,0.926964469,1.037210771,1.157961022,1.408614321,0.162780812,1.054540651,699513.2766,2013,0.372042042,1054450.849,96590.72789,0.186021021,117378,Domestic
Mugil_cephalus-Pacific_Northwest,Mugil cephalus,Flathead grey mullet,Miscellaneous coastal fishes,Pacific Northwest,0.752008826,0.87292406,0.986030437,1.113666504,1.379581909,0.17089681,1.004439141,699513.2766,2014,0.372042042,1054450.849,96590.72789,0.186021021,122339,Domestic
Mugil_cephalus-Pacific_Northwest,Mugil cephalus,Flathead grey mullet,Miscellaneous coastal fishes,Pacific Northwest,0.669915278,0.786617417,0.912463116,1.060282675,1.328142635,0.183466813,0.935563361,699513.2766,2015,0.372042042,1054450.849,96590.72789,0.186021021,131181,Domestic
Mugil_cephalus-Pacific_Northwest,Mugil cephalus,Flathead grey mullet,Miscellaneous coastal fishes,Pacific Northwest,0.61013931,0.724319323,0.871615989,1.026638698,1.309113024,0.199918322,0.893011508,699513.2766,2016,0.372042042,1054450.849,96590.72789,0.186021021,115538,Domestic
Muraenesox_cinereus-Indian Ocean_Eastern,Muraenesox cinereus,Daggertooth pike conger,Miscellaneous demersal fishes,Indian Ocean Eastern,0.934366839,1.105561513,1.239755694,1.430586634,1.794365901,0.229890616,1.281211895,31104.76003,1950,0.230596075,52756.23006,2589.056169,0.115298037,200,CBA
Muraenesox_cinereus-Indian Ocean_Eastern,Muraenesox cinereus,Daggertooth pike conger,Miscellaneous demersal fishes,Indian Ocean Eastern,0.992449385,1.188785399,1.338133341,1.532535619,1.844687795,0.231016557,1.367065333,31104.76003,1951,0.230596075,52756.23006,2589.056169,0.115298037,100,CBA
Muraenesox_cinereus-Indian Ocean_Eastern,Muraenesox cinereus,Daggertooth pike conger,Miscellaneous demersal fishes,Indian Ocean Eastern,1.041523989,1.266885427,1.430424167,1.619285768,1.89355806,0.231589063,1.443190819,31104.76003,1952,0.230596075,52756.23006,2589.056169,0.115298037,100,CBA
Muraenesox_cinereus-Indian Ocean_Eastern,Muraenesox cinereus,Daggertooth pike conger,Miscellaneous demersal fishes,Indian Ocean Eastern,1.080161264,1.332195181,1.506637796,1.683096399,1.916753317,0.228621668,1.507099855,31104.76003,1959,0.230596075,52756.23006,2589.056169,0.115298037,100,CBA
Muraenesox_cinereus-Indian Ocean_Eastern,Muraenesox cinereus,Daggertooth pike conger,Miscellaneous demersal fishes,Indian Ocean Eastern,1.122916438,1.389454209,1.56931902,1.734604581,1.933212033,0.22309364,1.557512914,31104.76003,1960,0.230596075,52756.23006,2589.056169,0.115298037,200,CBA
Muraenesox_cinereus-Indian Ocean_Eastern,Muraenesox cinereus,Daggertooth pike conger,Miscellaneous demersal fishes,Indian Ocean Eastern,1.162858026,1.443852944,1.618143034,1.76993811,1.949797653,0.214487199,1.599388024,31104.76003,1961,0.230596075,52756.23006,2589.056169,0.115298037,200,CBA
Muraenesox_cinereus-Indian Ocean_Eastern,Muraenesox cinereus,Daggertooth pike conger,Miscellaneous demersal fishes,Indian Ocean Eastern,1.191740688,1.487925385,1.656130786,1.789727339,1.954659771,0.205402531,1.629924279,31104.76003,1962,0.230596075,52756.23006,2589.056169,0.115298037,300,CBA
Muraenesox_cinereus-Indian Ocean_Eastern,Muraenesox cinereus,Daggertooth pike conger,Miscellaneous demersal fishes,Indian Ocean Eastern,1.224108654,1.527589786,1.683565238,1.80583013,1.957072148,0.195515346,1.654799029,31104.76003,1963,0.230596075,52756.23006,2589.056169,0.115298037,300,CBA
Muraenesox_cinereus-Indian Ocean_Eastern,Muraenesox cinereus,Daggertooth pike conger,Miscellaneous demersal fishes,Indian Ocean Eastern,1.256896239,1.557951588,1.705090086,1.819782446,1.958257053,0.186489872,1.676785466,31104.76003,1964,0.230596075,52756.23006,2589.056169,0.115298037,300,CBA
Muraenesox_cinereus-Indian Ocean_Eastern,Muraenesox cinereus,Daggertooth pike conger,Miscellaneous demersal fishes,Indian Ocean Eastern,1.288862924,1.586721489,1.724790101,1.830657023,1.965306514,0.178313067,1.695665748,31104.76003,1965,0.230596075,52756.23006,2589.056169,0.115298037,300,CBA
Muraenesox_cinereus-Indian Ocean_Eastern,Muraenesox cinereus,Daggertooth pike conger,Miscellaneous demersal fishes,Indian Ocean Eastern,1.312224522,1.604368081,1.734005907,1.834860904,1.964097786,0.169723364,1.707266712,31104.76003,1966,0.230596075,52756.23006,2589.056169,0.115298037,400,CBA
Muraenesox_cinereus-Indian Ocean_Eastern,Muraenesox cinereus,Daggertooth pike conger,Miscellaneous demersal fishes,Indian Ocean Eastern,1.342794269,1.624188635,1.74572405,1.842194248,1.965005371,0.163214797,1.720131888,31104.76003,1967,0.230596075,52756.23006,2589.056169,0.115298037,300,CBA
Muraenesox_cinereus-Indian Ocean_Eastern,Muraenesox cinereus,Daggertooth pike conger,Miscellaneous demersal fishes,Indian Ocean Eastern,1.36731085,1.644989953,1.758632876,1.849447598,1.968307392,0.156039767,1.734410086,31104.76003,1968,0.230596075,52756.23006,2589.056169,0.115298037,300,CBA
Muraenesox_cinereus-Indian Ocean_Eastern,Muraenesox cinereus,Daggertooth pike conger,Miscellaneous demersal fishes,Indian Ocean Eastern,1.389220315,1.661141384,1.768379428,1.854918763,1.972748191,0.149342452,1.746124373,31104.76003,1969,0.230596075,52756.23006,2589.056169,0.115298037,300,CBA
Muraenesox_cinereus-Indian Ocean_Eastern,Muraenesox cinereus,Daggertooth pike conger,Miscellaneous demersal fishes,Indian Ocean Eastern,1.408003734,1.668496374,1.770371548,1.855162419,1.96967257,0.143886924,1.749728368,31104.76003,1970,0.230596075,52756.23006,2589.056169,0.115298037,500,CBA
Muraenesox_cinereus-Indian Ocean_Eastern,Muraenesox cinereus,Daggertooth pike conger,Miscellaneous demersal fishes,Indian Ocean Eastern,1.426272533,1.674172057,1.773403238,1.858273531,1.972787643,0.141176717,1.754969267,31104.76003,1971,0.230596075,52756.23006,2589.056169,0.115298037,550,CBA
Muraenesox_cinereus-Indian Ocean_Eastern,Muraenesox cinereus,Daggertooth pike conger,Miscellaneous demersal fishes,Indian Ocean Eastern,1.442846477,1.681826576,1.779280331,1.864761287,1.976681574,0.138756957,1.7620003,31104.76003,1972,0.230596075,52756.23006,2589.056169,0.115298037,590,CBA
Muraenesox_cinereus-Indian Ocean_Eastern,Muraenesox cinereus,Daggertooth pike conger,Miscellaneous demersal fishes,Indian Ocean Eastern,1.425102295,1.655669151,1.750001622,1.83539473,1.961519256,0.136278836,1.737013339,31104.76003,1973,0.230596075,52756.23006,2589.056169,0.115298037,1400,CBA
Muraenesox_cinereus-Indian Ocean_Eastern,Muraenesox cinereus,Daggertooth pike conger,Miscellaneous demersal fishes,Indian Ocean Eastern,1.409357792,1.62906519,1.725024331,1.813106458,1.950605444,0.13755969,1.714708223,31104.76003,1974,0.230596075,52756.23006,2589.056169,0.115298037,1561,CBA
Muraenesox_cinereus-Indian Ocean_Eastern,Muraenesox cinereus,Daggertooth pike conger,Miscellaneous demersal fishes,Indian Ocean Eastern,1.378139251,1.578252082,1.675108274,1.768795796,1.925354158,0.140177916,1.669551646,31104.76003,1975,0.230596075,52756.23006,2589.056169,0.115298037,2235,CBA
Muraenesox_cinereus-Indian Ocean_Eastern,Muraenesox cinereus,Daggertooth pike conger,Miscellaneous demersal fishes,Indian Ocean Eastern,1.33421852,1.521565473,1.617207306,1.716707509,1.896523725,0.144588152,1.617672666,31104.76003,1976,0.230596075,52756.23006,2589.056169,0.115298037,2655,CBA
Muraenesox_cinereus-Indian Ocean_Eastern,Muraenesox cinereus,Daggertooth pike conger,Miscellaneous demersal fishes,Indian Ocean Eastern,1.240105321,1.419299364,1.522963134,1.634858479,1.836805031,0.155709696,1.528763867,31104.76003,1977,0.230596075,52756.23006,2589.056169,0.115298037,3700,CBA
Muraenesox_cinereus-Indian Ocean_Eastern,Muraenesox cinereus,Daggertooth pike conger,Miscellaneous demersal fishes,Indian Ocean Eastern,1.147883855,1.337885428,1.450515627,1.571294701,1.796297662,0.167129848,1.456931428,31104.76003,1978,0.230596075,52756.23006,2589.056169,0.115298037,3589,CBA
Muraenesox_cinereus-Indian Ocean_Eastern,Muraenesox cinereus,Daggertooth pike conger,Miscellaneous demersal fishes,Indian Ocean Eastern,1.05501343,1.262875445,1.382941927,1.512998613,1.749676491,0.179493692,1.388414907,31104.76003,1979,0.230596075,52756.23006,2589.056169,0.115298037,3708,CBA
Muraenesox_cinereus-Indian Ocean_Eastern,Muraenesox cinereus,Daggertooth pike conger,Miscellaneous demersal fishes,Indian Ocean Eastern,1.074203064,1.277951825,1.395700397,1.519577137,1.760666483,0.17642221,1.401489906,31104.76003,1980,0.230596075,52756.23006,2589.056169,0.115298037,1993,CBA
Muraenesox_cinereus-Indian Ocean_Eastern,Muraenesox cinereus,Daggertooth pike conger,Miscellaneous demersal fishes,Indian Ocean Eastern,1.091852487,1.296926432,1.414480193,1.535839266,1.776177543,0.174355408,1.419271827,31104.76003,1981,0.230596075,52756.23006,2589.056169,0.115298037,1858,CBA
Muraenesox_cinereus-Indian Ocean_Eastern,Muraenesox cinereus,Daggertooth pike conger,Miscellaneous demersal fishes,Indian Ocean Eastern,1.075224151,1.278906599,1.396788831,1.520354102,1.76772792,0.176119388,1.403317797,31104.76003,1982,0.230596075,52756.23006,2589.056169,0.115298037,2572,CBA
Muraenesox_cinereus-Indian Ocean_Eastern,Muraenesox cinereus,Daggertooth pike conger,Miscellaneous demersal fishes,Indian Ocean Eastern,1.100526984,1.299217387,1.416192591,1.540921324,1.790482129,0.175637244,1.4230947,31104.76003,1983,0.230596075,52756.23006,2589.056169,0.115298037,1790,CBA
Muraenesox_cinereus-Indian Ocean_Eastern,Muraenesox cinereus,Daggertooth pike conger,Miscellaneous demersal fishes,Indian Ocean Eastern,1.078355389,1.282984168,1.400703414,1.524144934,1.773371879,0.177138614,1.407453993,31104.76003,1984,0.230596075,52756.23006,2589.056169,0.115298037,2548,CBA
Muraenesox_cinereus-Indian Ocean_Eastern,Muraenesox cinereus,Daggertooth pike conger,Miscellaneous demersal fishes,Indian Ocean Eastern,1.096551896,1.296533854,1.413783553,1.537874378,1.777842856,0.175993398,1.420065351,31104.76003,1985,0.230596075,52756.23006,2589.056169,0.115298037,1922,CBA
Muraenesox_cinereus-Indian Ocean_Eastern,Muraenesox cinereus,Daggertooth pike conger,Miscellaneous demersal fishes,Indian Ocean Eastern,1.080499554,1.28352217,1.399486162,1.524035699,1.766561597,0.175523495,1.406649948,31104.76003,1986,0.230596075,52756.23006,2589.056169,0.115298037,2447,CBA
Muraenesox_cinereus-Indian Ocean_Eastern,Muraenesox cinereus,Daggertooth pike conger,Miscellaneous demersal fishes,Indian Ocean Eastern,1.062105248,1.268316277,1.38665619,1.511536091,1.752575643,0.176298983,1.392459712,31104.76003,1987,0.230596075,52756.23006,2589.056169,0.115298037,2532,CBA
Muraenesox_cinereus-Indian Ocean_Eastern,Muraenesox cinereus,Daggertooth pike conger,Miscellaneous demersal fishes,Indian Ocean Eastern,1.064202449,1.271802661,1.39167182,1.516081532,1.757908712,0.177801601,1.396859606,31104.76003,1988,0.230596075,52756.23006,2589.056169,0.115298037,2174,CBA
Muraenesox_cinereus-Indian Ocean_Eastern,Muraenesox cinereus,Daggertooth pike conger,Miscellaneous demersal fishes,Indian Ocean Eastern,1.075479137,1.288300644,1.408152596,1.531825091,1.770124254,0.178158099,1.411994843,31104.76003,1989,0.230596075,52756.23006,2589.056169,0.115298037,1908,CBA
Muraenesox_cinereus-Indian Ocean_Eastern,Muraenesox cinereus,Daggertooth pike conger,Miscellaneous demersal fishes,Indian Ocean Eastern,1.084922438,1.301698355,1.422892941,1.542861226,1.781465394,0.177359534,1.42409847,31104.76003,1990,0.230596075,52756.23006,2589.056169,0.115298037,1902,CBA
Muraenesox_cinereus-Indian Ocean_Eastern,Muraenesox cinereus,Daggertooth pike conger,Miscellaneous demersal fishes,Indian Ocean Eastern,1.069569038,1.280174554,1.397057375,1.518939634,1.765609849,0.176202789,1.401842735,31104.76003,1991,0.230596075,52756.23006,2589.056169,0.115298037,2620,CBA
Muraenesox_cinereus-Indian Ocean_Eastern,Muraenesox cinereus,Daggertooth pike conger,Miscellaneous demersal fishes,Indian Ocean Eastern,1.040481791,1.241674834,1.358652127,1.481661491,1.736131616,0.176506498,1.36505094,31104.76003,1992,0.230596075,52756.23006,2589.056169,0.115298037,3013,CBA
Muraenesox_cinereus-Indian Ocean_Eastern,Muraenesox cinereus,Daggertooth pike conger,Miscellaneous demersal fishes,Indian Ocean Eastern,1.023521973,1.224221464,1.340846194,1.464344488,1.724930456,0.177922874,1.348701047,31104.76003,1993,0.230596075,52756.23006,2589.056169,0.115298037,2669,CBA
Muraenesox_cinereus-Indian Ocean_Eastern,Muraenesox cinereus,Daggertooth pike conger,Miscellaneous demersal fishes,Indian Ocean Eastern,1.035899481,1.238357558,1.357375565,1.480281457,1.732564288,0.178017614,1.364269824,31104.76003,1994,0.230596075,52756.23006,2589.056169,0.115298037,1947,CBA
Muraenesox_cinereus-Indian Ocean_Eastern,Muraenesox cinereus,Daggertooth pike conger,Miscellaneous demersal fishes,Indian Ocean Eastern,1.032079058,1.232383652,1.347588256,1.47156999,1.721798418,0.176922695,1.356288119,31104.76003,1995,0.230596075,52756.23006,2589.056169,0.115298037,2467,CBA
Muraenesox_cinereus-Indian Ocean_Eastern,Muraenesox cinereus,Daggertooth pike conger,Miscellaneous demersal fishes,Indian Ocean Eastern,1.013018923,1.210254729,1.322838269,1.44668698,1.695500061,0.175147409,1.332739557,31104.76003,1996,0.230596075,52756.23006,2589.056169,0.115298037,2793,CBA
Muraenesox_cinereus-Indian Ocean_Eastern,Muraenesox cinereus,Daggertooth pike conger,Miscellaneous demersal fishes,Indian Ocean Eastern,0.931573281,1.109263774,1.22240091,1.35308303,1.622357949,0.179724992,1.238425488,31104.76003,1997,0.230596075,52756.23006,2589.056169,0.115298037,4441,CBA
Muraenesox_cinereus-Indian Ocean_Eastern,Muraenesox cinereus,Daggertooth pike conger,Miscellaneous demersal fishes,Indian Ocean Eastern,0.846917883,1.017285385,1.137076078,1.279315916,1.568406971,0.190199581,1.157742046,31104.76003,1998,0.230596075,52756.23006,2589.056169,0.115298037,4277,CBA
Muraenesox_cinereus-Indian Ocean_Eastern,Muraenesox cinereus,Daggertooth pike conger,Miscellaneous demersal fishes,Indian Ocean Eastern,0.785489266,0.962049962,1.089767524,1.240261335,1.549154798,0.199787487,1.11180267,31104.76003,1999,0.230596075,52756.23006,2589.056169,0.115298037,3568,CBA
Muraenesox_cinereus-Indian Ocean_Eastern,Muraenesox cinereus,Daggertooth pike conger,Miscellaneous demersal fishes,Indian Ocean Eastern,0.772271415,0.950952997,1.082303475,1.237043657,1.546418086,0.203515377,1.103767452,31104.76003,2000,0.230596075,52756.23006,2589.056169,0.115298037,2711,CBA
Muraenesox_cinereus-Indian Ocean_Eastern,Muraenesox cinereus,Daggertooth pike conger,Miscellaneous demersal fishes,Indian Ocean Eastern,0.738716571,0.923060131,1.060414321,1.21872788,1.533216101,0.209817725,1.081446514,31104.76003,2001,0.230596075,52756.23006,2589.056169,0.115298037,3012,CBA
Muraenesox_cinereus-Indian Ocean_Eastern,Muraenesox cinereus,Daggertooth pike conger,Miscellaneous demersal fishes,Indian Ocean Eastern,0.742112437,0.934091548,1.069317806,1.228788661,1.552385757,0.212361522,1.091318819,31104.76003,2002,0.230596075,52756.23006,2589.056169,0.115298037,2268,CBA
Muraenesox_cinereus-Indian Ocean_Eastern,Muraenesox cinereus,Daggertooth pike conger,Miscellaneous demersal fishes,Indian Ocean Eastern,0.749881081,0.936832203,1.077673372,1.240902594,1.563626837,0.214490252,1.100019667,31104.76003,2003,0.230596075,52756.23006,2589.056169,0.115298037,2288,CBA
Muraenesox_cinereus-Indian Ocean_Eastern,Muraenesox cinereus,Daggertooth pike conger,Miscellaneous demersal fishes,Indian Ocean Eastern,0.754928045,0.945187352,1.086239574,1.250213095,1.568872361,0.216096017,1.108191838,31104.76003,2004,0.230596075,52756.23006,2589.056169,0.115298037,2274,CBA
Muraenesox_cinereus-Indian Ocean_Eastern,Muraenesox cinereus,Daggertooth pike conger,Miscellaneous demersal fishes,Indian Ocean Eastern,0.753750372,0.948162824,1.092585858,1.260625018,1.567027228,0.217286787,1.112356948,31104.76003,2005,0.230596075,52756.23006,2589.056169,0.115298037,2352,CBA
Muraenesox_cinereus-Indian Ocean_Eastern,Muraenesox cinereus,Daggertooth pike conger,Miscellaneous demersal fishes,Indian Ocean Eastern,0.711198549,0.908628559,1.060182785,1.232858153,1.541313721,0.221365894,1.079075282,31104.76003,2006,0.230596075,52756.23006,2589.056169,0.115298037,3160,CBA
Muraenesox_cinereus-Indian Ocean_Eastern,Muraenesox cinereus,Daggertooth pike conger,Miscellaneous demersal fishes,Indian Ocean Eastern,0.688851625,0.887581525,1.04539431,1.219999503,1.525843616,0.225755157,1.063268275,31104.76003,2007,0.230596075,52756.23006,2589.056169,0.115298037,2793,CBA
Muraenesox_cinereus-Indian Ocean_Eastern,Muraenesox cinereus,Daggertooth pike conger,Miscellaneous demersal fishes,Indian Ocean Eastern,0.650762301,0.859004969,1.023785284,1.201689653,1.51198978,0.23123513,1.037616237,31104.76003,2008,0.230596075,52756.23006,2589.056169,0.115298037,2986,CBA
Muraenesox_cinereus-Indian Ocean_Eastern,Muraenesox cinereus,Daggertooth pike conger,Miscellaneous demersal fishes,Indian Ocean Eastern,0.626668397,0.839484003,1.014459765,1.191318477,1.500285076,0.235921378,1.023781518,31104.76003,2009,0.230596075,52756.23006,2589.056169,0.115298037,2716,CBA
Muraenesox_cinereus-Indian Ocean_Eastern,Muraenesox cinereus,Daggertooth pike conger,Miscellaneous demersal fishes,Indian Ocean Eastern,0.613371244,0.83762394,1.02084428,1.198963241,1.505029054,0.24026147,1.026220461,31104.76003,2010,0.230596075,52756.23006,2589.056169,0.115298037,2315,CBA
Muraenesox_cinereus-Indian Ocean_Eastern,Muraenesox cinereus,Daggertooth pike conger,Miscellaneous demersal fishes,Indian Ocean Eastern,0.617564739,0.850457093,1.039490877,1.219760143,1.505191385,0.243226745,1.039881776,31104.76003,2011,0.230596075,52756.23006,2589.056169,0.115298037,2043,CBA
Muraenesox_cinereus-Indian Ocean_Eastern,Muraenesox cinereus,Daggertooth pike conger,Miscellaneous demersal fishes,Indian Ocean Eastern,0.635194586,0.875396463,1.075985413,1.251408315,1.516424825,0.244041539,1.067423172,31104.76003,2012,0.230596075,52756.23006,2589.056169,0.115298037,1690,CBA
Muraenesox_cinereus-Indian Ocean_Eastern,Muraenesox cinereus,Daggertooth pike conger,Miscellaneous demersal fishes,Indian Ocean Eastern,0.631498896,0.881148553,1.091247204,1.264074899,1.508600865,0.244504652,1.073946988,31104.76003,2013,0.230596075,52756.23006,2589.056169,0.115298037,2129,CBA
Muraenesox_cinereus-Indian Ocean_Eastern,Muraenesox cinereus,Daggertooth pike conger,Miscellaneous demersal fishes,Indian Ocean Eastern,0.656145946,0.914150862,1.136032807,1.299307515,1.513958255,0.243202834,1.106985662,31104.76003,2014,0.230596075,52756.23006,2589.056169,0.115298037,1474,CBA
Muraenesox_cinereus-Indian Ocean_Eastern,Muraenesox cinereus,Daggertooth pike conger,Miscellaneous demersal fishes,Indian Ocean Eastern,0.655165771,0.920286679,1.150293133,1.306734285,1.471222295,0.238524831,1.110086854,31104.76003,2015,0.230596075,52756.23006,2589.056169,0.115298037,2102,CBA
Muraenesox_cinereus-Indian Ocean_Eastern,Muraenesox cinereus,Daggertooth pike conger,Miscellaneous demersal fishes,Indian Ocean Eastern,0.633014837,0.912792646,1.149303255,1.297979548,1.39094923,0.232328259,1.09535746,31104.76003,2016,0.230596075,52756.23006,2589.056169,0.115298037,2477,CBA
Muraenesox_cinereus-Pacific_Northwest,Muraenesox cinereus,Daggertooth pike conger,Miscellaneous demersal fishes,Pacific Northwest,0.944776349,1.14899281,1.314350946,1.50607908,1.835719457,0.24183844,1.338325831,3253406.871,1950,0.178351664,5098592.547,217721.4222,0.089175832,21500,CBA
Muraenesox_cinereus-Pacific_Northwest,Muraenesox cinereus,Daggertooth pike conger,Miscellaneous demersal fishes,Pacific Northwest,0.989251203,1.216167595,1.375934626,1.563864551,1.851563349,0.234627602,1.393053656,3253406.871,1951,0.178351664,5098592.547,217721.4222,0.089175832,21500,CBA
Muraenesox_cinereus-Pacific_Northwest,Muraenesox cinereus,Daggertooth pike conger,Miscellaneous demersal fishes,Pacific Northwest,1.021118546,1.272183362,1.443769835,1.619689872,1.887794261,0.229936703,1.446466018,3253406.871,1952,0.178351664,5098592.547,217721.4222,0.089175832,22000,CBA
Muraenesox_cinereus-Pacific_Northwest,Muraenesox cinereus,Daggertooth pike conger,Miscellaneous demersal fishes,Pacific Northwest,1.063045482,1.319535756,1.494567762,1.660530553,1.881935894,0.224103733,1.48904451,3253406.871,1953,0.178351664,5098592.547,217721.4222,0.089175832,22400,CBA
Muraenesox_cinereus-Pacific_Northwest,Muraenesox cinereus,Daggertooth pike conger,Miscellaneous demersal fishes,Pacific Northwest,1.087334439,1.372373594,1.540297846,1.696836061,1.899569084,0.219952241,1.52785389,3253406.871,1954,0.178351664,5098592.547,217721.4222,0.089175832,26300,CBA
Muraenesox_cinereus-Pacific_Northwest,Muraenesox cinereus,Daggertooth pike conger,Miscellaneous demersal fishes,Pacific Northwest,1.11530783,1.406256895,1.572221501,1.720481827,1.924451131,0.214548093,1.556323537,3253406.871,1955,0.178351664,5098592.547,217721.4222,0.089175832,30100,CBA
Muraenesox_cinereus-Pacific_Northwest,Muraenesox cinereus,Daggertooth pike conger,Miscellaneous demersal fishes,Pacific Northwest,1.148098759,1.440864766,1.606987274,1.746145628,1.926319507,0.208053453,1.583594421,3253406.871,1956,0.178351664,5098592.547,217721.4222,0.089175832,30700,CBA
Muraenesox_cinereus-Pacific_Northwest,Muraenesox cinereus,Daggertooth pike conger,Miscellaneous demersal fishes,Pacific Northwest,1.173377474,1.467045519,1.627132227,1.76222877,1.932517047,0.204329589,1.605032974,3253406.871,1957,0.178351664,5098592.547,217721.4222,0.089175832,33600,CBA
Muraenesox_cinereus-Pacific_Northwest,Muraenesox cinereus,Daggertooth pike conger,Miscellaneous demersal fishes,Pacific Northwest,1.206584061,1.48974666,1.648886578,1.775330516,1.944844089,0.200007669,1.624475609,3253406.871,1958,0.178351664,5098592.547,217721.4222,0.089175832,35900,CBA
Muraenesox_cinereus-Pacific_Northwest,Muraenesox cinereus,Daggertooth pike conger,Miscellaneous demersal fishes,Pacific Northwest,1.220636146,1.513113842,1.661270166,1.780133139,1.94721696,0.193557782,1.637709522,3253406.871,1959,0.178351664,5098592.547,217721.4222,0.089175832,36100,CBA
Muraenesox_cinereus-Pacific_Northwest,Muraenesox cinereus,Daggertooth pike conger,Miscellaneous demersal fishes,Pacific Northwest,1.24501764,1.531956792,1.67331171,1.793712211,1.947030966,0.188226935,1.65117361,3253406.871,1960,0.178351664,5098592.547,217721.4222,0.089175832,37300,CBA
Muraenesox_cinereus-Pacific_Northwest,Muraenesox cinereus,Daggertooth pike conger,Miscellaneous demersal fishes,Pacific Northwest,1.256175748,1.545307867,1.683198297,1.79291092,1.945307467,0.18316153,1.659261533,3253406.871,1961,0.178351664,5098592.547,217721.4222,0.089175832,38600,CBA
Muraenesox_cinereus-Pacific_Northwest,Muraenesox cinereus,Daggertooth pike conger,Miscellaneous demersal fishes,Pacific Northwest,1.26052704,1.557863439,1.691323715,1.803133769,1.947101513,0.179396373,1.668231491,3253406.871,1962,0.178351664,5098592.547,217721.4222,0.089175832,37400,CBA
Muraenesox_cinereus-Pacific_Northwest,Muraenesox cinereus,Daggertooth pike conger,Miscellaneous demersal fishes,Pacific Northwest,1.277940446,1.570632885,1.702220192,1.803879624,1.957168848,0.176470875,1.676840714,3253406.871,1963,0.178351664,5098592.547,217721.4222,0.089175832,37700,CBA
Muraenesox_cinereus-Pacific_Northwest,Muraenesox cinereus,Daggertooth pike conger,Miscellaneous demersal fishes,Pacific Northwest,1.292870616,1.585180953,1.707860048,1.810975886,1.952140952,0.172971851,1.686803261,3253406.871,1964,0.178351664,5098592.547,217721.4222,0.089175832,34500,CBA
Muraenesox_cinereus-Pacific_Northwest,Muraenesox cinereus,Daggertooth pike conger,Miscellaneous demersal fishes,Pacific Northwest,1.298396315,1.595512135,1.714055347,1.813253216,1.95397358,0.167284023,1.692489476,3253406.871,1965,0.178351664,5098592.547,217721.4222,0.089175832,35600,CBA
Muraenesox_cinereus-Pacific_Northwest,Muraenesox cinereus,Daggertooth pike conger,Miscellaneous demersal fishes,Pacific Northwest,1.312098884,1.599764459,1.716299558,1.816686127,1.954765094,0.164899512,1.696150275,3253406.871,1966,0.178351664,5098592.547,217721.4222,0.089175832,39600,CBA
Muraenesox_cinereus-Pacific_Northwest,Muraenesox cinereus,Daggertooth pike conger,Miscellaneous demersal fishes,Pacific Northwest,1.316582967,1.609752125,1.722796138,1.817689736,1.963989078,0.163141844,1.701739218,3253406.871,1967,0.178351664,5098592.547,217721.4222,0.089175832,34100,CBA
Muraenesox_cinereus-Pacific_Northwest,Muraenesox cinereus,Daggertooth pike conger,Miscellaneous demersal fishes,Pacific Northwest,1.325329346,1.613561088,1.727269173,1.822625334,1.958029042,0.161161568,1.706005722,3253406.871,1968,0.178351664,5098592.547,217721.4222,0.089175832,32700,CBA
Muraenesox_cinereus-Pacific_Northwest,Muraenesox cinereus,Daggertooth pike conger,Miscellaneous demersal fishes,Pacific Northwest,1.348715081,1.613113207,1.723581775,1.820238891,1.954339739,0.156887914,1.706384364,3253406.871,1969,0.178351664,5098592.547,217721.4222,0.089175832,33000,CBA
Muraenesox_cinereus-Pacific_Northwest,Muraenesox cinereus,Daggertooth pike conger,Miscellaneous demersal fishes,Pacific Northwest,1.363562811,1.622615838,1.730228345,1.824939579,1.958108102,0.154627223,1.712189819,3253406.871,1970,0.178351664,5098592.547,217721.4222,0.089175832,30200,CBA
Muraenesox_cinereus-Pacific_Northwest,Muraenesox cinereus,Daggertooth pike conger,Miscellaneous demersal fishes,Pacific Northwest,1.369541886,1.624164995,1.737326312,1.82830769,1.964722956,0.154534611,1.716543652,3253406.871,1971,0.178351664,5098592.547,217721.4222,0.089175832,32400,CBA
Muraenesox_cinereus-Pacific_Northwest,Muraenesox cinereus,Daggertooth pike conger,Miscellaneous demersal fishes,Pacific Northwest,1.375576943,1.626921436,1.736559059,1.827262347,1.96299767,0.15314111,1.718413499,3253406.871,1972,0.178351664,5098592.547,217721.4222,0.089175832,33600,CBA
Muraenesox_cinereus-Pacific_Northwest,Muraenesox cinereus,Daggertooth pike conger,Miscellaneous demersal fishes,Pacific Northwest,1.380672685,1.629205072,1.73769084,1.832287642,1.964062806,0.151139515,1.720805849,3253406.871,1973,0.178351664,5098592.547,217721.4222,0.089175832,32700,CBA
Muraenesox_cinereus-Pacific_Northwest,Muraenesox cinereus,Daggertooth pike conger,Miscellaneous demersal fishes,Pacific Northwest,1.380477983,1.632991273,1.73537745,1.828620634,1.957426592,0.148031033,1.720615606,3253406.871,1974,0.178351664,5098592.547,217721.4222,0.089175832,30818,CBA
Muraenesox_cinereus-Pacific_Northwest,Muraenesox cinereus,Daggertooth pike conger,Miscellaneous demersal fishes,Pacific Northwest,1.374864798,1.632626622,1.734512357,1.82665364,1.957252562,0.145876915,1.71952757,3253406.871,1975,0.178351664,5098592.547,217721.4222,0.089175832,35242,CBA
Muraenesox_cinereus-Pacific_Northwest,Muraenesox cinereus,Daggertooth pike conger,Miscellaneous demersal fishes,Pacific Northwest,1.402619624,1.632524375,1.739627601,1.827083453,1.961354977,0.145689958,1.721791859,3253406.871,1976,0.178351664,5098592.547,217721.4222,0.089175832,32384,CBA
Muraenesox_cinereus-Pacific_Northwest,Muraenesox cinereus,Daggertooth pike conger,Miscellaneous demersal fishes,Pacific Northwest,1.39627525,1.631281229,1.736253401,1.827596453,1.965013283,0.143998531,1.722434448,3253406.871,1977,0.178351664,5098592.547,217721.4222,0.089175832,36097,CBA
Muraenesox_cinereus-Pacific_Northwest,Muraenesox cinereus,Daggertooth pike conger,Miscellaneous demersal fishes,Pacific Northwest,1.406595737,1.634766756,1.735214564,1.826619549,1.952021033,0.140819866,1.722013587,3253406.871,1978,0.178351664,5098592.547,217721.4222,0.089175832,36347,CBA
Muraenesox_cinereus-Pacific_Northwest,Muraenesox cinereus,Daggertooth pike conger,Miscellaneous demersal fishes,Pacific Northwest,1.417268911,1.63752258,1.742219316,1.82799597,1.957741647,0.140928191,1.725599356,3253406.871,1979,0.178351664,5098592.547,217721.4222,0.089175832,29215,CBA
Muraenesox_cinereus-Pacific_Northwest,Muraenesox cinereus,Daggertooth pike conger,Miscellaneous demersal fishes,Pacific Northwest,1.408947336,1.632322944,1.738284429,1.829718659,1.95760054,0.142523452,1.724667749,3253406.871,1980,0.178351664,5098592.547,217721.4222,0.089175832,32985,CBA
Muraenesox_cinereus-Pacific_Northwest,Muraenesox cinereus,Daggertooth pike conger,Miscellaneous demersal fishes,Pacific Northwest,1.424624462,1.636755159,1.737961609,1.824686621,1.956217995,0.138620942,1.724830018,3253406.871,1981,0.178351664,5098592.547,217721.4222,0.089175832,31304,CBA
Muraenesox_cinereus-Pacific_Northwest,Muraenesox cinereus,Daggertooth pike conger,Miscellaneous demersal fishes,Pacific Northwest,1.426798153,1.64255382,1.743801159,1.827623184,1.961696761,0.13851792,1.728895133,3253406.871,1982,0.178351664,5098592.547,217721.4222,0.089175832,30977,CBA
Muraenesox_cinereus-Pacific_Northwest,Muraenesox cinereus,Daggertooth pike conger,Miscellaneous demersal fishes,Pacific Northwest,1.431295888,1.64163525,1.744045736,1.836741427,1.960463589,0.138516271,1.732086594,3253406.871,1983,0.178351664,5098592.547,217721.4222,0.089175832,26905,CBA
Muraenesox_cinereus-Pacific_Northwest,Muraenesox cinereus,Daggertooth pike conger,Miscellaneous demersal fishes,Pacific Northwest,1.44305238,1.64606541,1.746936982,1.830489622,1.962703711,0.13624071,1.733802844,3253406.871,1984,0.178351664,5098592.547,217721.4222,0.089175832,28706,CBA
Muraenesox_cinereus-Pacific_Northwest,Muraenesox cinereus,Daggertooth pike conger,Miscellaneous demersal fishes,Pacific Northwest,1.458346079,1.652604695,1.747645738,1.837138506,1.96399716,0.134049443,1.737299003,3253406.871,1985,0.178351664,5098592.547,217721.4222,0.089175832,24461,CBA
Muraenesox_cinereus-Pacific_Northwest,Muraenesox cinereus,Daggertooth pike conger,Miscellaneous demersal fishes,Pacific Northwest,1.453578486,1.658852154,1.75707655,1.83742775,1.96043361,0.130324466,1.742649855,3253406.871,1986,0.178351664,5098592.547,217721.4222,0.089175832,22553,CBA
Muraenesox_cinereus-Pacific_Northwest,Muraenesox cinereus,Daggertooth pike conger,Miscellaneous demersal fishes,Pacific Northwest,1.46146839,1.66220207,1.757439808,1.843160809,1.961061719,0.129188336,1.745756902,3253406.871,1987,0.178351664,5098592.547,217721.4222,0.089175832,24008,CBA
Muraenesox_cinereus-Pacific_Northwest,Muraenesox cinereus,Daggertooth pike conger,Miscellaneous demersal fishes,Pacific Northwest,1.469326036,1.665091867,1.759459163,1.842643879,1.964966397,0.128166384,1.749529052,3253406.871,1988,0.178351664,5098592.547,217721.4222,0.089175832,21938,CBA
Muraenesox_cinereus-Pacific_Northwest,Muraenesox cinereus,Daggertooth pike conger,Miscellaneous demersal fishes,Pacific Northwest,1.479243803,1.676533931,1.767253716,1.849877823,1.968108388,0.127268137,1.756623919,3253406.871,1989,0.178351664,5098592.547,217721.4222,0.089175832,21662,CBA
Muraenesox_cinereus-Pacific_Northwest,Muraenesox cinereus,Daggertooth pike conger,Miscellaneous demersal fishes,Pacific Northwest,1.490875384,1.683183539,1.772214198,1.851178363,1.965978797,0.123329761,1.760288425,3253406.871,1990,0.178351664,5098592.547,217721.4222,0.089175832,34990,CBA
Muraenesox_cinereus-Pacific_Northwest,Muraenesox cinereus,Daggertooth pike conger,Miscellaneous demersal fishes,Pacific Northwest,1.497904922,1.684160928,1.77184328,1.851855701,1.972482055,0.124101182,1.76208592,3253406.871,1991,0.178351664,5098592.547,217721.4222,0.089175832,43273,CBA
Muraenesox_cinereus-Pacific_Northwest,Muraenesox cinereus,Daggertooth pike conger,Miscellaneous demersal fishes,Pacific Northwest,1.500079656,1.690485442,1.782176621,1.859028807,1.969136955,0.122495518,1.768423757,3253406.871,1992,0.178351664,5098592.547,217721.4222,0.089175832,33169,CBA
Muraenesox_cinereus-Pacific_Northwest,Muraenesox cinereus,Daggertooth pike conger,Miscellaneous demersal fishes,Pacific Northwest,1.50701356,1.691880173,1.77821155,1.860560999,1.973455235,0.121871181,1.76970327,3253406.871,1993,0.178351664,5098592.547,217721.4222,0.089175832,61805,CBA
Muraenesox_cinereus-Pacific_Northwest,Muraenesox cinereus,Daggertooth pike conger,Miscellaneous demersal fishes,Pacific Northwest,1.476999304,1.655403203,1.743986261,1.833126652,1.962182179,0.125517422,1.739161774,3253406.871,1994,0.178351664,5098592.547,217721.4222,0.089175832,153250,CBA
Muraenesox_cinereus-Pacific_Northwest,Muraenesox cinereus,Daggertooth pike conger,Miscellaneous demersal fishes,Pacific Northwest,1.445811137,1.630130002,1.719747859,1.807807978,1.944178665,0.128543644,1.713862834,3253406.871,1995,0.178351664,5098592.547,217721.4222,0.089175832,163074,CBA
Muraenesox_cinereus-Pacific_Northwest,Muraenesox cinereus,Daggertooth pike conger,Miscellaneous demersal fishes,Pacific Northwest,1.419128192,1.600942987,1.691676941,1.781879887,1.936619555,0.133451793,1.688671771,3253406.871,1996,0.178351664,5098592.547,217721.4222,0.089175832,183716,CBA
Muraenesox_cinereus-Pacific_Northwest,Muraenesox cinereus,Daggertooth pike conger,Miscellaneous demersal fishes,Pacific Northwest,1.395671023,1.575760428,1.675387863,1.766640621,1.917167661,0.135923494,1.670018377,3253406.871,1997,0.178351664,5098592.547,217721.4222,0.089175832,178657,CBA
Muraenesox_cinereus-Pacific_Northwest,Muraenesox cinereus,Daggertooth pike conger,Miscellaneous demersal fishes,Pacific Northwest,1.353089489,1.54632929,1.642213302,1.733573137,1.903352901,0.140890325,1.638594851,3253406.871,1998,0.178351664,5098592.547,217721.4222,0.089175832,221922,CBA
Muraenesox_cinereus-Pacific_Northwest,Muraenesox cinereus,Daggertooth pike conger,Miscellaneous demersal fishes,Pacific Northwest,1.329585029,1.517896043,1.615732335,1.71495207,1.884787295,0.142791378,1.614665441,3253406.871,1999,0.178351664,5098592.547,217721.4222,0.089175832,214723,CBA
Muraenesox_cinereus-Pacific_Northwest,Muraenesox cinereus,Daggertooth pike conger,Miscellaneous demersal fishes,Pacific Northwest,1.31171536,1.498750347,1.599157295,1.694746182,1.88034916,0.146353729,1.596453195,3253406.871,2000,0.178351664,5098592.547,217721.4222,0.089175832,199297,CBA
Muraenesox_cinereus-Pacific_Northwest,Muraenesox cinereus,Daggertooth pike conger,Miscellaneous demersal fishes,Pacific Northwest,1.273388475,1.473770829,1.577223193,1.678422988,1.871380876,0.150189377,1.576170738,3253406.871,2001,0.178351664,5098592.547,217721.4222,0.089175832,216974,CBA
Muraenesox_cinereus-Pacific_Northwest,Muraenesox cinereus,Daggertooth pike conger,Miscellaneous demersal fishes,Pacific Northwest,1.265003627,1.446098253,1.552086619,1.655020379,1.856996503,0.151410928,1.554088357,3253406.871,2002,0.178351664,5098592.547,217721.4222,0.089175832,225713,CBA
Muraenesox_cinereus-Pacific_Northwest,Muraenesox cinereus,Daggertooth pike conger,Miscellaneous demersal fishes,Pacific Northwest,1.234684652,1.411924475,1.5185734,1.625188181,1.823570167,0.151873389,1.521197101,3253406.871,2003,0.178351664,5098592.547,217721.4222,0.089175832,255939,CBA
Muraenesox_cinereus-Pacific_Northwest,Muraenesox cinereus,Daggertooth pike conger,Miscellaneous demersal fishes,Pacific Northwest,1.206329731,1.376549075,1.47890305,1.585542057,1.788192286,0.150702954,1.483550919,3253406.871,2004,0.178351664,5098592.547,217721.4222,0.089175832,279106,CBA
Muraenesox_cinereus-Pacific_Northwest,Muraenesox cinereus,Daggertooth pike conger,Miscellaneous demersal fishes,Pacific Northwest,1.179672284,1.349182874,1.450150945,1.560210549,1.776513961,0.153337349,1.458530988,3253406.871,2005,0.178351664,5098592.547,217721.4222,0.089175832,256847,CBA
Muraenesox_cinereus-Pacific_Northwest,Muraenesox cinereus,Daggertooth pike conger,Miscellaneous demersal fishes,Pacific Northwest,1.149514396,1.321369166,1.419384481,1.528853347,1.754161313,0.153914464,1.429440385,3253406.871,2006,0.178351664,5098592.547,217721.4222,0.089175832,275473,CBA
Muraenesox_cinereus-Pacific_Northwest,Muraenesox cinereus,Daggertooth pike conger,Miscellaneous demersal fishes,Pacific Northwest,1.11454532,1.279816619,1.377664925,1.488884337,1.721309395,0.155356234,1.386976482,3253406.871,2007,0.178351664,5098592.547,217721.4222,0.089175832,304484,CBA
Muraenesox_cinereus-Pacific_Northwest,Muraenesox cinereus,Daggertooth pike conger,Miscellaneous demersal fishes,Pacific Northwest,1.076288268,1.231593239,1.329931096,1.441915635,1.674028598,0.154911295,1.342171745,3253406.871,2008,0.178351664,5098592.547,217721.4222,0.089175832,324153,CBA
Muraenesox_cinereus-Pacific_Northwest,Muraenesox cinereus,Daggertooth pike conger,Miscellaneous demersal fishes,Pacific Northwest,1.022599076,1.178611009,1.280113917,1.393979231,1.618539982,0.155241211,1.291077382,3253406.871,2009,0.178351664,5098592.547,217721.4222,0.089175832,344256,CBA
Muraenesox_cinereus-Pacific_Northwest,Muraenesox cinereus,Daggertooth pike conger,Miscellaneous demersal fishes,Pacific Northwest,0.98551544,1.12839059,1.228090273,1.340027498,1.568055764,0.152791197,1.241295895,3253406.871,2010,0.178351664,5098592.547,217721.4222,0.089175832,343008,CBA
Muraenesox_cinereus-Pacific_Northwest,Muraenesox cinereus,Daggertooth pike conger,Miscellaneous demersal fishes,Pacific Northwest,0.929877181,1.069284953,1.167331656,1.286572206,1.535795015,0.158078333,1.185849539,3253406.871,2011,0.178351664,5098592.547,217721.4222,0.089175832,362100,CBA
Muraenesox_cinereus-Pacific_Northwest,Muraenesox cinereus,Daggertooth pike conger,Miscellaneous demersal fishes,Pacific Northwest,0.876625764,1.003978025,1.106781663,1.229996559,1.493074258,0.162249464,1.128223103,3253406.871,2012,0.178351664,5098592.547,217721.4222,0.089175832,365597,CBA
Muraenesox_cinereus-Pacific_Northwest,Muraenesox cinereus,Daggertooth pike conger,Miscellaneous demersal fishes,Pacific Northwest,0.815821781,0.942408828,1.042496023,1.173953946,1.46022848,0.168274934,1.069895205,3253406.871,2013,0.178351664,5098592.547,217721.4222,0.089175832,373255,CBA
Muraenesox_cinereus-Pacific_Northwest,Muraenesox cinereus,Daggertooth pike conger,Miscellaneous demersal fishes,Pacific Northwest,0.751700709,0.86763936,0.972705444,1.113598755,1.407811834,0.17585224,1.005289337,3253406.871,2014,0.178351664,5098592.547,217721.4222,0.089175832,384468,CBA
Muraenesox_cinereus-Pacific_Northwest,Muraenesox cinereus,Daggertooth pike conger,Miscellaneous demersal fishes,Pacific Northwest,0.683813016,0.787648551,0.897936415,1.055802513,1.359065731,0.185777175,0.936749784,3253406.871,2015,0.178351664,5098592.547,217721.4222,0.089175832,389338,CBA
Muraenesox_cinereus-Pacific_Northwest,Muraenesox cinereus,Daggertooth pike conger,Miscellaneous demersal fishes,Pacific Northwest,0.611208576,0.705789966,0.823418585,0.99931684,1.320854964,0.197803611,0.867813731,3253406.871,2016,0.178351664,5098592.547,217721.4222,0.089175832,391286,CBA
Muraenesox_cinereus-Pacific_Western Central,Muraenesox cinereus,Daggertooth pike conger,Miscellaneous demersal fishes,Pacific Western Central,0.951338124,1.143101208,1.289085677,1.489068552,1.817042167,0.23543508,1.325189551,51707.68408,1950,0.242354254,83940.46782,4730.769166,0.121177127,300,CBA
Muraenesox_cinereus-Pacific_Western Central,Muraenesox cinereus,Daggertooth pike conger,Miscellaneous demersal fishes,Pacific Western Central,1.020115935,1.235763947,1.389687922,1.575707509,1.857322791,0.227127734,1.408737562,51707.68408,1951,0.242354254,83940.46782,4730.769166,0.121177127,200,CBA
Muraenesox_cinereus-Pacific_Western Central,Muraenesox cinereus,Daggertooth pike conger,Miscellaneous demersal fishes,Pacific Western Central,1.076851035,1.321322006,1.482415812,1.649563961,1.893709561,0.218947562,1.484926797,51707.68408,1952,0.242354254,83940.46782,4730.769166,0.121177127,100,CBA
Muraenesox_cinereus-Pacific_Western Central,Muraenesox cinereus,Daggertooth pike conger,Miscellaneous demersal fishes,Pacific Western Central,1.141778511,1.393196676,1.557444355,1.711937544,1.923401609,0.211121822,1.549230229,51707.68408,1953,0.242354254,83940.46782,4730.769166,0.121177127,100,CBA
Muraenesox_cinereus-Pacific_Western Central,Muraenesox cinereus,Daggertooth pike conger,Miscellaneous demersal fishes,Pacific Western Central,1.184713914,1.460263206,1.618560076,1.757264412,1.941388474,0.201410271,1.603137359,51707.68408,1954,0.242354254,83940.46782,4730.769166,0.121177127,100,CBA
Muraenesox_cinereus-Pacific_Western Central,Muraenesox cinereus,Daggertooth pike conger,Miscellaneous demersal fishes,Pacific Western Central,1.236713329,1.518534437,1.665638332,1.792963482,1.954373166,0.190842641,1.646982829,51707.68408,1955,0.242354254,83940.46782,4730.769166,0.121177127,100,CBA
Muraenesox_cinereus-Pacific_Western Central,Muraenesox cinereus,Daggertooth pike conger,Miscellaneous demersal fishes,Pacific Western Central,1.285125124,1.564517332,1.703530641,1.81928209,1.960793809,0.179879283,1.680968684,51707.68408,1956,0.242354254,83940.46782,4730.769166,0.121177127,100,CBA
Muraenesox_cinereus-Pacific_Western Central,Muraenesox cinereus,Daggertooth pike conger,Miscellaneous demersal fishes,Pacific Western Central,1.320035931,1.602759422,1.730753426,1.834428458,1.971366413,0.169655027,1.707565335,51707.68408,1957,0.242354254,83940.46782,4730.769166,0.121177127,100,CBA
Muraenesox_cinereus-Pacific_Western Central,Muraenesox cinereus,Daggertooth pike conger,Miscellaneous demersal fishes,Pacific Western Central,1.365752996,1.631723075,1.75025038,1.84720978,1.973661954,0.159239466,1.728779342,51707.68408,1958,0.242354254,83940.46782,4730.769166,0.121177127,100,CBA
Muraenesox_cinereus-Pacific_Western Central,Muraenesox cinereus,Daggertooth pike conger,Miscellaneous demersal fishes,Pacific Western Central,1.391702206,1.658721028,1.765470811,1.857266653,1.974054682,0.150007427,1.745708156,51707.68408,1959,0.242354254,83940.46782,4730.769166,0.121177127,100,CBA
Muraenesox_cinereus-Pacific_Western Central,Muraenesox cinereus,Daggertooth pike conger,Miscellaneous demersal fishes,Pacific Western Central,1.417233568,1.676894688,1.775705035,1.861267651,1.975134426,0.14260933,1.757110137,51707.68408,1960,0.242354254,83940.46782,4730.769166,0.121177127,200,CBA
Muraenesox_cinereus-Pacific_Western Central,Muraenesox cinereus,Daggertooth pike conger,Miscellaneous demersal fishes,Pacific Western Central,1.446357595,1.685441626,1.782399072,1.864008488,1.974587933,0.13684288,1.76385172,51707.68408,1961,0.242354254,83940.46782,4730.769166,0.121177127,200,CBA
Muraenesox_cinereus-Pacific_Western Central,Muraenesox cinereus,Daggertooth pike conger,Miscellaneous demersal fishes,Pacific Western Central,1.456819441,1.690875311,1.786214607,1.865015122,1.973713261,0.132740823,1.768693461,51707.68408,1962,0.242354254,83940.46782,4730.769166,0.121177127,400,CBA
Muraenesox_cinereus-Pacific_Western Central,Muraenesox cinereus,Daggertooth pike conger,Miscellaneous demersal fishes,Pacific Western Central,1.471127017,1.696269717,1.783780416,1.865258352,1.975336783,0.129458829,1.77051018,51707.68408,1963,0.242354254,83940.46782,4730.769166,0.121177127,400,CBA
Muraenesox_cinereus-Pacific_Western Central,Muraenesox cinereus,Daggertooth pike conger,Miscellaneous demersal fishes,Pacific Western Central,1.479049578,1.697070311,1.78455135,1.862208662,1.972896693,0.126392853,1.771206699,51707.68408,1964,0.242354254,83940.46782,4730.769166,0.121177127,400,CBA
Muraenesox_cinereus-Pacific_Western Central,Muraenesox cinereus,Daggertooth pike conger,Miscellaneous demersal fishes,Pacific Western Central,1.489240285,1.697590646,1.786452838,1.866043375,1.976936901,0.125113713,1.773929275,51707.68408,1965,0.242354254,83940.46782,4730.769166,0.121177127,400,CBA
Muraenesox_cinereus-Pacific_Western Central,Muraenesox cinereus,Daggertooth pike conger,Miscellaneous demersal fishes,Pacific Western Central,1.499022884,1.701579929,1.787823643,1.86760855,1.975132246,0.123076255,1.777018638,51707.68408,1966,0.242354254,83940.46782,4730.769166,0.121177127,400,CBA
Muraenesox_cinereus-Pacific_Western Central,Muraenesox cinereus,Daggertooth pike conger,Miscellaneous demersal fishes,Pacific Western Central,1.509149684,1.706988713,1.793492905,1.868931032,1.976758174,0.121002846,1.780696476,51707.68408,1967,0.242354254,83940.46782,4730.769166,0.121177127,300,CBA
Muraenesox_cinereus-Pacific_Western Central,Muraenesox cinereus,Daggertooth pike conger,Miscellaneous demersal fishes,Pacific Western Central,1.51506261,1.70822012,1.792608616,1.871414202,1.97733389,0.119159026,1.783182775,51707.68408,1968,0.242354254,83940.46782,4730.769166,0.121177127,400,CBA
Muraenesox_cinereus-Pacific_Western Central,Muraenesox cinereus,Daggertooth pike conger,Miscellaneous demersal fishes,Pacific Western Central,1.52833506,1.717456971,1.801780904,1.875047096,1.978568454,0.117126565,1.790153374,51707.68408,1969,0.242354254,83940.46782,4730.769166,0.121177127,300,CBA
Muraenesox_cinereus-Pacific_Western Central,Muraenesox cinereus,Daggertooth pike conger,Miscellaneous demersal fishes,Pacific Western Central,1.534680622,1.717653948,1.801487422,1.875925838,1.977646818,0.115748747,1.790347364,51707.68408,1970,0.242354254,83940.46782,4730.769166,0.121177127,600,CBA
Muraenesox_cinereus-Pacific_Western Central,Muraenesox cinereus,Daggertooth pike conger,Miscellaneous demersal fishes,Pacific Western Central,1.54091043,1.722825704,1.806488225,1.877585812,1.978235333,0.114427375,1.793627335,51707.68408,1971,0.242354254,83940.46782,4730.769166,0.121177127,650,CBA
Muraenesox_cinereus-Pacific_Western Central,Muraenesox cinereus,Daggertooth pike conger,Miscellaneous demersal fishes,Pacific Western Central,1.54355985,1.725969118,1.810316057,1.884051321,1.981051825,0.114849534,1.798111831,51707.68408,1972,0.242354254,83940.46782,4730.769166,0.121177127,710,CBA
Muraenesox_cinereus-Pacific_Western Central,Muraenesox cinereus,Daggertooth pike conger,Miscellaneous demersal fishes,Pacific Western Central,1.505786783,1.689174686,1.774353406,1.85223842,1.96593987,0.118672609,1.764892824,51707.68408,1973,0.242354254,83940.46782,4730.769166,0.121177127,2500,CBA
Muraenesox_cinereus-Pacific_Western Central,Muraenesox cinereus,Daggertooth pike conger,Miscellaneous demersal fishes,Pacific Western Central,1.498470734,1.686104221,1.773819767,1.850573425,1.968619975,0.121301616,1.762356155,51707.68408,1974,0.242354254,83940.46782,4730.769166,0.121177127,1684,CBA
Muraenesox_cinereus-Pacific_Western Central,Muraenesox cinereus,Daggertooth pike conger,Miscellaneous demersal fishes,Pacific Western Central,1.464815594,1.645913876,1.736254728,1.820876038,1.953575129,0.126115542,1.729243327,51707.68408,1975,0.242354254,83940.46782,4730.769166,0.121177127,3113,CBA
Muraenesox_cinereus-Pacific_Western Central,Muraenesox cinereus,Daggertooth pike conger,Miscellaneous demersal fishes,Pacific Western Central,1.438877917,1.620184469,1.712109353,1.798803147,1.942848039,0.129983761,1.705900952,51707.68408,1976,0.242354254,83940.46782,4730.769166,0.121177127,3052,CBA
Muraenesox_cinereus-Pacific_Western Central,Muraenesox cinereus,Daggertooth pike conger,Miscellaneous demersal fishes,Pacific Western Central,1.374747436,1.555376472,1.651381727,1.742568495,1.904666819,0.13468993,1.647955247,51707.68408,1977,0.242354254,83940.46782,4730.769166,0.121177127,4557,CBA
Muraenesox_cinereus-Pacific_Western Central,Muraenesox cinereus,Daggertooth pike conger,Miscellaneous demersal fishes,Pacific Western Central,1.321132028,1.500964143,1.596593499,1.692533862,1.869032763,0.140097354,1.596526781,51707.68408,1978,0.242354254,83940.46782,4730.769166,0.121177127,4805,CBA
Muraenesox_cinereus-Pacific_Western Central,Muraenesox cinereus,Daggertooth pike conger,Miscellaneous demersal fishes,Pacific Western Central,1.283261978,1.470847849,1.569297497,1.667346089,1.861392291,0.146200556,1.569720318,51707.68408,1979,0.242354254,83940.46782,4730.769166,0.121177127,4168,CBA
Muraenesox_cinereus-Pacific_Western Central,Muraenesox cinereus,Daggertooth pike conger,Miscellaneous demersal fishes,Pacific Western Central,1.247761633,1.437485447,1.539636413,1.64434515,1.840828878,0.150840721,1.540803634,51707.68408,1980,0.242354254,83940.46782,4730.769166,0.121177127,4337,CBA
Muraenesox_cinereus-Pacific_Western Central,Muraenesox cinereus,Daggertooth pike conger,Miscellaneous demersal fishes,Pacific Western Central,1.238579865,1.430619966,1.536855365,1.639483855,1.838844272,0.154578456,1.535628185,51707.68408,1981,0.242354254,83940.46782,4730.769166,0.121177127,3554,CBA
Muraenesox_cinereus-Pacific_Western Central,Muraenesox cinereus,Daggertooth pike conger,Miscellaneous demersal fishes,Pacific Western Central,1.230701269,1.434069355,1.541978026,1.647340409,1.849743325,0.15733321,1.541139799,51707.68408,1982,0.242354254,83940.46782,4730.769166,0.121177127,3102,CBA
Muraenesox_cinereus-Pacific_Western Central,Muraenesox cinereus,Daggertooth pike conger,Miscellaneous demersal fishes,Pacific Western Central,1.244792298,1.446979936,1.556576623,1.664680195,1.864378668,0.158772764,1.555879355,51707.68408,1983,0.242354254,83940.46782,4730.769166,0.121177127,2753,CBA
Muraenesox_cinereus-Pacific_Western Central,Muraenesox cinereus,Daggertooth pike conger,Miscellaneous demersal fishes,Pacific Western Central,1.245219323,1.452508841,1.563037543,1.669784598,1.870581046,0.159647535,1.561434438,51707.68408,1984,0.242354254,83940.46782,4730.769166,0.121177127,2960,CBA
Muraenesox_cinereus-Pacific_Western Central,Muraenesox cinereus,Daggertooth pike conger,Miscellaneous demersal fishes,Pacific Western Central,1.228348158,1.442964357,1.552245123,1.662737407,1.863496385,0.161378418,1.551785134,51707.68408,1985,0.242354254,83940.46782,4730.769166,0.121177127,3625,CBA
Muraenesox_cinereus-Pacific_Western Central,Muraenesox cinereus,Daggertooth pike conger,Miscellaneous demersal fishes,Pacific Western Central,1.198554726,1.405078085,1.518772547,1.627394296,1.83712245,0.163455598,1.515748064,51707.68408,1986,0.242354254,83940.46782,4730.769166,0.121177127,4784,CBA
Muraenesox_cinereus-Pacific_Western Central,Muraenesox cinereus,Daggertooth pike conger,Miscellaneous demersal fishes,Pacific Western Central,1.172619359,1.379985478,1.497192044,1.610955295,1.812249717,0.165941804,1.496199353,51707.68408,1987,0.242354254,83940.46782,4730.769166,0.121177127,4217,CBA
Muraenesox_cinereus-Pacific_Western Central,Muraenesox cinereus,Daggertooth pike conger,Miscellaneous demersal fishes,Pacific Western Central,1.156473449,1.371068144,1.487807939,1.602541264,1.80437086,0.166964864,1.485354089,51707.68408,1988,0.242354254,83940.46782,4730.769166,0.121177127,4001,CBA
Muraenesox_cinereus-Pacific_Western Central,Muraenesox cinereus,Daggertooth pike conger,Miscellaneous demersal fishes,Pacific Western Central,1.173708529,1.387016048,1.505211921,1.618526446,1.824686869,0.168501035,1.502775795,51707.68408,1989,0.242354254,83940.46782,4730.769166,0.121177127,2896,CBA
Muraenesox_cinereus-Pacific_Western Central,Muraenesox cinereus,Daggertooth pike conger,Miscellaneous demersal fishes,Pacific Western Central,1.15417317,1.376622618,1.493509906,1.610888134,1.811844837,0.169650051,1.491736175,51707.68408,1990,0.242354254,83940.46782,4730.769166,0.121177127,3958,CBA
Muraenesox_cinereus-Pacific_Western Central,Muraenesox cinereus,Daggertooth pike conger,Miscellaneous demersal fishes,Pacific Western Central,1.178691196,1.401967153,1.523084093,1.643962014,1.846239296,0.17231539,1.521316315,51707.68408,1991,0.242354254,83940.46782,4730.769166,0.121177127,2430,CBA
Muraenesox_cinereus-Pacific_Western Central,Muraenesox cinereus,Daggertooth pike conger,Miscellaneous demersal fishes,Pacific Western Central,1.19777273,1.42020612,1.540185728,1.657751342,1.860946873,0.171975826,1.537974372,51707.68408,1992,0.242354254,83940.46782,4730.769166,0.121177127,2808,CBA
Muraenesox_cinereus-Pacific_Western Central,Muraenesox cinereus,Daggertooth pike conger,Miscellaneous demersal fishes,Pacific Western Central,1.196705985,1.416543799,1.536173445,1.657325728,1.862885855,0.17214463,1.535475784,51707.68408,1993,0.242354254,83940.46782,4730.769166,0.121177127,3483,CBA
Muraenesox_cinereus-Pacific_Western Central,Muraenesox cinereus,Daggertooth pike conger,Miscellaneous demersal fishes,Pacific Western Central,1.152389897,1.367348216,1.484673861,1.602421327,1.816033196,0.169984443,1.484812261,51707.68408,1994,0.242354254,83940.46782,4730.769166,0.121177127,5371,CBA
Muraenesox_cinereus-Pacific_Western Central,Muraenesox cinereus,Daggertooth pike conger,Miscellaneous demersal fishes,Pacific Western Central,1.122493022,1.331941713,1.448525962,1.567848653,1.781364239,0.170284757,1.450321578,51707.68408,1995,0.242354254,83940.46782,4730.769166,0.121177127,4981,CBA
Muraenesox_cinereus-Pacific_Western Central,Muraenesox cinereus,Daggertooth pike conger,Miscellaneous demersal fishes,Pacific Western Central,1.130279576,1.343601765,1.460894438,1.577318198,1.792468563,0.17078597,1.461786906,51707.68408,1996,0.242354254,83940.46782,4730.769166,0.121177127,3355,CBA
Muraenesox_cinereus-Pacific_Western Central,Muraenesox cinereus,Daggertooth pike conger,Miscellaneous demersal fishes,Pacific Western Central,1.132737273,1.33518987,1.451694096,1.575986366,1.794611822,0.17166222,1.45601848,51707.68408,1997,0.242354254,83940.46782,4730.769166,0.121177127,4003,CBA
Muraenesox_cinereus-Pacific_Western Central,Muraenesox cinereus,Daggertooth pike conger,Miscellaneous demersal fishes,Pacific Western Central,1.10765412,1.310869319,1.430224174,1.552190158,1.765743731,0.171034705,1.432279721,51707.68408,1998,0.242354254,83940.46782,4730.769166,0.121177127,4701,CBA
Muraenesox_cinereus-Pacific_Western Central,Muraenesox cinereus,Daggertooth pike conger,Miscellaneous demersal fishes,Pacific Western Central,1.09755189,1.292204658,1.410900613,1.531214171,1.750752328,0.170637702,1.414433979,51707.68408,1999,0.242354254,83940.46782,4730.769166,0.121177127,4607,CBA
Muraenesox_cinereus-Pacific_Western Central,Muraenesox cinereus,Daggertooth pike conger,Miscellaneous demersal fishes,Pacific Western Central,1.083781891,1.282822201,1.403069913,1.52364551,1.737299557,0.169546089,1.404170835,51707.68408,2000,0.242354254,83940.46782,4730.769166,0.121177127,4399,CBA
Muraenesox_cinereus-Pacific_Western Central,Muraenesox cinereus,Daggertooth pike conger,Miscellaneous demersal fishes,Pacific Western Central,1.076390605,1.280730414,1.399458694,1.517096126,1.745299836,0.171258424,1.401462318,51707.68408,2001,0.242354254,83940.46782,4730.769166,0.121177127,4096,CBA
Muraenesox_cinereus-Pacific_Western Central,Muraenesox cinereus,Daggertooth pike conger,Miscellaneous demersal fishes,Pacific Western Central,1.050925315,1.248105774,1.364612089,1.488346698,1.715092333,0.17118108,1.370015606,51707.68408,2002,0.242354254,83940.46782,4730.769166,0.121177127,5249,CBA
Muraenesox_cinereus-Pacific_Western Central,Muraenesox cinereus,Daggertooth pike conger,Miscellaneous demersal fishes,Pacific Western Central,1.01928835,1.206348586,1.326297485,1.449626972,1.683324612,0.173347816,1.332119049,51707.68408,2003,0.242354254,83940.46782,4730.769166,0.121177127,5670,CBA
Muraenesox_cinereus-Pacific_Western Central,Muraenesox cinereus,Daggertooth pike conger,Miscellaneous demersal fishes,Pacific Western Central,0.972565283,1.159468756,1.278193011,1.40345545,1.639816175,0.174111334,1.286149486,51707.68408,2004,0.242354254,83940.46782,4730.769166,0.121177127,6022,CBA
Muraenesox_cinereus-Pacific_Western Central,Muraenesox cinereus,Daggertooth pike conger,Miscellaneous demersal fishes,Pacific Western Central,0.943825067,1.128434598,1.245796374,1.379311007,1.622473189,0.178218236,1.258144023,51707.68408,2005,0.242354254,83940.46782,4730.769166,0.121177127,5474,CBA
Muraenesox_cinereus-Pacific_Western Central,Muraenesox cinereus,Daggertooth pike conger,Miscellaneous demersal fishes,Pacific Western Central,0.892866786,1.080940293,1.201550599,1.340044399,1.587708921,0.18240298,1.214300476,51707.68408,2006,0.242354254,83940.46782,4730.769166,0.121177127,6144,CBA
Muraenesox_cinereus-Pacific_Western Central,Muraenesox cinereus,Daggertooth pike conger,Miscellaneous demersal fishes,Pacific Western Central,0.863493676,1.05058829,1.179615583,1.318321091,1.578059715,0.187094188,1.190350965,51707.68408,2007,0.242354254,83940.46782,4730.769166,0.121177127,5435,CBA
Muraenesox_cinereus-Pacific_Western Central,Muraenesox cinereus,Daggertooth pike conger,Miscellaneous demersal fishes,Pacific Western Central,0.848167594,1.036645245,1.172611968,1.313178052,1.572105831,0.191641578,1.182049775,51707.68408,2008,0.242354254,83940.46782,4730.769166,0.121177127,4814,CBA
Muraenesox_cinereus-Pacific_Western Central,Muraenesox cinereus,Daggertooth pike conger,Miscellaneous demersal fishes,Pacific Western Central,0.854349321,1.037502034,1.176966049,1.325264615,1.583929835,0.195542009,1.188259544,51707.68408,2009,0.242354254,83940.46782,4730.769166,0.121177127,4257,CBA
Muraenesox_cinereus-Pacific_Western Central,Muraenesox cinereus,Daggertooth pike conger,Miscellaneous demersal fishes,Pacific Western Central,0.830844697,1.013551741,1.1603155,1.313527517,1.568743675,0.198766482,1.169125333,51707.68408,2010,0.242354254,83940.46782,4730.769166,0.121177127,5179,CBA
Muraenesox_cinereus-Pacific_Western Central,Muraenesox cinereus,Daggertooth pike conger,Miscellaneous demersal fishes,Pacific Western Central,0.807477325,0.990167334,1.1444182,1.298244495,1.552626847,0.203185154,1.14979733,51707.68408,2011,0.242354254,83940.46782,4730.769166,0.121177127,5244,CBA
Muraenesox_cinereus-Pacific_Western Central,Muraenesox cinereus,Daggertooth pike conger,Miscellaneous demersal fishes,Pacific Western Central,0.788187058,0.970583884,1.13449857,1.294187605,1.545555493,0.209053941,1.139526544,51707.68408,2012,0.242354254,83940.46782,4730.769166,0.121177127,4841,CBA
Muraenesox_cinereus-Pacific_Western Central,Muraenesox cinereus,Daggertooth pike conger,Miscellaneous demersal fishes,Pacific Western Central,0.752827953,0.936847184,1.106098772,1.272949423,1.514409156,0.213088887,1.110424104,51707.68408,2013,0.242354254,83940.46782,4730.769166,0.121177127,5588,CBA
Muraenesox_cinereus-Pacific_Western Central,Muraenesox cinereus,Daggertooth pike conger,Miscellaneous demersal fishes,Pacific Western Central,0.720915975,0.906851394,1.086164399,1.257392487,1.490194423,0.218556111,1.087045684,51707.68408,2014,0.242354254,83940.46782,4730.769166,0.121177127,5341,CBA
Muraenesox_cinereus-Pacific_Western Central,Muraenesox cinereus,Daggertooth pike conger,Miscellaneous demersal fishes,Pacific Western Central,0.684291899,0.873062934,1.06465669,1.24311197,1.453234259,0.223663183,1.060083053,51707.68408,2015,0.242354254,83940.46782,4730.769166,0.121177127,5435,CBA
Muraenesox_cinereus-Pacific_Western Central,Muraenesox cinereus,Daggertooth pike conger,Miscellaneous demersal fishes,Pacific Western Central,0.621034986,0.820372996,1.022783444,1.208678388,1.379735721,0.228573111,1.012402688,51707.68408,2016,0.242354254,83940.46782,4730.769166,0.121177127,6202,CBA
Mya_arenaria-Atlantic_Northwest,Mya arenaria,Sand gaper,"Clams, cockles, arkshells",Atlantic Northwest,NA,NA,NA,NA,NA,NA,NA,NA,NA,NA,NA,NA,NA,NA,CBA
Mytilus_chilensis-Pacific_Southeast,Mytilus chilensis,Chilean mussel,Mussels,Pacific Southeast,0.582002379,0.882807507,1.034825467,1.18906472,1.481925342,0.232945403,1.023210201,44354.00443,1950,0.302871573,94157.34647,6959.657287,0.151435787,3490,CBA
Mytilus_chilensis-Pacific_Southeast,Mytilus chilensis,Chilean mussel,Mussels,Pacific Southeast,0.605389857,0.949414037,1.100299094,1.24439045,1.469551323,0.231918862,1.086620136,44354.00443,1951,0.302871573,94157.34647,6959.657287,0.151435787,3890,CBA
Mytilus_chilensis-Pacific_Southeast,Mytilus chilensis,Chilean mussel,Mussels,Pacific Southeast,0.662261044,1.004459561,1.145745279,1.295799943,1.506914409,0.234085215,1.134320844,44354.00443,1952,0.302871573,94157.34647,6959.657287,0.151435787,4690,CBA
Mytilus_chilensis-Pacific_Southeast,Mytilus chilensis,Chilean mussel,Mussels,Pacific Southeast,0.742716976,1.089114609,1.21536647,1.381743583,1.613659366,0.236638674,1.218815582,44354.00443,1953,0.302871573,94157.34647,6959.657287,0.151435787,2990,CBA
Mytilus_chilensis-Pacific_Southeast,Mytilus chilensis,Chilean mussel,Mussels,Pacific Southeast,0.76399209,1.090198643,1.257436954,1.363116732,1.609240399,0.22163353,1.223069491,44354.00443,1954,0.302871573,94157.34647,6959.657287,0.151435787,6490,CBA
Mytilus_chilensis-Pacific_Southeast,Mytilus chilensis,Chilean mussel,Mussels,Pacific Southeast,0.723232917,1.057762431,1.245108421,1.337691537,1.594566062,0.219747286,1.201712953,44354.00443,1955,0.302871573,94157.34647,6959.657287,0.151435787,7590,CBA
Mytilus_chilensis-Pacific_Southeast,Mytilus chilensis,Chilean mussel,Mussels,Pacific Southeast,0.724483736,1.052274501,1.242678711,1.338127549,1.575201885,0.220774705,1.200461945,44354.00443,1956,0.302871573,94157.34647,6959.657287,0.151435787,6880,CBA
Mytilus_chilensis-Pacific_Southeast,Mytilus chilensis,Chilean mussel,Mussels,Pacific Southeast,0.678958499,1.074612529,1.208984435,1.330258124,1.52676859,0.222150025,1.177591586,44354.00443,1957,0.302871573,94157.34647,6959.657287,0.151435787,7780,CBA
Mytilus_chilensis-Pacific_Southeast,Mytilus chilensis,Chilean mussel,Mussels,Pacific Southeast,0.661036708,1.075338412,1.203078905,1.309126795,1.530973855,0.216021782,1.173705958,44354.00443,1958,0.302871573,94157.34647,6959.657287,0.151435787,6780,CBA
Mytilus_chilensis-Pacific_Southeast,Mytilus chilensis,Chilean mussel,Mussels,Pacific Southeast,0.689910144,1.066196967,1.210595806,1.323283175,1.503728078,0.20932026,1.17773128,44354.00443,1959,0.302871573,94157.34647,6959.657287,0.151435787,6580,CBA
Mytilus_chilensis-Pacific_Southeast,Mytilus chilensis,Chilean mussel,Mussels,Pacific Southeast,0.781689749,1.144444724,1.277303764,1.412007209,1.614146907,0.212281708,1.262392292,44354.00443,1960,0.302871573,94157.34647,6959.657287,0.151435787,3170,CBA
Mytilus_chilensis-Pacific_Southeast,Mytilus chilensis,Chilean mussel,Mussels,Pacific Southeast,0.824457982,1.170240851,1.307581654,1.456837317,1.641390748,0.216772114,1.301302269,44354.00443,1961,0.302871573,94157.34647,6959.657287,0.151435787,5070,CBA
Mytilus_chilensis-Pacific_Southeast,Mytilus chilensis,Chilean mussel,Mussels,Pacific Southeast,0.814564421,1.182490376,1.310002349,1.43817635,1.627447324,0.201481789,1.294170042,44354.00443,1962,0.302871573,94157.34647,6959.657287,0.151435787,6170,CBA
Mytilus_chilensis-Pacific_Southeast,Mytilus chilensis,Chilean mussel,Mussels,Pacific Southeast,0.825962662,1.194827116,1.315898619,1.420566237,1.629801424,0.195018065,1.293917648,44354.00443,1963,0.302871573,94157.34647,6959.657287,0.151435787,6460,CBA
Mytilus_chilensis-Pacific_Southeast,Mytilus chilensis,Chilean mussel,Mussels,Pacific Southeast,0.868488365,1.169867839,1.303997103,1.393581331,1.570807554,0.193572418,1.274511509,44354.00443,1964,0.302871573,94157.34647,6959.657287,0.151435787,7350,CBA
Mytilus_chilensis-Pacific_Southeast,Mytilus chilensis,Chilean mussel,Mussels,Pacific Southeast,0.856078519,1.112602443,1.240065018,1.343707203,1.501619429,0.181342777,1.219485512,44354.00443,1965,0.302871573,94157.34647,6959.657287,0.151435787,9150,CBA
Mytilus_chilensis-Pacific_Southeast,Mytilus chilensis,Chilean mussel,Mussels,Pacific Southeast,0.850683152,1.099103745,1.219153399,1.329052011,1.495595989,0.168694454,1.205821709,44354.00443,1966,0.302871573,94157.34647,6959.657287,0.151435787,7240,CBA
Mytilus_chilensis-Pacific_Southeast,Mytilus chilensis,Chilean mussel,Mussels,Pacific Southeast,0.894659046,1.135446097,1.23067304,1.337893123,1.513185664,0.16507024,1.225695677,44354.00443,1967,0.302871573,94157.34647,6959.657287,0.151435787,6030,CBA
Mytilus_chilensis-Pacific_Southeast,Mytilus chilensis,Chilean mussel,Mussels,Pacific Southeast,0.879127986,1.079678907,1.196017213,1.279448561,1.463344257,0.155368311,1.181510029,44354.00443,1968,0.302871573,94157.34647,6959.657287,0.151435787,8810,CBA
Mytilus_chilensis-Pacific_Southeast,Mytilus chilensis,Chilean mussel,Mussels,Pacific Southeast,0.874198111,1.098019844,1.204988743,1.299281251,1.485234012,0.155776241,1.206778973,44354.00443,1969,0.302871573,94157.34647,6959.657287,0.151435787,5900,CBA
Mytilus_chilensis-Pacific_Southeast,Mytilus chilensis,Chilean mussel,Mussels,Pacific Southeast,0.901729655,1.118623048,1.222458206,1.310339017,1.553781218,0.15425444,1.219188127,44354.00443,1970,0.302871573,94157.34647,6959.657287,0.151435787,5784,CBA
Mytilus_chilensis-Pacific_Southeast,Mytilus chilensis,Chilean mussel,Mussels,Pacific Southeast,0.93908327,1.09588021,1.193787513,1.285778955,1.479896861,0.141325982,1.196079821,44354.00443,1971,0.302871573,94157.34647,6959.657287,0.151435787,7665,CBA
Mytilus_chilensis-Pacific_Southeast,Mytilus chilensis,Chilean mussel,Mussels,Pacific Southeast,0.882710356,1.077619653,1.152334642,1.23137147,1.405809345,0.134316728,1.145981127,44354.00443,1972,0.302871573,94157.34647,6959.657287,0.151435787,8943,CBA
Mytilus_chilensis-Pacific_Southeast,Mytilus chilensis,Chilean mussel,Mussels,Pacific Southeast,0.87238481,1.024278505,1.106962051,1.190378006,1.361043132,0.128779351,1.104793818,44354.00443,1973,0.302871573,94157.34647,6959.657287,0.151435787,8917,CBA
Mytilus_chilensis-Pacific_Southeast,Mytilus chilensis,Chilean mussel,Mussels,Pacific Southeast,0.85233227,0.998699998,1.076038376,1.156693576,1.311759721,0.121288649,1.078609238,44354.00443,1974,0.302871573,94157.34647,6959.657287,0.151435787,8034,CBA
Mytilus_chilensis-Pacific_Southeast,Mytilus chilensis,Chilean mussel,Mussels,Pacific Southeast,0.881663762,1.016254533,1.105143997,1.176085519,1.378993634,0.125999124,1.103392769,44354.00443,1975,0.302871573,94157.34647,6959.657287,0.151435787,6164,CBA
Mytilus_chilensis-Pacific_Southeast,Mytilus chilensis,Chilean mussel,Mussels,Pacific Southeast,0.801418273,0.907863073,0.982645411,1.072340409,1.230766,0.122115091,0.996860687,44354.00443,1976,0.302871573,94157.34647,6959.657287,0.151435787,11920,CBA
Mytilus_chilensis-Pacific_Southeast,Mytilus chilensis,Chilean mussel,Mussels,Pacific Southeast,0.823714737,0.906121694,0.98020893,1.096396757,1.256137011,0.124964486,1.003936503,44354.00443,1977,0.302871573,94157.34647,6959.657287,0.151435787,6611,CBA
Mytilus_chilensis-Pacific_Southeast,Mytilus chilensis,Chilean mussel,Mussels,Pacific Southeast,0.831708533,0.951227127,1.01875623,1.119609843,1.265567735,0.116947044,1.033853199,44354.00443,1978,0.302871573,94157.34647,6959.657287,0.151435787,5246,CBA
Mytilus_chilensis-Pacific_Southeast,Mytilus chilensis,Chilean mussel,Mussels,Pacific Southeast,0.782200778,0.882024057,0.93699008,1.014780102,1.168495116,0.103625597,0.951679175,44354.00443,1979,0.302871573,94157.34647,6959.657287,0.151435787,10763,CBA
Mytilus_chilensis-Pacific_Southeast,Mytilus chilensis,Chilean mussel,Mussels,Pacific Southeast,0.692679952,0.808330637,0.858895319,0.931950413,1.082980845,0.098825324,0.873535383,44354.00443,1980,0.302871573,94157.34647,6959.657287,0.151435787,10495,CBA
Mytilus_chilensis-Pacific_Southeast,Mytilus chilensis,Chilean mussel,Mussels,Pacific Southeast,0.68537345,0.801853234,0.851178844,0.940286293,1.114143197,0.107621286,0.867441309,44354.00443,1981,0.302871573,94157.34647,6959.657287,0.151435787,7170,CBA
Mytilus_chilensis-Pacific_Southeast,Mytilus chilensis,Chilean mussel,Mussels,Pacific Southeast,0.745629512,0.848246981,0.91229821,0.99050471,1.138085981,0.105531721,0.924365971,44354.00443,1982,0.302871573,94157.34647,6959.657287,0.151435787,4258,CBA
Mytilus_chilensis-Pacific_Southeast,Mytilus chilensis,Chilean mussel,Mussels,Pacific Southeast,0.753401116,0.860359044,0.910293765,0.990649495,1.143202182,0.101557417,0.924942452,44354.00443,1983,0.302871573,94157.34647,6959.657287,0.151435787,6771,CBA
Mytilus_chilensis-Pacific_Southeast,Mytilus chilensis,Chilean mussel,Mussels,Pacific Southeast,0.71123682,0.810527628,0.856682988,0.931607758,1.030140894,0.087823427,0.866350497,44354.00443,1984,0.302871573,94157.34647,6959.657287,0.151435787,9400,CBA
Mytilus_chilensis-Pacific_Southeast,Mytilus chilensis,Chilean mussel,Mussels,Pacific Southeast,0.668140008,0.744933416,0.808861446,0.876271235,0.9847669,0.082666259,0.811884697,44354.00443,1985,0.302871573,94157.34647,6959.657287,0.151435787,9206,CBA
Mytilus_chilensis-Pacific_Southeast,Mytilus chilensis,Chilean mussel,Mussels,Pacific Southeast,0.629358446,0.702789255,0.740976399,0.799031464,0.901688551,0.072456202,0.749349824,44354.00443,1986,0.302871573,94157.34647,6959.657287,0.151435787,9317,CBA
Mytilus_chilensis-Pacific_Southeast,Mytilus chilensis,Chilean mussel,Mussels,Pacific Southeast,0.603342985,0.675147374,0.723097341,0.76093412,0.85960654,0.066037006,0.723975,44354.00443,1987,0.302871573,94157.34647,6959.657287,0.151435787,7595,CBA
Mytilus_chilensis-Pacific_Southeast,Mytilus chilensis,Chilean mussel,Mussels,Pacific Southeast,0.549620863,0.606737578,0.648511874,0.681884875,0.783119602,0.06264808,0.650014646,44354.00443,1988,0.302871573,94157.34647,6959.657287,0.151435787,9661,CBA
Mytilus_chilensis-Pacific_Southeast,Mytilus chilensis,Chilean mussel,Mussels,Pacific Southeast,0.49662177,0.54923954,0.586485343,0.618305104,0.690923542,0.052506513,0.588852651,44354.00443,1989,0.302871573,94157.34647,6959.657287,0.151435787,8861,CBA
Mytilus_chilensis-Pacific_Southeast,Mytilus chilensis,Chilean mussel,Mussels,Pacific Southeast,0.435929145,0.492316042,0.517897461,0.550510987,0.599735608,0.045269524,0.521045919,44354.00443,1990,0.302871573,94157.34647,6959.657287,0.151435787,8751,CBA
Mytilus_chilensis-Pacific_Southeast,Mytilus chilensis,Chilean mussel,Mussels,Pacific Southeast,0.42924273,0.486366967,0.512053487,0.541915028,0.586161177,0.040669916,0.512205729,44354.00443,1991,0.302871573,94157.34647,6959.657287,0.151435787,5710,CBA
Mytilus_chilensis-Pacific_Southeast,Mytilus chilensis,Chilean mussel,Mussels,Pacific Southeast,0.381526116,0.432605961,0.457683211,0.487381338,0.532133927,0.038559225,0.459172965,44354.00443,1992,0.302871573,94157.34647,6959.657287,0.151435787,7641,CBA
Mytilus_chilensis-Pacific_Southeast,Mytilus chilensis,Chilean mussel,Mussels,Pacific Southeast,0.345166267,0.389671567,0.415831203,0.436757179,0.472325094,0.034674511,0.414696843,44354.00443,1993,0.302871573,94157.34647,6959.657287,0.151435787,6892,CBA
Mytilus_chilensis-Pacific_Southeast,Mytilus chilensis,Chilean mussel,Mussels,Pacific Southeast,0.328687994,0.36946292,0.386869358,0.404798827,0.442304107,0.02887457,0.3875148,44354.00443,1994,0.302871573,94157.34647,6959.657287,0.151435787,5718,CBA
Mytilus_chilensis-Pacific_Southeast,Mytilus chilensis,Chilean mussel,Mussels,Pacific Southeast,0.315118792,0.349365997,0.371023304,0.38803934,0.426511322,0.028849445,0.369415171,44354.00443,1995,0.302871573,94157.34647,6959.657287,0.151435787,5128,CBA
Mytilus_chilensis-Pacific_Southeast,Mytilus chilensis,Chilean mussel,Mussels,Pacific Southeast,0.290963415,0.320728117,0.33549035,0.35417663,0.389030216,0.02555235,0.337105798,44354.00443,1996,0.302871573,94157.34647,6959.657287,0.151435787,5714,CBA
Mytilus_chilensis-Pacific_Southeast,Mytilus chilensis,Chilean mussel,Mussels,Pacific Southeast,0.270931947,0.301668868,0.316069378,0.334641591,0.360894858,0.024196631,0.317345509,44354.00443,1997,0.302871573,94157.34647,6959.657287,0.151435787,4723,CBA
Mytilus_chilensis-Pacific_Southeast,Mytilus chilensis,Chilean mussel,Mussels,Pacific Southeast,0.253787534,0.276719535,0.291430307,0.307646447,0.325351319,0.021005898,0.29159295,44354.00443,1998,0.302871573,94157.34647,6959.657287,0.151435787,4899,CBA
Mytilus_chilensis-Pacific_Southeast,Mytilus chilensis,Chilean mussel,Mussels,Pacific Southeast,0.235334458,0.254758485,0.26947545,0.285568153,0.308672677,0.020256921,0.270950877,44354.00443,1999,0.302871573,94157.34647,6959.657287,0.151435787,4343,CBA
Mytilus_chilensis-Pacific_Southeast,Mytilus chilensis,Chilean mussel,Mussels,Pacific Southeast,0.199269296,0.214060269,0.228417547,0.241671726,0.26299853,0.017483718,0.228053458,44354.00443,2000,0.302871573,94157.34647,6959.657287,0.151435787,5236,CBA
Mytilus_chilensis-Pacific_Southeast,Mytilus chilensis,Chilean mussel,Mussels,Pacific Southeast,0.117165038,0.127468847,0.138815697,0.153071316,0.176559532,0.018034241,0.142268581,44354.00443,2001,0.302871573,94157.34647,6959.657287,0.151435787,6758,CBA
Mytilus_chilensis-Pacific_Southeast,Mytilus chilensis,Chilean mussel,Mussels,Pacific Southeast,0.124146166,0.136259083,0.149284563,0.163300403,0.193601348,0.019152867,0.151645838,44354.00443,2002,0.302871573,94157.34647,6959.657287,0.151435787,1416,CBA
Mytilus_chilensis-Pacific_Southeast,Mytilus chilensis,Chilean mussel,Mussels,Pacific Southeast,0.097461277,0.112719864,0.125776636,0.146016595,0.184685011,0.024563576,0.130584391,44354.00443,2003,0.302871573,94157.34647,6959.657287,0.151435787,2899,CBA
Mytilus_chilensis-Pacific_Southeast,Mytilus chilensis,Chilean mussel,Mussels,Pacific Southeast,0.106214306,0.12085308,0.136273711,0.159676097,0.203193653,0.028480856,0.14314243,44354.00443,2004,0.302871573,94157.34647,6959.657287,0.151435787,1046,CBA
Mytilus_chilensis-Pacific_Southeast,Mytilus chilensis,Chilean mussel,Mussels,Pacific Southeast,0.131987605,0.148619994,0.168316468,0.191589178,0.23532119,0.030900633,0.174397101,44354.00443,2005,0.302871573,94157.34647,6959.657287,0.151435787,335,CBA
Mytilus_chilensis-Pacific_Southeast,Mytilus chilensis,Chilean mussel,Mussels,Pacific Southeast,0.164319464,0.187778161,0.215946982,0.240251321,0.293562352,0.03701881,0.2181283,44354.00443,2006,0.302871573,94157.34647,6959.657287,0.151435787,217,CBA
Mytilus_chilensis-Pacific_Southeast,Mytilus chilensis,Chilean mussel,Mussels,Pacific Southeast,0.037232265,0.064015729,0.09617362,0.127605718,0.202988076,0.046112071,0.101132588,44354.00443,2007,0.302871573,94157.34647,6959.657287,0.151435787,8048,CBA
Mytilus_chilensis-Pacific_Southeast,Mytilus chilensis,Chilean mussel,Mussels,Pacific Southeast,0.037105192,0.072561434,0.111846596,0.153749781,0.23168205,0.056024727,0.117839509,44354.00443,2008,0.302871573,94157.34647,6959.657287,0.151435787,476,CBA
Mytilus_chilensis-Pacific_Southeast,Mytilus chilensis,Chilean mussel,Mussels,Pacific Southeast,0.043787266,0.090135144,0.138923514,0.189764578,0.289844837,0.070309429,0.143956491,44354.00443,2009,0.302871573,94157.34647,6959.657287,0.151435787,293,CBA
Mytilus_chilensis-Pacific_Southeast,Mytilus chilensis,Chilean mussel,Mussels,Pacific Southeast,0.050221906,0.106262107,0.174062995,0.230320865,0.342834691,0.083185368,0.174149679,44354.00443,2010,0.302871573,94157.34647,6959.657287,0.151435787,354,CBA
Mytilus_chilensis-Pacific_Southeast,Mytilus chilensis,Chilean mussel,Mussels,Pacific Southeast,0.058679076,0.12554814,0.216719656,0.282535128,0.399817174,0.099162261,0.209883541,44354.00443,2011,0.302871573,94157.34647,6959.657287,0.151435787,408,CBA
Mytilus_chilensis-Pacific_Southeast,Mytilus chilensis,Chilean mussel,Mussels,Pacific Southeast,0.067069649,0.147060016,0.258976763,0.34539189,0.469827295,0.118986211,0.255016482,44354.00443,2012,0.302871573,94157.34647,6959.657287,0.151435787,400,CBA
Mytilus_chilensis-Pacific_Southeast,Mytilus chilensis,Chilean mussel,Mussels,Pacific Southeast,0.081131445,0.177340557,0.328361499,0.425185137,0.557820498,0.141064135,0.308456843,44354.00443,2013,0.302871573,94157.34647,6959.657287,0.151435787,355,CBA
Mytilus_chilensis-Pacific_Southeast,Mytilus chilensis,Chilean mussel,Mussels,Pacific Southeast,0.090252918,0.206996456,0.392353144,0.510849785,0.636827592,0.167831464,0.366515336,44354.00443,2014,0.302871573,94157.34647,6959.657287,0.151435787,739,CBA
Mytilus_chilensis-Pacific_Southeast,Mytilus chilensis,Chilean mussel,Mussels,Pacific Southeast,0.09027747,0.24479428,0.45201332,0.597983262,0.738009062,0.197288176,0.423641782,44354.00443,2015,0.302871573,94157.34647,6959.657287,0.151435787,1142,CBA
Mytilus_chilensis-Pacific_Southeast,Mytilus chilensis,Chilean mussel,Mussels,Pacific Southeast,0.072010094,0.256717773,0.502742766,0.676927958,0.784369206,0.228907721,0.46816051,44354.00443,2016,0.302871573,94157.34647,6959.657287,0.151435787,2129,CBA
Mytilus_coruscus-Pacific_Northwest,Mytilus coruscus,Korean mussel,Mussels,Pacific Northwest,0.997159366,1.208674537,1.390138579,1.581763882,1.829695411,0.236915445,1.393774985,58648.77904,1950,0.258927131,89044.96106,5742.852796,0.129463565,1400,CBA
Mytilus_coruscus-Pacific_Northwest,Mytilus coruscus,Korean mussel,Mussels,Pacific Northwest,1.045196355,1.278466753,1.437259095,1.60887677,1.860487987,0.218021277,1.438334531,58648.77904,1951,0.258927131,89044.96106,5742.852796,0.129463565,2300,CBA
Mytilus_coruscus-Pacific_Northwest,Mytilus coruscus,Korean mussel,Mussels,Pacific Northwest,1.080288355,1.332429677,1.486652551,1.623185825,1.816433875,0.201609654,1.474291511,58648.77904,1952,0.258927131,89044.96106,5742.852796,0.129463565,2300,CBA
Mytilus_coruscus-Pacific_Northwest,Mytilus coruscus,Korean mussel,Mussels,Pacific Northwest,1.169978721,1.397477219,1.546825923,1.666419225,1.834560648,0.183369751,1.525842252,58648.77904,1953,0.258927131,89044.96106,5742.852796,0.129463565,1500,CBA
Mytilus_coruscus-Pacific_Northwest,Mytilus coruscus,Korean mussel,Mussels,Pacific Northwest,1.240645397,1.475655058,1.607010959,1.736906815,1.901846692,0.179696374,1.598972073,58648.77904,1954,0.258927131,89044.96106,5742.852796,0.129463565,300,CBA
Mytilus_coruscus-Pacific_Northwest,Mytilus coruscus,Korean mussel,Mussels,Pacific Northwest,1.31719339,1.543229598,1.665632029,1.783860554,1.930739042,0.169727793,1.652400212,58648.77904,1955,0.258927131,89044.96106,5742.852796,0.129463565,500,CBA
Mytilus_coruscus-Pacific_Northwest,Mytilus coruscus,Korean mussel,Mussels,Pacific Northwest,1.386516295,1.603369542,1.700138373,1.816308845,1.937402897,0.154419856,1.695647133,58648.77904,1956,0.258927131,89044.96106,5742.852796,0.129463565,600,CBA
Mytilus_coruscus-Pacific_Northwest,Mytilus coruscus,Korean mussel,Mussels,Pacific Northwest,1.397912221,1.628395973,1.728217721,1.826473524,1.950639619,0.143865308,1.716380306,58648.77904,1957,0.258927131,89044.96106,5742.852796,0.129463565,900,CBA
Mytilus_coruscus-Pacific_Northwest,Mytilus coruscus,Korean mussel,Mussels,Pacific Northwest,1.411513132,1.641920483,1.726279856,1.826709631,1.940221891,0.135798044,1.725363851,58648.77904,1958,0.258927131,89044.96106,5742.852796,0.129463565,1600,CBA
Mytilus_coruscus-Pacific_Northwest,Mytilus coruscus,Korean mussel,Mussels,Pacific Northwest,1.44681202,1.664991339,1.758075897,1.835986879,1.959259942,0.13311155,1.746726927,58648.77904,1959,0.258927131,89044.96106,5742.852796,0.129463565,800,CBA
Mytilus_coruscus-Pacific_Northwest,Mytilus coruscus,Korean mussel,Mussels,Pacific Northwest,1.483016671,1.698068373,1.768117418,1.843206827,1.983617591,0.121606129,1.766020481,58648.77904,1960,0.258927131,89044.96106,5742.852796,0.129463565,700,CBA
Mytilus_coruscus-Pacific_Northwest,Mytilus coruscus,Korean mussel,Mussels,Pacific Northwest,1.526275273,1.702988876,1.78592349,1.843728192,1.959431762,0.111337532,1.771647502,58648.77904,1961,0.258927131,89044.96106,5742.852796,0.129463565,900,CBA
Mytilus_coruscus-Pacific_Northwest,Mytilus coruscus,Korean mussel,Mussels,Pacific Northwest,1.532668767,1.700879143,1.775334836,1.857946031,1.972568235,0.115440376,1.772093733,58648.77904,1962,0.258927131,89044.96106,5742.852796,0.129463565,1300,CBA
Mytilus_coruscus-Pacific_Northwest,Mytilus coruscus,Korean mussel,Mussels,Pacific Northwest,1.545151877,1.687584144,1.778708973,1.841003373,1.955699501,0.108269054,1.768138954,58648.77904,1963,0.258927131,89044.96106,5742.852796,0.129463565,1700,CBA
Mytilus_coruscus-Pacific_Northwest,Mytilus coruscus,Korean mussel,Mussels,Pacific Northwest,1.510185348,1.691640793,1.75810588,1.827951176,1.941840421,0.110623767,1.755627076,58648.77904,1964,0.258927131,89044.96106,5742.852796,0.129463565,1800,CBA
Mytilus_coruscus-Pacific_Northwest,Mytilus coruscus,Korean mussel,Mussels,Pacific Northwest,1.563806721,1.70784219,1.784001334,1.853366958,1.957611451,0.109521291,1.778554554,58648.77904,1965,0.258927131,89044.96106,5742.852796,0.129463565,1200,CBA
Mytilus_coruscus-Pacific_Northwest,Mytilus coruscus,Korean mussel,Mussels,Pacific Northwest,1.570154911,1.706655343,1.790425987,1.858367241,1.947839571,0.103474131,1.778027812,58648.77904,1966,0.258927131,89044.96106,5742.852796,0.129463565,1900,CBA
Mytilus_coruscus-Pacific_Northwest,Mytilus coruscus,Korean mussel,Mussels,Pacific Northwest,1.555501061,1.696925682,1.768779031,1.84437269,1.960806268,0.105906586,1.76663399,58648.77904,1967,0.258927131,89044.96106,5742.852796,0.129463565,2300,CBA
Mytilus_coruscus-Pacific_Northwest,Mytilus coruscus,Korean mussel,Mussels,Pacific Northwest,1.578475061,1.698258457,1.770195964,1.847180957,1.957108192,0.102234668,1.768444598,58648.77904,1968,0.258927131,89044.96106,5742.852796,0.129463565,2400,CBA
Mytilus_coruscus-Pacific_Northwest,Mytilus coruscus,Korean mussel,Mussels,Pacific Northwest,1.55224532,1.661431428,1.744832318,1.819773607,1.941364496,0.105639869,1.744921542,58648.77904,1969,0.258927131,89044.96106,5742.852796,0.129463565,3900,CBA
Mytilus_coruscus-Pacific_Northwest,Mytilus coruscus,Korean mussel,Mussels,Pacific Northwest,1.531029486,1.645522374,1.737397001,1.809521551,1.938583495,0.11141561,1.73312086,58648.77904,1970,0.258927131,89044.96106,5742.852796,0.129463565,3912,CBA
Mytilus_coruscus-Pacific_Northwest,Mytilus coruscus,Korean mussel,Mussels,Pacific Northwest,1.460373358,1.601593296,1.678161087,1.762367666,1.922249845,0.124724945,1.678446228,58648.77904,1971,0.258927131,89044.96106,5742.852796,0.129463565,6222,CBA
Mytilus_coruscus-Pacific_Northwest,Mytilus coruscus,Korean mussel,Mussels,Pacific Northwest,1.32860977,1.468455312,1.554612119,1.639214109,1.815365107,0.127639945,1.554613695,58648.77904,1972,0.258927131,89044.96106,5742.852796,0.129463565,9530,CBA
Mytilus_coruscus-Pacific_Northwest,Mytilus coruscus,Korean mussel,Mussels,Pacific Northwest,1.265681596,1.374657808,1.454443923,1.549732439,1.720350141,0.124926231,1.46733318,58648.77904,1973,0.258927131,89044.96106,5742.852796,0.129463565,8435,CBA
Mytilus_coruscus-Pacific_Northwest,Mytilus coruscus,Korean mussel,Mussels,Pacific Northwest,1.17257669,1.308666802,1.381699411,1.467356694,1.617439879,0.115711238,1.388650968,58648.77904,1974,0.258927131,89044.96106,5742.852796,0.129463565,8983,CBA
Mytilus_coruscus-Pacific_Northwest,Mytilus coruscus,Korean mussel,Mussels,Pacific Northwest,1.056722163,1.162878592,1.231620438,1.307470716,1.464545156,0.102637619,1.237774199,58648.77904,1975,0.258927131,89044.96106,5742.852796,0.129463565,12420,CBA
Mytilus_coruscus-Pacific_Northwest,Mytilus coruscus,Korean mussel,Mussels,Pacific Northwest,0.852824321,0.963498978,1.022595304,1.08660229,1.222269236,0.096313779,1.028512252,58648.77904,1976,0.258927131,89044.96106,5742.852796,0.129463565,15096,CBA
Mytilus_coruscus-Pacific_Northwest,Mytilus coruscus,Korean mussel,Mussels,Pacific Northwest,0.712184644,0.798083971,0.851767869,0.914236356,1.081966913,0.091023603,0.860065655,58648.77904,1977,0.258927131,89044.96106,5742.852796,0.129463565,13555,CBA
Mytilus_coruscus-Pacific_Northwest,Mytilus coruscus,Korean mussel,Mussels,Pacific Northwest,0.618784075,0.691461723,0.733668083,0.797628319,0.94671787,0.083552166,0.746219427,58648.77904,1978,0.258927131,89044.96106,5742.852796,0.129463565,10710,CBA
Mytilus_coruscus-Pacific_Northwest,Mytilus coruscus,Korean mussel,Mussels,Pacific Northwest,0.535337874,0.603961711,0.650946458,0.703816725,0.836919434,0.07912044,0.65958117,58648.77904,1979,0.258927131,89044.96106,5742.852796,0.129463565,9347,CBA
Mytilus_coruscus-Pacific_Northwest,Mytilus coruscus,Korean mussel,Mussels,Pacific Northwest,0.457847099,0.532973686,0.575475783,0.621497053,0.745036035,0.075432645,0.581863313,58648.77904,1980,0.258927131,89044.96106,5742.852796,0.129463565,8704,CBA
Mytilus_coruscus-Pacific_Northwest,Mytilus coruscus,Korean mussel,Mussels,Pacific Northwest,0.462185526,0.543444751,0.576218254,0.627151051,0.750325445,0.071604997,0.587551463,58648.77904,1981,0.258927131,89044.96106,5742.852796,0.129463565,4442,CBA
Mytilus_coruscus-Pacific_Northwest,Mytilus coruscus,Korean mussel,Mussels,Pacific Northwest,0.461746609,0.539204876,0.573559725,0.614601218,0.725461093,0.069273747,0.580739341,58648.77904,1982,0.258927131,89044.96106,5742.852796,0.129463565,5074,CBA
Mytilus_coruscus-Pacific_Northwest,Mytilus coruscus,Korean mussel,Mussels,Pacific Northwest,0.458851587,0.520703369,0.554722475,0.598827784,0.712867366,0.06304949,0.562304709,58648.77904,1983,0.258927131,89044.96106,5742.852796,0.129463565,5518,CBA
Mytilus_coruscus-Pacific_Northwest,Mytilus coruscus,Korean mussel,Mussels,Pacific Northwest,0.43131032,0.481656089,0.519061701,0.554807565,0.657409481,0.058355409,0.523722989,58648.77904,1984,0.258927131,89044.96106,5742.852796,0.129463565,6326,CBA
Mytilus_coruscus-Pacific_Northwest,Mytilus coruscus,Korean mussel,Mussels,Pacific Northwest,0.389210101,0.44896263,0.482174051,0.512125749,0.603799484,0.053158528,0.483549853,58648.77904,1985,0.258927131,89044.96106,5742.852796,0.129463565,6169,CBA
Mytilus_coruscus-Pacific_Northwest,Mytilus coruscus,Korean mussel,Mussels,Pacific Northwest,0.357247275,0.409023975,0.441972199,0.476375863,0.550052189,0.049673271,0.443653443,58648.77904,1986,0.258927131,89044.96106,5742.852796,0.129463565,5898,CBA
Mytilus_coruscus-Pacific_Northwest,Mytilus coruscus,Korean mussel,Mussels,Pacific Northwest,0.365677044,0.415801986,0.444297147,0.481810874,0.560107937,0.048147878,0.449181545,58648.77904,1987,0.258927131,89044.96106,5742.852796,0.129463565,3749,CBA
Mytilus_coruscus-Pacific_Northwest,Mytilus coruscus,Korean mussel,Mussels,Pacific Northwest,0.393409545,0.429086064,0.458814514,0.493570069,0.555630293,0.043355839,0.462787339,58648.77904,1988,0.258927131,89044.96106,5742.852796,0.129463565,3395,CBA
Mytilus_coruscus-Pacific_Northwest,Mytilus coruscus,Korean mussel,Mussels,Pacific Northwest,0.353095117,0.384964709,0.409426424,0.435943775,0.499662669,0.03803163,0.413057921,58648.77904,1989,0.258927131,89044.96106,5742.852796,0.129463565,6256,CBA
Mytilus_coruscus-Pacific_Northwest,Mytilus coruscus,Korean mussel,Mussels,Pacific Northwest,0.310216022,0.339024397,0.361507781,0.386732091,0.439991971,0.033343849,0.365255604,58648.77904,1990,0.258927131,89044.96106,5742.852796,0.129463565,5747,CBA
Mytilus_coruscus-Pacific_Northwest,Mytilus coruscus,Korean mussel,Mussels,Pacific Northwest,0.249716681,0.272804813,0.291567467,0.311110384,0.359977743,0.029070471,0.294614163,58648.77904,1991,0.258927131,89044.96106,5742.852796,0.129463565,6498,CBA
Mytilus_coruscus-Pacific_Northwest,Mytilus coruscus,Korean mussel,Mussels,Pacific Northwest,0.175552335,0.19681173,0.214563921,0.23206848,0.271753425,0.025998056,0.216698738,58648.77904,1992,0.258927131,89044.96106,5742.852796,0.129463565,6303,CBA
Mytilus_coruscus-Pacific_Northwest,Mytilus coruscus,Korean mussel,Mussels,Pacific Northwest,0.17449565,0.195817891,0.210354126,0.229666849,0.270394029,0.025418502,0.214096589,58648.77904,1993,0.258927131,89044.96106,5742.852796,0.129463565,2271,CBA
Mytilus_coruscus-Pacific_Northwest,Mytilus coruscus,Korean mussel,Mussels,Pacific Northwest,0.165416824,0.183251505,0.19699132,0.216801917,0.252228265,0.024621205,0.200726313,58648.77904,1994,0.258927131,89044.96106,5742.852796,0.129463565,2731,CBA
Mytilus_coruscus-Pacific_Northwest,Mytilus coruscus,Korean mussel,Mussels,Pacific Northwest,0.144189668,0.159502832,0.17462598,0.194231198,0.235245622,0.024842634,0.179201279,58648.77904,1995,0.258927131,89044.96106,5742.852796,0.129463565,2942,CBA
Mytilus_coruscus-Pacific_Northwest,Mytilus coruscus,Korean mussel,Mussels,Pacific Northwest,0.134938127,0.152187708,0.167054225,0.184949837,0.228170965,0.024901347,0.170881332,58648.77904,1996,0.258927131,89044.96106,5742.852796,0.129463565,2191,CBA
Mytilus_coruscus-Pacific_Northwest,Mytilus coruscus,Korean mussel,Mussels,Pacific Northwest,0.10035764,0.119427945,0.134626757,0.151714919,0.201545867,0.025417624,0.138390509,58648.77904,1997,0.258927131,89044.96106,5742.852796,0.129463565,3211,CBA
Mytilus_coruscus-Pacific_Northwest,Mytilus coruscus,Korean mussel,Mussels,Pacific Northwest,0.098501202,0.117454717,0.13244866,0.152787067,0.203682402,0.027959249,0.137692171,58648.77904,1998,0.258927131,89044.96106,5742.852796,0.129463565,1469,CBA
Mytilus_coruscus-Pacific_Northwest,Mytilus coruscus,Korean mussel,Mussels,Pacific Northwest,0.091706351,0.115001749,0.133239148,0.15465718,0.209640008,0.030231573,0.137555084,58648.77904,1999,0.258927131,89044.96106,5742.852796,0.129463565,1414,CBA
Mytilus_coruscus-Pacific_Northwest,Mytilus coruscus,Korean mussel,Mussels,Pacific Northwest,0.095585195,0.119181141,0.139955265,0.164105646,0.22221111,0.033248317,0.144222702,58648.77904,2000,0.258927131,89044.96106,5742.852796,0.129463565,1133,CBA
Mytilus_coruscus-Pacific_Northwest,Mytilus coruscus,Korean mussel,Mussels,Pacific Northwest,0.098347517,0.124636911,0.1460408,0.174408654,0.247121834,0.037093127,0.153154523,58648.77904,2001,0.258927131,89044.96106,5742.852796,0.129463565,1085,CBA
Mytilus_coruscus-Pacific_Northwest,Mytilus coruscus,Korean mussel,Mussels,Pacific Northwest,0.10804724,0.136033094,0.158980665,0.19060187,0.265688347,0.040839719,0.166407888,58648.77904,2002,0.258927131,89044.96106,5742.852796,0.129463565,946,CBA
Mytilus_coruscus-Pacific_Northwest,Mytilus coruscus,Korean mussel,Mussels,Pacific Northwest,0.118287594,0.151303341,0.176716659,0.215551901,0.290615057,0.045765969,0.185651417,58648.77904,2003,0.258927131,89044.96106,5742.852796,0.129463565,817,CBA
Mytilus_coruscus-Pacific_Northwest,Mytilus coruscus,Korean mussel,Mussels,Pacific Northwest,0.1447635,0.178335841,0.207445563,0.243883044,0.334229737,0.050138236,0.215310053,58648.77904,2004,0.258927131,89044.96106,5742.852796,0.129463565,588,CBA
Mytilus_coruscus-Pacific_Northwest,Mytilus coruscus,Korean mussel,Mussels,Pacific Northwest,0.164159482,0.205462039,0.24188297,0.279136941,0.367741759,0.055207708,0.247127602,58648.77904,2005,0.258927131,89044.96106,5742.852796,0.129463565,724,CBA
Mytilus_coruscus-Pacific_Northwest,Mytilus coruscus,Korean mussel,Mussels,Pacific Northwest,0.186935509,0.229372754,0.26935129,0.310713898,0.409777918,0.059430005,0.275716917,58648.77904,2006,0.258927131,89044.96106,5742.852796,0.129463565,1184,CBA
Mytilus_coruscus-Pacific_Northwest,Mytilus coruscus,Korean mussel,Mussels,Pacific Northwest,0.198355706,0.247300782,0.287370102,0.341140178,0.45146071,0.066683693,0.298595219,58648.77904,2007,0.258927131,89044.96106,5742.852796,0.129463565,1620,CBA
Mytilus_coruscus-Pacific_Northwest,Mytilus coruscus,Korean mussel,Mussels,Pacific Northwest,0.192907753,0.248371236,0.298954243,0.356665159,0.469448442,0.073604675,0.30588783,58648.77904,2008,0.258927131,89044.96106,5742.852796,0.129463565,2448,CBA
Mytilus_coruscus-Pacific_Northwest,Mytilus coruscus,Korean mussel,Mussels,Pacific Northwest,0.165022712,0.229939766,0.282922644,0.357883572,0.470024382,0.082755258,0.294338863,58648.77904,2009,0.258927131,89044.96106,5742.852796,0.129463565,3399,CBA
Mytilus_coruscus-Pacific_Northwest,Mytilus coruscus,Korean mussel,Mussels,Pacific Northwest,0.135170679,0.212935627,0.276934583,0.359126184,0.464850802,0.092754675,0.283593321,58648.77904,2010,0.258927131,89044.96106,5742.852796,0.129463565,3271,CBA
Mytilus_coruscus-Pacific_Northwest,Mytilus coruscus,Korean mussel,Mussels,Pacific Northwest,0.118620618,0.206007885,0.28483266,0.380791216,0.503909767,0.107115768,0.294756558,58648.77904,2011,0.258927131,89044.96106,5742.852796,0.129463565,2226,CBA
Mytilus_coruscus-Pacific_Northwest,Mytilus coruscus,Korean mussel,Mussels,Pacific Northwest,0.111350664,0.218658714,0.31099977,0.418771757,0.540889189,0.123612193,0.318192192,58648.77904,2012,0.258927131,89044.96106,5742.852796,0.129463565,1735,CBA
Mytilus_coruscus-Pacific_Northwest,Mytilus coruscus,Korean mussel,Mussels,Pacific Northwest,0.09502637,0.228964078,0.339576695,0.460501377,0.592821655,0.14324896,0.341863855,58648.77904,2013,0.258927131,89044.96106,5742.852796,0.129463565,1967,CBA
Mytilus_coruscus-Pacific_Northwest,Mytilus coruscus,Korean mussel,Mussels,Pacific Northwest,0.076933385,0.231319247,0.375301934,0.512674773,0.649693003,0.164542064,0.370322011,58648.77904,2014,0.258927131,89044.96106,5742.852796,0.129463565,1775,CBA
Mytilus_coruscus-Pacific_Northwest,Mytilus coruscus,Korean mussel,Mussels,Pacific Northwest,0.064144675,0.247221828,0.411461906,0.56711185,0.702937431,0.186636354,0.4048365,58648.77904,2015,0.258927131,89044.96106,5742.852796,0.129463565,1566,CBA
Mytilus_coruscus-Pacific_Northwest,Mytilus coruscus,Korean mussel,Mussels,Pacific Northwest,0.050098294,0.283542453,0.460511113,0.655597788,0.774380293,0.213270302,0.45473963,58648.77904,2016,0.258927131,89044.96106,5742.852796,0.129463565,1257,CBA
Mytilus_edulis-Atlantic_Northeast,Mytilus edulis,Blue mussel,Mussels,Atlantic Northeast,0.998119681,1.223456099,1.406165321,1.596966368,1.897813097,0.250299539,1.417712095,752503.544,1950,0.346636381,1133013.578,95148.5393,0.17331819,26600,CBA
Mytilus_edulis-Atlantic_Northeast,Mytilus edulis,Blue mussel,Mussels,Atlantic Northeast,1.084311645,1.340947217,1.500058486,1.674602329,1.913771819,0.223904226,1.505408329,752503.544,1951,0.346636381,1133013.578,95148.5393,0.17331819,19600,CBA
Mytilus_edulis-Atlantic_Northeast,Mytilus edulis,Blue mussel,Mussels,Atlantic Northeast,1.177431621,1.430747497,1.586927657,1.714816466,1.907514849,0.193524853,1.573665323,752503.544,1952,0.346636381,1133013.578,95148.5393,0.17331819,23400,CBA
Mytilus_edulis-Atlantic_Northeast,Mytilus edulis,Blue mussel,Mussels,Atlantic Northeast,1.233011806,1.504048806,1.647262579,1.763709958,1.909170157,0.178309082,1.626827194,752503.544,1953,0.346636381,1133013.578,95148.5393,0.17331819,22000,CBA
Mytilus_edulis-Atlantic_Northeast,Mytilus edulis,Blue mussel,Mussels,Atlantic Northeast,1.327219386,1.57136113,1.708832102,1.801096731,1.947324536,0.162242055,1.680740668,752503.544,1954,0.346636381,1133013.578,95148.5393,0.17331819,19500,CBA
Mytilus_edulis-Atlantic_Northeast,Mytilus edulis,Blue mussel,Mussels,Atlantic Northeast,1.409768908,1.62143043,1.722726698,1.818111086,1.95276278,0.14128529,1.712488898,752503.544,1955,0.346636381,1133013.578,95148.5393,0.17331819,22600,CBA
Mytilus_edulis-Atlantic_Northeast,Mytilus edulis,Blue mussel,Mussels,Atlantic Northeast,1.442723893,1.645454242,1.737106154,1.820335194,1.965607686,0.134544141,1.726490691,752503.544,1956,0.346636381,1133013.578,95148.5393,0.17331819,26900,CBA
Mytilus_edulis-Atlantic_Northeast,Mytilus edulis,Blue mussel,Mussels,Atlantic Northeast,1.46972717,1.665012553,1.744525624,1.829473326,1.947689829,0.122608282,1.741585716,752503.544,1957,0.346636381,1133013.578,95148.5393,0.17331819,21000,CBA
Mytilus_edulis-Atlantic_Northeast,Mytilus edulis,Blue mussel,Mussels,Atlantic Northeast,1.489471882,1.684505849,1.775807958,1.849564539,1.968726791,0.121638533,1.763661986,752503.544,1958,0.346636381,1133013.578,95148.5393,0.17331819,16300,CBA
Mytilus_edulis-Atlantic_Northeast,Mytilus edulis,Blue mussel,Mussels,Atlantic Northeast,1.504804818,1.693838978,1.778245096,1.856710922,1.954887954,0.118387773,1.7671438,752503.544,1959,0.346636381,1133013.578,95148.5393,0.17331819,25000,CBA
Mytilus_edulis-Atlantic_Northeast,Mytilus edulis,Blue mussel,Mussels,Atlantic Northeast,1.527485284,1.710603069,1.791351781,1.856523877,1.965616924,0.113438377,1.778153958,752503.544,1960,0.346636381,1133013.578,95148.5393,0.17331819,18800,CBA
Mytilus_edulis-Atlantic_Northeast,Mytilus edulis,Blue mussel,Mussels,Atlantic Northeast,1.572984563,1.719939953,1.798925276,1.871132069,1.985488423,0.109307617,1.792815635,752503.544,1961,0.346636381,1133013.578,95148.5393,0.17331819,15200,CBA
Mytilus_edulis-Atlantic_Northeast,Mytilus edulis,Blue mussel,Mussels,Atlantic Northeast,1.577058021,1.724537558,1.801508976,1.870025125,1.968201264,0.102316826,1.794085012,752503.544,1962,0.346636381,1133013.578,95148.5393,0.17331819,22200,CBA
Mytilus_edulis-Atlantic_Northeast,Mytilus edulis,Blue mussel,Mussels,Atlantic Northeast,1.58540173,1.730064095,1.806321046,1.877035364,1.981081915,0.103008079,1.800372481,752503.544,1963,0.346636381,1133013.578,95148.5393,0.17331819,17400,CBA
Mytilus_edulis-Atlantic_Northeast,Mytilus edulis,Blue mussel,Mussels,Atlantic Northeast,1.598421103,1.736124313,1.817620297,1.888986199,1.97780958,0.102397602,1.810038114,752503.544,1964,0.346636381,1133013.578,95148.5393,0.17331819,19900,CBA
Mytilus_edulis-Atlantic_Northeast,Mytilus edulis,Blue mussel,Mussels,Atlantic Northeast,1.587902319,1.734305615,1.809714945,1.873921137,1.981435642,0.102377125,1.803054331,752503.544,1965,0.346636381,1133013.578,95148.5393,0.17331819,21200,CBA
Mytilus_edulis-Atlantic_Northeast,Mytilus edulis,Blue mussel,Mussels,Atlantic Northeast,1.581700642,1.727317709,1.803675753,1.875894747,1.974565209,0.103067358,1.798296239,752503.544,1966,0.346636381,1133013.578,95148.5393,0.17331819,22900,CBA
Mytilus_edulis-Atlantic_Northeast,Mytilus edulis,Blue mussel,Mussels,Atlantic Northeast,1.582401418,1.723522587,1.801724118,1.876174946,1.978225681,0.106010911,1.795214587,752503.544,1967,0.346636381,1133013.578,95148.5393,0.17331819,21200,CBA
Mytilus_edulis-Atlantic_Northeast,Mytilus edulis,Blue mussel,Mussels,Atlantic Northeast,1.549403541,1.726145094,1.80520313,1.882355501,1.980518345,0.108901782,1.80042442,752503.544,1968,0.346636381,1133013.578,95148.5393,0.17331819,18500,CBA
Mytilus_edulis-Atlantic_Northeast,Mytilus edulis,Blue mussel,Mussels,Atlantic Northeast,1.589619306,1.740515586,1.812244435,1.880374822,1.973896951,0.103419307,1.804113799,752503.544,1969,0.346636381,1133013.578,95148.5393,0.17331819,19700,CBA
Mytilus_edulis-Atlantic_Northeast,Mytilus edulis,Blue mussel,Mussels,Atlantic Northeast,1.567587382,1.738457614,1.809226076,1.883818813,1.973490481,0.105023074,1.803246581,752503.544,1970,0.346636381,1133013.578,95148.5393,0.17331819,25600,CBA
Mytilus_edulis-Atlantic_Northeast,Mytilus edulis,Blue mussel,Mussels,Atlantic Northeast,1.549433662,1.722572768,1.797862196,1.860740412,1.975352605,0.108080729,1.788154636,752503.544,1971,0.346636381,1133013.578,95148.5393,0.17331819,33600,CBA
Mytilus_edulis-Atlantic_Northeast,Mytilus edulis,Blue mussel,Mussels,Atlantic Northeast,1.559863099,1.705129501,1.784564089,1.860525126,1.974329642,0.109462736,1.779123221,752503.544,1972,0.346636381,1133013.578,95148.5393,0.17331819,35100,CBA
Mytilus_edulis-Atlantic_Northeast,Mytilus edulis,Blue mussel,Mussels,Atlantic Northeast,1.52773286,1.700565261,1.77314902,1.846515245,1.960106571,0.110121613,1.768641027,752503.544,1973,0.346636381,1133013.578,95148.5393,0.17331819,31900,CBA
Mytilus_edulis-Atlantic_Northeast,Mytilus edulis,Blue mussel,Mussels,Atlantic Northeast,1.535494675,1.692838257,1.775999875,1.849476342,1.957685652,0.110406545,1.766560732,752503.544,1974,0.346636381,1133013.578,95148.5393,0.17331819,34877,CBA
Mytilus_edulis-Atlantic_Northeast,Mytilus edulis,Blue mussel,Mussels,Atlantic Northeast,1.537921311,1.691738131,1.777920449,1.851311144,1.964767991,0.11173357,1.770267776,752503.544,1975,0.346636381,1133013.578,95148.5393,0.17331819,34713,CBA
Mytilus_edulis-Atlantic_Northeast,Mytilus edulis,Blue mussel,Mussels,Atlantic Northeast,1.522476271,1.670958682,1.757549687,1.829244102,1.951160759,0.112072911,1.751165362,752503.544,1976,0.346636381,1133013.578,95148.5393,0.17331819,45337,CBA
Mytilus_edulis-Atlantic_Northeast,Mytilus edulis,Blue mussel,Mussels,Atlantic Northeast,1.473081103,1.640186969,1.711403139,1.795954527,1.931856516,0.116555152,1.713336679,752503.544,1977,0.346636381,1133013.578,95148.5393,0.17331819,58943,CBA
Mytilus_edulis-Atlantic_Northeast,Mytilus edulis,Blue mussel,Mussels,Atlantic Northeast,1.46632769,1.619063339,1.702994662,1.783180958,1.939478102,0.117344696,1.700289285,752503.544,1978,0.346636381,1133013.578,95148.5393,0.17331819,53971,CBA
Mytilus_edulis-Atlantic_Northeast,Mytilus edulis,Blue mussel,Mussels,Atlantic Northeast,1.43806453,1.597722823,1.678936616,1.75734396,1.919790674,0.122194658,1.678371077,752503.544,1979,0.346636381,1133013.578,95148.5393,0.17331819,62201,CBA
Mytilus_edulis-Atlantic_Northeast,Mytilus edulis,Blue mussel,Mussels,Atlantic Northeast,1.363742877,1.512634033,1.595840302,1.675905008,1.856103891,0.12581988,1.594197692,752503.544,1980,0.346636381,1133013.578,95148.5393,0.17331819,99605,CBA
Mytilus_edulis-Atlantic_Northeast,Mytilus edulis,Blue mussel,Mussels,Atlantic Northeast,1.316865797,1.46337941,1.548580507,1.625512749,1.80671396,0.123212994,1.54844582,752503.544,1981,0.346636381,1133013.578,95148.5393,0.17331819,88653,CBA
Mytilus_edulis-Atlantic_Northeast,Mytilus edulis,Blue mussel,Mussels,Atlantic Northeast,1.308584494,1.455373912,1.54005127,1.617801106,1.791559661,0.12351501,1.5389537,752503.544,1982,0.346636381,1133013.578,95148.5393,0.17331819,74109,CBA
Mytilus_edulis-Atlantic_Northeast,Mytilus edulis,Blue mussel,Mussels,Atlantic Northeast,1.287075373,1.450966535,1.527521537,1.616292126,1.778621741,0.126064576,1.531778558,752503.544,1983,0.346636381,1133013.578,95148.5393,0.17331819,72409,CBA
Mytilus_edulis-Atlantic_Northeast,Mytilus edulis,Blue mussel,Mussels,Atlantic Northeast,1.260473581,1.4186414,1.502777495,1.589494847,1.765960434,0.128083774,1.507453353,752503.544,1984,0.346636381,1133013.578,95148.5393,0.17331819,84841,CBA
Mytilus_edulis-Atlantic_Northeast,Mytilus edulis,Blue mussel,Mussels,Atlantic Northeast,1.246262917,1.393554338,1.47571507,1.560241739,1.737802323,0.126158041,1.479209248,752503.544,1985,0.346636381,1133013.578,95148.5393,0.17331819,88731,CBA
Mytilus_edulis-Atlantic_Northeast,Mytilus edulis,Blue mussel,Mussels,Atlantic Northeast,1.198656262,1.356041199,1.43582595,1.521593788,1.700869669,0.125328951,1.44057014,752503.544,1986,0.346636381,1133013.578,95148.5393,0.17331819,96051,CBA
Mytilus_edulis-Atlantic_Northeast,Mytilus edulis,Blue mussel,Mussels,Atlantic Northeast,1.20656577,1.340654083,1.420544986,1.506737342,1.670102521,0.122042839,1.426386773,752503.544,1987,0.346636381,1133013.578,95148.5393,0.17331819,90909,CBA
Mytilus_edulis-Atlantic_Northeast,Mytilus edulis,Blue mussel,Mussels,Atlantic Northeast,1.219993711,1.344731869,1.425794469,1.509495119,1.675920623,0.117586057,1.429339901,752503.544,1988,0.346636381,1133013.578,95148.5393,0.17331819,80331,CBA
Mytilus_edulis-Atlantic_Northeast,Mytilus edulis,Blue mussel,Mussels,Atlantic Northeast,1.205101702,1.338681118,1.406454784,1.493571932,1.663394861,0.11706936,1.418411074,752503.544,1989,0.346636381,1133013.578,95148.5393,0.17331819,90556,CBA
Mytilus_edulis-Atlantic_Northeast,Mytilus edulis,Blue mussel,Mussels,Atlantic Northeast,1.178641816,1.299811156,1.371776826,1.445663628,1.617155335,0.11344279,1.375970328,752503.544,1990,0.346636381,1133013.578,95148.5393,0.17331819,108879,CBA
Mytilus_edulis-Atlantic_Northeast,Mytilus edulis,Blue mussel,Mussels,Atlantic Northeast,1.078777145,1.208443106,1.276313581,1.346255122,1.509518711,0.106792096,1.280406284,752503.544,1991,0.346636381,1133013.578,95148.5393,0.17331819,141737,CBA
Mytilus_edulis-Atlantic_Northeast,Mytilus edulis,Blue mussel,Mussels,Atlantic Northeast,1.011665536,1.116203089,1.186567916,1.251604804,1.396421466,0.100322031,1.186616278,752503.544,1992,0.346636381,1133013.578,95148.5393,0.17331819,144649,CBA
Mytilus_edulis-Atlantic_Northeast,Mytilus edulis,Blue mussel,Mussels,Atlantic Northeast,0.915601472,1.019001528,1.081245459,1.146671762,1.289231216,0.093816284,1.086226303,752503.544,1993,0.346636381,1133013.578,95148.5393,0.17331819,150702,CBA
Mytilus_edulis-Atlantic_Northeast,Mytilus edulis,Blue mussel,Mussels,Atlantic Northeast,0.829043405,0.937256411,0.992410636,1.056239215,1.216004818,0.09312671,0.999100937,752503.544,1994,0.346636381,1133013.578,95148.5393,0.17331819,146694,CBA
Mytilus_edulis-Atlantic_Northeast,Mytilus edulis,Blue mussel,Mussels,Atlantic Northeast,0.784745857,0.87299611,0.932132909,0.996928229,1.136132289,0.091707497,0.938462214,752503.544,1995,0.346636381,1133013.578,95148.5393,0.17331819,130482,CBA
Mytilus_edulis-Atlantic_Northeast,Mytilus edulis,Blue mussel,Mussels,Atlantic Northeast,0.775437243,0.870606263,0.925507062,0.985447664,1.109604055,0.085031188,0.929175398,752503.544,1996,0.346636381,1133013.578,95148.5393,0.17331819,99965,CBA
Mytilus_edulis-Atlantic_Northeast,Mytilus edulis,Blue mussel,Mussels,Atlantic Northeast,0.752029234,0.830281916,0.884222892,0.943115085,1.058261867,0.07983147,0.887858783,752503.544,1997,0.346636381,1133013.578,95148.5393,0.17331819,118919,CBA
Mytilus_edulis-Atlantic_Northeast,Mytilus edulis,Blue mussel,Mussels,Atlantic Northeast,0.708055049,0.783673477,0.832957458,0.889366387,0.994385011,0.078086027,0.840229815,752503.544,1998,0.346636381,1133013.578,95148.5393,0.17331819,121762,CBA
Mytilus_edulis-Atlantic_Northeast,Mytilus edulis,Blue mussel,Mussels,Atlantic Northeast,0.677326186,0.756661522,0.800565868,0.850610842,0.946257005,0.070516897,0.805564194,752503.544,1999,0.346636381,1133013.578,95148.5393,0.17331819,113866,CBA
Mytilus_edulis-Atlantic_Northeast,Mytilus edulis,Blue mussel,Mussels,Atlantic Northeast,0.629424896,0.699506945,0.740532542,0.782412745,0.879581953,0.064079411,0.743475441,752503.544,2000,0.346636381,1133013.578,95148.5393,0.17331819,126874,CBA
Mytilus_edulis-Atlantic_Northeast,Mytilus edulis,Blue mussel,Mussels,Atlantic Northeast,0.541132126,0.602805174,0.634224282,0.66987736,0.77692646,0.058392681,0.64015999,752503.544,2001,0.346636381,1133013.578,95148.5393,0.17331819,145047,CBA
Mytilus_edulis-Atlantic_Northeast,Mytilus edulis,Blue mussel,Mussels,Atlantic Northeast,0.464350849,0.513301896,0.542293923,0.579406273,0.685313609,0.056330853,0.55022876,752503.544,2002,0.346636381,1133013.578,95148.5393,0.17331819,132227,CBA
Mytilus_edulis-Atlantic_Northeast,Mytilus edulis,Blue mussel,Mussels,Atlantic Northeast,0.424364518,0.471290649,0.499648782,0.534388995,0.626014907,0.053469257,0.506705657,752503.544,2003,0.346636381,1133013.578,95148.5393,0.17331819,99339,CBA
Mytilus_edulis-Atlantic_Northeast,Mytilus edulis,Blue mussel,Mussels,Atlantic Northeast,0.354607072,0.392794179,0.422695844,0.455445759,0.571089186,0.055546599,0.431432637,752503.544,2004,0.346636381,1133013.578,95148.5393,0.17331819,113269,CBA
Mytilus_edulis-Atlantic_Northeast,Mytilus edulis,Blue mussel,Mussels,Atlantic Northeast,0.299731531,0.341878434,0.371207275,0.41174706,0.535961113,0.058518357,0.383061188,752503.544,2005,0.346636381,1133013.578,95148.5393,0.17331819,90624,CBA
Mytilus_edulis-Atlantic_Northeast,Mytilus edulis,Blue mussel,Mussels,Atlantic Northeast,0.269404235,0.312325887,0.346528854,0.39473414,0.506115282,0.063652002,0.358329556,752503.544,2006,0.346636381,1133013.578,95148.5393,0.17331819,72068,CBA
Mytilus_edulis-Atlantic_Northeast,Mytilus edulis,Blue mussel,Mussels,Atlantic Northeast,0.237548234,0.282432666,0.325717614,0.379434702,0.501330737,0.072511432,0.33773918,752503.544,2007,0.346636381,1133013.578,95148.5393,0.17331819,66065,CBA
Mytilus_edulis-Atlantic_Northeast,Mytilus edulis,Blue mussel,Mussels,Atlantic Northeast,0.236006473,0.284832758,0.330646595,0.394614465,0.521933328,0.079019156,0.345197637,752503.544,2008,0.346636381,1133013.578,95148.5393,0.17331819,47638,CBA
Mytilus_edulis-Atlantic_Northeast,Mytilus edulis,Blue mussel,Mussels,Atlantic Northeast,0.23416802,0.289174106,0.344144421,0.415014299,0.554448428,0.087495937,0.35988277,752503.544,2009,0.346636381,1133013.578,95148.5393,0.17331819,43472,CBA
Mytilus_edulis-Atlantic_Northeast,Mytilus edulis,Blue mussel,Mussels,Atlantic Northeast,0.253538686,0.311796198,0.379025221,0.45945346,0.616786706,0.097336735,0.393902992,752503.544,2010,0.346636381,1133013.578,95148.5393,0.17331819,35134,CBA
Mytilus_edulis-Atlantic_Northeast,Mytilus edulis,Blue mussel,Mussels,Atlantic Northeast,0.246359291,0.320712348,0.399237657,0.486614655,0.645621778,0.109592598,0.409133234,752503.544,2011,0.346636381,1133013.578,95148.5393,0.17331819,48466,CBA
Mytilus_edulis-Atlantic_Northeast,Mytilus edulis,Blue mussel,Mussels,Atlantic Northeast,0.216115388,0.306573403,0.407510696,0.500056408,0.663741942,0.124189856,0.411442517,752503.544,2012,0.346636381,1133013.578,95148.5393,0.17331819,58127,CBA
Mytilus_edulis-Atlantic_Northeast,Mytilus edulis,Blue mussel,Mussels,Atlantic Northeast,0.196702217,0.310750825,0.43955004,0.546844932,0.696017107,0.143226509,0.433350636,752503.544,2013,0.346636381,1133013.578,95148.5393,0.17331819,47090,CBA
Mytilus_edulis-Atlantic_Northeast,Mytilus edulis,Blue mussel,Mussels,Atlantic Northeast,0.169269,0.312623403,0.470701151,0.587106719,0.73152669,0.164833439,0.455676637,752503.544,2014,0.346636381,1133013.578,95148.5393,0.17331819,48689,CBA
Mytilus_edulis-Atlantic_Northeast,Mytilus edulis,Blue mussel,Mussels,Atlantic Northeast,0.128997683,0.317231505,0.500498996,0.6326942,0.775420382,0.190079605,0.47693923,752503.544,2015,0.346636381,1133013.578,95148.5393,0.17331819,51755,CBA
Mytilus_edulis-Atlantic_Northeast,Mytilus edulis,Blue mussel,Mussels,Atlantic Northeast,0.051063316,0.281842546,0.514269855,0.658229129,0.787143361,0.221736902,0.471039246,752503.544,2016,0.346636381,1133013.578,95148.5393,0.17331819,67824,CBA
Mytilus_edulis-Atlantic_Northwest,Mytilus edulis,Blue mussel,Mussels,Atlantic Northwest,0.993825346,1.200753965,1.358888556,1.549465628,1.846974334,0.235616148,1.383072791,123780.4261,1950,0.255687229,191711.4759,12156.74122,0.127843615,607,CBA
Mytilus_edulis-Atlantic_Northwest,Mytilus edulis,Blue mussel,Mussels,Atlantic Northwest,1.083674753,1.304685843,1.448918464,1.622930439,1.901059173,0.218183048,1.468508775,123780.4261,1951,0.255687229,191711.4759,12156.74122,0.127843615,843,CBA
Mytilus_edulis-Atlantic_Northwest,Mytilus edulis,Blue mussel,Mussels,Atlantic Northwest,1.18032586,1.398801692,1.540488882,1.70084947,1.910802346,0.197145452,1.54864326,123780.4261,1952,0.255687229,191711.4759,12156.74122,0.127843615,399,CBA
Mytilus_edulis-Atlantic_Northwest,Mytilus edulis,Blue mussel,Mussels,Atlantic Northwest,1.270557818,1.480024531,1.603092024,1.741526196,1.933892714,0.175432645,1.606936152,123780.4261,1953,0.255687229,191711.4759,12156.74122,0.127843615,353,CBA
Mytilus_edulis-Atlantic_Northwest,Mytilus edulis,Blue mussel,Mussels,Atlantic Northwest,1.342243944,1.54830044,1.663229917,1.776957784,1.940640499,0.156434612,1.661526225,123780.4261,1954,0.255687229,191711.4759,12156.74122,0.127843615,437,CBA
Mytilus_edulis-Atlantic_Northwest,Mytilus edulis,Blue mussel,Mussels,Atlantic Northwest,1.399772987,1.598757803,1.710440426,1.806246079,1.943537296,0.144220654,1.698719336,123780.4261,1955,0.255687229,191711.4759,12156.74122,0.127843615,636,CBA
Mytilus_edulis-Atlantic_Northwest,Mytilus edulis,Blue mussel,Mussels,Atlantic Northwest,1.456484734,1.641298137,1.738297287,1.833724262,1.96937038,0.138778736,1.732409943,123780.4261,1956,0.255687229,191711.4759,12156.74122,0.127843615,376,CBA
Mytilus_edulis-Atlantic_Northwest,Mytilus edulis,Blue mussel,Mussels,Atlantic Northwest,1.476843584,1.670863062,1.763852725,1.839593947,1.960254182,0.126220337,1.750861898,123780.4261,1957,0.255687229,191711.4759,12156.74122,0.127843615,351,CBA
Mytilus_edulis-Atlantic_Northwest,Mytilus edulis,Blue mussel,Mussels,Atlantic Northwest,1.527394775,1.683594805,1.784524081,1.860178048,1.967985173,0.121646894,1.768694236,123780.4261,1958,0.255687229,191711.4759,12156.74122,0.127843615,286,CBA
Mytilus_edulis-Atlantic_Northwest,Mytilus edulis,Blue mussel,Mussels,Atlantic Northwest,1.525708418,1.696102723,1.786435773,1.863365892,1.973598387,0.118106127,1.777059937,123780.4261,1959,0.255687229,191711.4759,12156.74122,0.127843615,379,CBA
Mytilus_edulis-Atlantic_Northwest,Mytilus edulis,Blue mussel,Mussels,Atlantic Northwest,1.534305199,1.702431936,1.788079559,1.873981326,1.975157465,0.114215676,1.782922263,123780.4261,1960,0.255687229,191711.4759,12156.74122,0.127843615,375,CBA
Mytilus_edulis-Atlantic_Northwest,Mytilus edulis,Blue mussel,Mussels,Atlantic Northwest,1.55623483,1.706985107,1.794881317,1.874612567,1.978119355,0.111942848,1.788072443,123780.4261,1961,0.255687229,191711.4759,12156.74122,0.127843615,565,CBA
Mytilus_edulis-Atlantic_Northwest,Mytilus edulis,Blue mussel,Mussels,Atlantic Northwest,1.561933295,1.706210151,1.795281448,1.876824118,1.977614075,0.111790436,1.791040853,123780.4261,1962,0.255687229,191711.4759,12156.74122,0.127843615,474,CBA
Mytilus_edulis-Atlantic_Northwest,Mytilus edulis,Blue mussel,Mussels,Atlantic Northwest,1.573990099,1.717191703,1.794433348,1.864433596,1.967542276,0.103566876,1.787137706,123780.4261,1963,0.255687229,191711.4759,12156.74122,0.127843615,820,CBA
Mytilus_edulis-Atlantic_Northwest,Mytilus edulis,Blue mussel,Mussels,Atlantic Northwest,1.575987744,1.722934613,1.796828645,1.872541503,1.975464075,0.105920297,1.793753027,123780.4261,1964,0.255687229,191711.4759,12156.74122,0.127843615,307,CBA
Mytilus_edulis-Atlantic_Northwest,Mytilus edulis,Blue mussel,Mussels,Atlantic Northwest,1.591958956,1.739297905,1.813589338,1.882178536,1.96941364,0.102777203,1.80417105,123780.4261,1965,0.255687229,191711.4759,12156.74122,0.127843615,554,CBA
Mytilus_edulis-Atlantic_Northwest,Mytilus edulis,Blue mussel,Mussels,Atlantic Northwest,1.605710573,1.740175208,1.81462425,1.893607166,1.987012835,0.103570358,1.811812856,123780.4261,1966,0.255687229,191711.4759,12156.74122,0.127843615,331,CBA
Mytilus_edulis-Atlantic_Northwest,Mytilus edulis,Blue mussel,Mussels,Atlantic Northwest,1.59149847,1.743419818,1.816634788,1.887403713,1.974469053,0.101448725,1.809886687,123780.4261,1967,0.255687229,191711.4759,12156.74122,0.127843615,743,CBA
Mytilus_edulis-Atlantic_Northwest,Mytilus edulis,Blue mussel,Mussels,Atlantic Northwest,1.600233019,1.741879722,1.818604827,1.893032444,1.98046836,0.104273876,1.813402773,123780.4261,1968,0.255687229,191711.4759,12156.74122,0.127843615,529,CBA
Mytilus_edulis-Atlantic_Northwest,Mytilus edulis,Blue mussel,Mussels,Atlantic Northwest,1.59736057,1.748435499,1.8229598,1.886635365,1.979475116,0.098721288,1.813250053,123780.4261,1969,0.255687229,191711.4759,12156.74122,0.127843615,838,CBA
Mytilus_edulis-Atlantic_Northwest,Mytilus edulis,Blue mussel,Mussels,Atlantic Northwest,1.607999306,1.751528389,1.818549675,1.885708857,1.979950593,0.098013844,1.812436436,123780.4261,1970,0.255687229,191711.4759,12156.74122,0.127843615,973,CBA
Mytilus_edulis-Atlantic_Northwest,Mytilus edulis,Blue mussel,Mussels,Atlantic Northwest,1.602705437,1.745889154,1.817518918,1.884749969,1.977281998,0.100715828,1.809614022,123780.4261,1971,0.255687229,191711.4759,12156.74122,0.127843615,1100,CBA
Mytilus_edulis-Atlantic_Northwest,Mytilus edulis,Blue mussel,Mussels,Atlantic Northwest,1.596624308,1.734014025,1.808298726,1.882418914,1.971586081,0.101767353,1.801478899,123780.4261,1972,0.255687229,191711.4759,12156.74122,0.127843615,1250,CBA
Mytilus_edulis-Atlantic_Northwest,Mytilus edulis,Blue mussel,Mussels,Atlantic Northwest,1.596484834,1.729541166,1.808613169,1.873895255,1.983394848,0.101490224,1.801969154,123780.4261,1973,0.255687229,191711.4759,12156.74122,0.127843615,1900,CBA
Mytilus_edulis-Atlantic_Northwest,Mytilus edulis,Blue mussel,Mussels,Atlantic Northwest,1.568550754,1.740497196,1.813858434,1.888787603,1.983592537,0.106070936,1.805017941,123780.4261,1974,0.255687229,191711.4759,12156.74122,0.127843615,2113,CBA
Mytilus_edulis-Atlantic_Northwest,Mytilus edulis,Blue mussel,Mussels,Atlantic Northwest,1.56868015,1.732422554,1.809108885,1.883694785,1.976807853,0.106183268,1.802852649,123780.4261,1975,0.255687229,191711.4759,12156.74122,0.127843615,2544,CBA
Mytilus_edulis-Atlantic_Northwest,Mytilus edulis,Blue mussel,Mussels,Atlantic Northwest,1.58163546,1.730136525,1.807370711,1.882976882,1.977900482,0.107236602,1.800150817,123780.4261,1976,0.255687229,191711.4759,12156.74122,0.127843615,3859,CBA
Mytilus_edulis-Atlantic_Northwest,Mytilus edulis,Blue mussel,Mussels,Atlantic Northwest,1.556092545,1.700405093,1.783995852,1.85292475,1.955493818,0.108112584,1.774178876,123780.4261,1977,0.255687229,191711.4759,12156.74122,0.127843615,6491,CBA
Mytilus_edulis-Atlantic_Northwest,Mytilus edulis,Blue mussel,Mussels,Atlantic Northwest,1.484797195,1.658597141,1.735850706,1.811328967,1.939348308,0.115706708,1.731682152,123780.4261,1978,0.255687229,191711.4759,12156.74122,0.127843615,9018,CBA
Mytilus_edulis-Atlantic_Northwest,Mytilus edulis,Blue mussel,Mussels,Atlantic Northwest,1.457276367,1.625351963,1.710281089,1.789651215,1.928188633,0.120281886,1.705305729,123780.4261,1979,0.255687229,191711.4759,12156.74122,0.127843615,8614,CBA
Mytilus_edulis-Atlantic_Northwest,Mytilus edulis,Blue mussel,Mussels,Atlantic Northwest,1.452455526,1.618174587,1.706676606,1.787383397,1.934380095,0.123343919,1.702027767,123780.4261,1980,0.255687229,191711.4759,12156.74122,0.127843615,7262,CBA
Mytilus_edulis-Atlantic_Northwest,Mytilus edulis,Blue mussel,Mussels,Atlantic Northwest,1.451083306,1.59666268,1.677291565,1.769425389,1.930046169,0.123080209,1.682950731,123780.4261,1981,0.255687229,191711.4759,12156.74122,0.127843615,8659,CBA
Mytilus_edulis-Atlantic_Northwest,Mytilus edulis,Blue mussel,Mussels,Atlantic Northwest,1.415274426,1.562866882,1.649642944,1.739331177,1.885488671,0.123370759,1.650115987,123780.4261,1982,0.255687229,191711.4759,12156.74122,0.127843615,11427,CBA
Mytilus_edulis-Atlantic_Northwest,Mytilus edulis,Blue mussel,Mussels,Atlantic Northwest,1.346743086,1.511248359,1.586166016,1.678025924,1.843362735,0.125115141,1.591966434,123780.4261,1983,0.255687229,191711.4759,12156.74122,0.127843615,14094,CBA
Mytilus_edulis-Atlantic_Northwest,Mytilus edulis,Blue mussel,Mussels,Atlantic Northwest,1.329723723,1.481090711,1.56726044,1.657614065,1.833785491,0.129586864,1.571882907,123780.4261,1984,0.255687229,191711.4759,12156.74122,0.127843615,10990,CBA
Mytilus_edulis-Atlantic_Northwest,Mytilus edulis,Blue mussel,Mussels,Atlantic Northwest,1.292025382,1.439855881,1.522295463,1.611118496,1.812109276,0.129795051,1.528503734,123780.4261,1985,0.255687229,191711.4759,12156.74122,0.127843615,13774,CBA
Mytilus_edulis-Atlantic_Northwest,Mytilus edulis,Blue mussel,Mussels,Atlantic Northwest,1.225732618,1.378845651,1.455716613,1.542588635,1.719663676,0.125864154,1.461676117,123780.4261,1986,0.255687229,191711.4759,12156.74122,0.127843615,16964,CBA
Mytilus_edulis-Atlantic_Northwest,Mytilus edulis,Blue mussel,Mussels,Atlantic Northwest,1.165994647,1.306318818,1.375263203,1.455723336,1.613297679,0.115464255,1.380239941,123780.4261,1987,0.255687229,191711.4759,12156.74122,0.127843615,18818,CBA
Mytilus_edulis-Atlantic_Northwest,Mytilus edulis,Blue mussel,Mussels,Atlantic Northwest,0.953896985,1.055861057,1.123695675,1.208543762,1.358514895,0.108034261,1.134450098,123780.4261,1988,0.255687229,191711.4759,12156.74122,0.127843615,34789,CBA
Mytilus_edulis-Atlantic_Northwest,Mytilus edulis,Blue mussel,Mussels,Atlantic Northwest,0.819080878,0.926794714,0.991314937,1.059110329,1.224625911,0.100999602,0.99714676,123780.4261,1989,0.255687229,191711.4759,12156.74122,0.127843615,25610,CBA
Mytilus_edulis-Atlantic_Northwest,Mytilus edulis,Blue mussel,Mussels,Atlantic Northwest,0.759727556,0.859659714,0.91604759,0.983546131,1.144692214,0.095421521,0.926117679,123780.4261,1990,0.255687229,191711.4759,12156.74122,0.127843615,19347,CBA
Mytilus_edulis-Atlantic_Northwest,Mytilus edulis,Blue mussel,Mussels,Atlantic Northwest,0.692111054,0.779397448,0.832669075,0.898685083,1.035999942,0.087180208,0.841321016,123780.4261,1991,0.255687229,191711.4759,12156.74122,0.127843615,20516,CBA
Mytilus_edulis-Atlantic_Northwest,Mytilus edulis,Blue mussel,Mussels,Atlantic Northwest,0.559597944,0.640422304,0.691094255,0.747037797,0.889140215,0.084509504,0.699595148,123780.4261,1992,0.255687229,191711.4759,12156.74122,0.127843615,25726,CBA
Mytilus_edulis-Atlantic_Northwest,Mytilus edulis,Blue mussel,Mussels,Atlantic Northwest,0.469369601,0.54671475,0.593644763,0.651081503,0.80058584,0.083212485,0.605851911,123780.4261,1993,0.255687229,191711.4759,12156.74122,0.127843615,19878,CBA
Mytilus_edulis-Atlantic_Northwest,Mytilus edulis,Blue mussel,Mussels,Atlantic Northwest,0.395965661,0.475359012,0.522367244,0.584664751,0.72156997,0.084088347,0.534535813,123780.4261,1994,0.255687229,191711.4759,12156.74122,0.127843615,17016,CBA
Mytilus_edulis-Atlantic_Northwest,Mytilus edulis,Blue mussel,Mussels,Atlantic Northwest,0.326898156,0.408439609,0.454883016,0.519196449,0.655212076,0.086730581,0.46829552,123780.4261,1995,0.255687229,191711.4759,12156.74122,0.127843615,15723,CBA
Mytilus_edulis-Atlantic_Northwest,Mytilus edulis,Blue mussel,Mussels,Atlantic Northwest,0.303311501,0.391255118,0.442384254,0.512841687,0.660759311,0.09148174,0.456607916,123780.4261,1996,0.255687229,191711.4759,12156.74122,0.127843615,9685,CBA
Mytilus_edulis-Atlantic_Northwest,Mytilus edulis,Blue mussel,Mussels,Atlantic Northwest,0.304898979,0.392821835,0.44655081,0.51604441,0.671745274,0.094782372,0.459175976,123780.4261,1997,0.255687229,191711.4759,12156.74122,0.127843615,8260,CBA
Mytilus_edulis-Atlantic_Northwest,Mytilus edulis,Blue mussel,Mussels,Atlantic Northwest,0.3334529,0.424222127,0.478829384,0.56000111,0.716869192,0.100242443,0.494715087,123780.4261,1998,0.255687229,191711.4759,12156.74122,0.127843615,4956,CBA
Mytilus_edulis-Atlantic_Northwest,Mytilus edulis,Blue mussel,Mussels,Atlantic Northwest,0.372523309,0.465798643,0.523128665,0.603431168,0.781572602,0.103805095,0.540080061,123780.4261,1999,0.255687229,191711.4759,12156.74122,0.127843615,4420,CBA
Mytilus_edulis-Atlantic_Northwest,Mytilus edulis,Blue mussel,Mussels,Atlantic Northwest,0.406962369,0.495701978,0.556641782,0.636754766,0.818830107,0.108017478,0.571833338,123780.4261,2000,0.255687229,191711.4759,12156.74122,0.127843615,6457,CBA
Mytilus_edulis-Atlantic_Northwest,Mytilus edulis,Blue mussel,Mussels,Atlantic Northwest,0.428435147,0.522025168,0.582334861,0.668171974,0.858060955,0.109186785,0.601899606,123780.4261,2001,0.255687229,191711.4759,12156.74122,0.127843615,6872,CBA
Mytilus_edulis-Atlantic_Northwest,Mytilus edulis,Blue mussel,Mussels,Atlantic Northwest,0.425310595,0.518804489,0.584401395,0.662044289,0.84298507,0.111025748,0.598403989,123780.4261,2002,0.255687229,191711.4759,12156.74122,0.127843615,10206,CBA
Mytilus_edulis-Atlantic_Northwest,Mytilus edulis,Blue mussel,Mussels,Atlantic Northwest,0.427934897,0.522482063,0.587865086,0.672990871,0.855585684,0.111791836,0.603480083,123780.4261,2003,0.255687229,191711.4759,12156.74122,0.127843615,9296,CBA
Mytilus_edulis-Atlantic_Northwest,Mytilus edulis,Blue mussel,Mussels,Atlantic Northwest,0.426978775,0.506268066,0.580681151,0.669119782,0.85976517,0.115576974,0.596622723,123780.4261,2004,0.255687229,191711.4759,12156.74122,0.127843615,10572,CBA
Mytilus_edulis-Atlantic_Northwest,Mytilus edulis,Blue mussel,Mussels,Atlantic Northwest,0.415543038,0.504510567,0.583788658,0.673268698,0.862966145,0.118925331,0.595628562,123780.4261,2005,0.255687229,191711.4759,12156.74122,0.127843615,9836,CBA
Mytilus_edulis-Atlantic_Northwest,Mytilus edulis,Blue mussel,Mussels,Atlantic Northwest,0.417308799,0.51532031,0.594293895,0.682276237,0.87647525,0.122254341,0.608331623,123780.4261,2006,0.255687229,191711.4759,12156.74122,0.127843615,8547,CBA
Mytilus_edulis-Atlantic_Northwest,Mytilus edulis,Blue mussel,Mussels,Atlantic Northwest,0.434534699,0.528620036,0.619651861,0.707470801,0.899307191,0.126481788,0.629997807,123780.4261,2007,0.255687229,191711.4759,12156.74122,0.127843615,7646,CBA
Mytilus_edulis-Atlantic_Northwest,Mytilus edulis,Blue mussel,Mussels,Atlantic Northwest,0.444955096,0.542131397,0.629811878,0.72589481,0.905667225,0.127866591,0.642068779,123780.4261,2008,0.255687229,191711.4759,12156.74122,0.127843615,8678,CBA
Mytilus_edulis-Atlantic_Northwest,Mytilus edulis,Blue mussel,Mussels,Atlantic Northwest,0.410853057,0.508547018,0.597985479,0.701676211,0.88775537,0.132997293,0.614686678,123780.4261,2009,0.255687229,191711.4759,12156.74122,0.127843615,12861,CBA
Mytilus_edulis-Atlantic_Northwest,Mytilus edulis,Blue mussel,Mussels,Atlantic Northwest,0.34555549,0.447615157,0.547813619,0.651144508,0.846453809,0.139318257,0.560550036,123780.4261,2010,0.255687229,191711.4759,12156.74122,0.127843615,15031,CBA
Mytilus_edulis-Atlantic_Northwest,Mytilus edulis,Blue mussel,Mussels,Atlantic Northwest,0.30328734,0.42335409,0.53277827,0.652766329,0.835511836,0.148822732,0.543852757,123780.4261,2011,0.255687229,191711.4759,12156.74122,0.127843615,10933,CBA
Mytilus_edulis-Atlantic_Northwest,Mytilus edulis,Blue mussel,Mussels,Atlantic Northwest,0.292900628,0.430411008,0.558499422,0.684179218,0.85361358,0.158904762,0.558842895,123780.4261,2012,0.255687229,191711.4759,12156.74122,0.127843615,7473,CBA
Mytilus_edulis-Atlantic_Northwest,Mytilus edulis,Blue mussel,Mussels,Atlantic Northwest,0.262744128,0.430810568,0.567815833,0.6927545,0.863147939,0.170943266,0.560030167,123780.4261,2013,0.255687229,191711.4759,12156.74122,0.127843615,9158,CBA
Mytilus_edulis-Atlantic_Northwest,Mytilus edulis,Blue mussel,Mussels,Atlantic Northwest,0.224672123,0.419655447,0.572185101,0.710794431,0.860559464,0.183054288,0.56082569,123780.4261,2014,0.255687229,191711.4759,12156.74122,0.127843615,9044,CBA
Mytilus_edulis-Atlantic_Northwest,Mytilus edulis,Blue mussel,Mussels,Atlantic Northwest,0.1155822,0.347462308,0.512681896,0.666960203,0.793484166,0.199111136,0.496691784,123780.4261,2015,0.255687229,191711.4759,12156.74122,0.127843615,15149,CBA
Mytilus_edulis-Atlantic_Northwest,Mytilus edulis,Blue mussel,Mussels,Atlantic Northwest,0.04192178,0.317886001,0.50458318,0.674651592,0.784705201,0.222438385,0.479589932,123780.4261,2016,0.255687229,191711.4759,12156.74122,0.127843615,9911,CBA
Mytilus_galloprovincialis-Mediterranean and Black Sea,Mytilus galloprovincialis,Mediterranean mussel,Mussels,Mediterranean and Black Sea,0.416676284,0.629036234,0.876111082,1.093074171,1.437143238,0.28825614,0.876830311,134572.2348,1950,0.366839626,345964.266,30387.26398,0.183419813,11000,CBA
Mytilus_galloprovincialis-Mediterranean and Black Sea,Mytilus galloprovincialis,Mediterranean mussel,Mussels,Mediterranean and Black Sea,0.465741898,0.717248504,0.984020448,1.207919632,1.554187505,0.303954659,0.976209921,134572.2348,1951,0.366839626,345964.266,30387.26398,0.183419813,11000,CBA
Mytilus_galloprovincialis-Mediterranean and Black Sea,Mytilus galloprovincialis,Mediterranean mussel,Mussels,Mediterranean and Black Sea,0.514826688,0.819219475,1.0994624,1.318630457,1.660041135,0.321127297,1.078191588,134572.2348,1952,0.366839626,345964.266,30387.26398,0.183419813,11400,CBA
Mytilus_galloprovincialis-Mediterranean and Black Sea,Mytilus galloprovincialis,Mediterranean mussel,Mussels,Mediterranean and Black Sea,0.577353391,0.911741532,1.203726214,1.413500062,1.754631189,0.326058217,1.173176589,134572.2348,1953,0.366839626,345964.266,30387.26398,0.183419813,11200,CBA
Mytilus_galloprovincialis-Mediterranean and Black Sea,Mytilus galloprovincialis,Mediterranean mussel,Mussels,Mediterranean and Black Sea,0.612534158,1.008546496,1.279324263,1.497802547,1.815090461,0.325019921,1.247691948,134572.2348,1954,0.366839626,345964.266,30387.26398,0.183419813,14100,CBA
Mytilus_galloprovincialis-Mediterranean and Black Sea,Mytilus galloprovincialis,Mediterranean mussel,Mussels,Mediterranean and Black Sea,0.656024144,1.078463972,1.340040952,1.53665836,1.792801395,0.312264914,1.297861853,134572.2348,1955,0.366839626,345964.266,30387.26398,0.183419813,16700,CBA
Mytilus_galloprovincialis-Mediterranean and Black Sea,Mytilus galloprovincialis,Mediterranean mussel,Mussels,Mediterranean and Black Sea,0.720896959,1.139467873,1.387179505,1.577984989,1.817182595,0.303030117,1.341035312,134572.2348,1956,0.366839626,345964.266,30387.26398,0.183419813,16690,CBA
Mytilus_galloprovincialis-Mediterranean and Black Sea,Mytilus galloprovincialis,Mediterranean mussel,Mussels,Mediterranean and Black Sea,0.753637973,1.201384883,1.43263906,1.614294806,1.833658805,0.288557885,1.385102331,134572.2348,1957,0.366839626,345964.266,30387.26398,0.183419813,16150,CBA
Mytilus_galloprovincialis-Mediterranean and Black Sea,Mytilus galloprovincialis,Mediterranean mussel,Mussels,Mediterranean and Black Sea,0.807919773,1.260378924,1.469905763,1.628024743,1.830008441,0.275594712,1.421385198,134572.2348,1958,0.366839626,345964.266,30387.26398,0.183419813,17050,CBA
Mytilus_galloprovincialis-Mediterranean and Black Sea,Mytilus galloprovincialis,Mediterranean mussel,Mussels,Mediterranean and Black Sea,0.85625399,1.301089204,1.491008242,1.641489814,1.835246287,0.262138597,1.447010788,134572.2348,1959,0.366839626,345964.266,30387.26398,0.183419813,18000,CBA
Mytilus_galloprovincialis-Mediterranean and Black Sea,Mytilus galloprovincialis,Mediterranean mussel,Mussels,Mediterranean and Black Sea,0.911100144,1.324776992,1.519690209,1.665030079,1.8508332,0.247467742,1.477864523,134572.2348,1960,0.366839626,345964.266,30387.26398,0.183419813,16600,CBA
Mytilus_galloprovincialis-Mediterranean and Black Sea,Mytilus galloprovincialis,Mediterranean mussel,Mussels,Mediterranean and Black Sea,0.957914389,1.379472394,1.544909041,1.67562048,1.871247501,0.234762853,1.506492194,134572.2348,1961,0.366839626,345964.266,30387.26398,0.183419813,16300,CBA
Mytilus_galloprovincialis-Mediterranean and Black Sea,Mytilus galloprovincialis,Mediterranean mussel,Mussels,Mediterranean and Black Sea,0.981747417,1.378115526,1.534980053,1.652773765,1.839715644,0.219033252,1.500100998,134572.2348,1962,0.366839626,345964.266,30387.26398,0.183419813,21800,CBA
Mytilus_galloprovincialis-Mediterranean and Black Sea,Mytilus galloprovincialis,Mediterranean mussel,Mussels,Mediterranean and Black Sea,0.994508416,1.362711805,1.506179079,1.626713482,1.816823905,0.205886482,1.479040807,134572.2348,1963,0.366839626,345964.266,30387.26398,0.183419813,24600,CBA
Mytilus_galloprovincialis-Mediterranean and Black Sea,Mytilus galloprovincialis,Mediterranean mussel,Mussels,Mediterranean and Black Sea,0.964806799,1.323035017,1.451388824,1.560738379,1.731603192,0.19458924,1.424052649,134572.2348,1964,0.366839626,345964.266,30387.26398,0.183419813,31600,CBA
Mytilus_galloprovincialis-Mediterranean and Black Sea,Mytilus galloprovincialis,Mediterranean mussel,Mussels,Mediterranean and Black Sea,0.963648649,1.294251366,1.421065603,1.537596502,1.701985566,0.186727764,1.400088457,134572.2348,1965,0.366839626,345964.266,30387.26398,0.183419813,28100,CBA
Mytilus_galloprovincialis-Mediterranean and Black Sea,Mytilus galloprovincialis,Mediterranean mussel,Mussels,Mediterranean and Black Sea,0.998859946,1.337037684,1.458028386,1.575992976,1.7542876,0.189356951,1.439504242,134572.2348,1966,0.366839626,345964.266,30387.26398,0.183419813,18100,CBA
Mytilus_galloprovincialis-Mediterranean and Black Sea,Mytilus galloprovincialis,Mediterranean mussel,Mussels,Mediterranean and Black Sea,1.033571941,1.354862738,1.481795505,1.595044974,1.7781836,0.187468361,1.463367279,134572.2348,1967,0.366839626,345964.266,30387.26398,0.183419813,19100,CBA
Mytilus_galloprovincialis-Mediterranean and Black Sea,Mytilus galloprovincialis,Mediterranean mussel,Mussels,Mediterranean and Black Sea,1.094820077,1.384711835,1.516502508,1.632022915,1.810545121,0.18823583,1.498361137,134572.2348,1968,0.366839626,345964.266,30387.26398,0.183419813,16700,CBA
Mytilus_galloprovincialis-Mediterranean and Black Sea,Mytilus galloprovincialis,Mediterranean mussel,Mussels,Mediterranean and Black Sea,1.12677955,1.413994138,1.539002035,1.646187393,1.831928588,0.179605639,1.521702785,134572.2348,1969,0.366839626,345964.266,30387.26398,0.183419813,17800,CBA
Mytilus_galloprovincialis-Mediterranean and Black Sea,Mytilus galloprovincialis,Mediterranean mussel,Mussels,Mediterranean and Black Sea,1.137362834,1.408579147,1.533928138,1.632902905,1.810693914,0.170738525,1.514236602,134572.2348,1970,0.366839626,345964.266,30387.26398,0.183419813,22190,CBA
Mytilus_galloprovincialis-Mediterranean and Black Sea,Mytilus galloprovincialis,Mediterranean mussel,Mussels,Mediterranean and Black Sea,1.113060965,1.38077967,1.498700576,1.596898687,1.764367201,0.164697782,1.484214799,134572.2348,1971,0.366839626,345964.266,30387.26398,0.183419813,26655,CBA
Mytilus_galloprovincialis-Mediterranean and Black Sea,Mytilus galloprovincialis,Mediterranean mussel,Mussels,Mediterranean and Black Sea,1.098732121,1.36412258,1.469427801,1.57650769,1.744309209,0.163878696,1.461172773,134572.2348,1972,0.366839626,345964.266,30387.26398,0.183419813,26836,CBA
Mytilus_galloprovincialis-Mediterranean and Black Sea,Mytilus galloprovincialis,Mediterranean mussel,Mussels,Mediterranean and Black Sea,1.124998825,1.369834334,1.482511641,1.586829298,1.756217259,0.16314901,1.471197819,134572.2348,1973,0.366839626,345964.266,30387.26398,0.183419813,21562,CBA
Mytilus_galloprovincialis-Mediterranean and Black Sea,Mytilus galloprovincialis,Mediterranean mussel,Mussels,Mediterranean and Black Sea,1.156849439,1.428381626,1.531999866,1.64325994,1.81588995,0.164720306,1.526312598,134572.2348,1974,0.366839626,345964.266,30387.26398,0.183419813,14010,CBA
Mytilus_galloprovincialis-Mediterranean and Black Sea,Mytilus galloprovincialis,Mediterranean mussel,Mussels,Mediterranean and Black Sea,1.207321003,1.463375201,1.577000937,1.680630399,1.844757698,0.162404947,1.562666596,134572.2348,1975,0.366839626,345964.266,30387.26398,0.183419813,14474,CBA
Mytilus_galloprovincialis-Mediterranean and Black Sea,Mytilus galloprovincialis,Mediterranean mussel,Mussels,Mediterranean and Black Sea,1.245272951,1.495848464,1.601333377,1.695543699,1.854585934,0.155696958,1.587999931,134572.2348,1976,0.366839626,345964.266,30387.26398,0.183419813,15489,CBA
Mytilus_galloprovincialis-Mediterranean and Black Sea,Mytilus galloprovincialis,Mediterranean mussel,Mussels,Mediterranean and Black Sea,1.284198185,1.527788469,1.639315667,1.722059985,1.884174023,0.153933784,1.621560868,134572.2348,1977,0.366839626,345964.266,30387.26398,0.183419813,13469,CBA
Mytilus_galloprovincialis-Mediterranean and Black Sea,Mytilus galloprovincialis,Mediterranean mussel,Mussels,Mediterranean and Black Sea,1.336066933,1.543981318,1.655574175,1.751679843,1.904143189,0.15024587,1.644510589,134572.2348,1978,0.366839626,345964.266,30387.26398,0.183419813,13594,CBA
Mytilus_galloprovincialis-Mediterranean and Black Sea,Mytilus galloprovincialis,Mediterranean mussel,Mussels,Mediterranean and Black Sea,1.30189066,1.525086809,1.629094483,1.72575457,1.867508428,0.145091666,1.619304288,134572.2348,1979,0.366839626,345964.266,30387.26398,0.183419813,20722,CBA
Mytilus_galloprovincialis-Mediterranean and Black Sea,Mytilus galloprovincialis,Mediterranean mussel,Mussels,Mediterranean and Black Sea,1.30506966,1.495250511,1.59255097,1.677643424,1.837123362,0.13794887,1.583825757,134572.2348,1980,0.366839626,345964.266,30387.26398,0.183419813,24919,CBA
Mytilus_galloprovincialis-Mediterranean and Black Sea,Mytilus galloprovincialis,Mediterranean mussel,Mussels,Mediterranean and Black Sea,1.270632947,1.45946985,1.555116849,1.64327454,1.817653216,0.137749408,1.552334482,134572.2348,1981,0.366839626,345964.266,30387.26398,0.183419813,25586,CBA
Mytilus_galloprovincialis-Mediterranean and Black Sea,Mytilus galloprovincialis,Mediterranean mussel,Mussels,Mediterranean and Black Sea,1.239804276,1.421806539,1.506526811,1.602368437,1.768986329,0.135787689,1.511841269,134572.2348,1982,0.366839626,345964.266,30387.26398,0.183419813,28096,CBA
Mytilus_galloprovincialis-Mediterranean and Black Sea,Mytilus galloprovincialis,Mediterranean mussel,Mussels,Mediterranean and Black Sea,1.2331239,1.396847865,1.48870888,1.575251746,1.749036966,0.132614918,1.488845712,134572.2348,1983,0.366839626,345964.266,30387.26398,0.183419813,25649,CBA
Mytilus_galloprovincialis-Mediterranean and Black Sea,Mytilus galloprovincialis,Mediterranean mussel,Mussels,Mediterranean and Black Sea,1.24012936,1.421680953,1.512966487,1.598324716,1.771663156,0.134199273,1.507714222,134572.2348,1984,0.366839626,345964.266,30387.26398,0.183419813,19812,CBA
Mytilus_galloprovincialis-Mediterranean and Black Sea,Mytilus galloprovincialis,Mediterranean mussel,Mussels,Mediterranean and Black Sea,1.262668654,1.439370964,1.534311894,1.619330795,1.792554116,0.133611523,1.531825606,134572.2348,1985,0.366839626,345964.266,30387.26398,0.183419813,18755,CBA
Mytilus_galloprovincialis-Mediterranean and Black Sea,Mytilus galloprovincialis,Mediterranean mussel,Mussels,Mediterranean and Black Sea,1.289406452,1.457520957,1.542558466,1.637934367,1.808346314,0.1332176,1.546387421,134572.2348,1986,0.366839626,345964.266,30387.26398,0.183419813,19831,CBA
Mytilus_galloprovincialis-Mediterranean and Black Sea,Mytilus galloprovincialis,Mediterranean mussel,Mussels,Mediterranean and Black Sea,1.248493898,1.398778251,1.483426826,1.568610351,1.727582663,0.123814532,1.485060588,134572.2348,1987,0.366839626,345964.266,30387.26398,0.183419813,32127,CBA
Mytilus_galloprovincialis-Mediterranean and Black Sea,Mytilus galloprovincialis,Mediterranean mussel,Mussels,Mediterranean and Black Sea,1.222596959,1.368662879,1.454060725,1.54160002,1.704492347,0.125653723,1.454952896,134572.2348,1988,0.366839626,345964.266,30387.26398,0.183419813,28503,CBA
Mytilus_galloprovincialis-Mediterranean and Black Sea,Mytilus galloprovincialis,Mediterranean mussel,Mussels,Mediterranean and Black Sea,1.209765462,1.350580775,1.426984151,1.515632918,1.687593379,0.122449729,1.432502476,134572.2348,1989,0.366839626,345964.266,30387.26398,0.183419813,28475,CBA
Mytilus_galloprovincialis-Mediterranean and Black Sea,Mytilus galloprovincialis,Mediterranean mussel,Mussels,Mediterranean and Black Sea,1.183263149,1.331496468,1.40430889,1.489755633,1.661548741,0.122336616,1.41301779,134572.2348,1990,0.366839626,345964.266,30387.26398,0.183419813,28929,CBA
Mytilus_galloprovincialis-Mediterranean and Black Sea,Mytilus galloprovincialis,Mediterranean mussel,Mussels,Mediterranean and Black Sea,1.150829942,1.289921231,1.371675884,1.45061772,1.601493241,0.117280941,1.371988405,134572.2348,1991,0.366839626,345964.266,30387.26398,0.183419813,32804,CBA
Mytilus_galloprovincialis-Mediterranean and Black Sea,Mytilus galloprovincialis,Mediterranean mussel,Mussels,Mediterranean and Black Sea,1.09634823,1.227216345,1.299736727,1.385038029,1.522364794,0.113470006,1.304159706,134572.2348,1992,0.366839626,345964.266,30387.26398,0.183419813,38716,CBA
Mytilus_galloprovincialis-Mediterranean and Black Sea,Mytilus galloprovincialis,Mediterranean mussel,Mussels,Mediterranean and Black Sea,1.034894975,1.165187736,1.233674459,1.313611311,1.461738276,0.111116272,1.240097956,134572.2348,1993,0.366839626,345964.266,30387.26398,0.183419813,39050,CBA
Mytilus_galloprovincialis-Mediterranean and Black Sea,Mytilus galloprovincialis,Mediterranean mussel,Mussels,Mediterranean and Black Sea,1.029238666,1.140955114,1.205134481,1.278260568,1.432354042,0.10684573,1.212462417,134572.2348,1994,0.366839626,345964.266,30387.26398,0.183419813,34032,CBA
Mytilus_galloprovincialis-Mediterranean and Black Sea,Mytilus galloprovincialis,Mediterranean mussel,Mussels,Mediterranean and Black Sea,0.976576963,1.081909553,1.142825074,1.211928363,1.34893682,0.096326842,1.148646887,134572.2348,1995,0.366839626,345964.266,30387.26398,0.183419813,40764,CBA
Mytilus_galloprovincialis-Mediterranean and Black Sea,Mytilus galloprovincialis,Mediterranean mussel,Mussels,Mediterranean and Black Sea,0.931652767,1.030167215,1.088118579,1.154826449,1.29008972,0.091542755,1.0940816,134572.2348,1996,0.366839626,345964.266,30387.26398,0.183419813,39046,CBA
Mytilus_galloprovincialis-Mediterranean and Black Sea,Mytilus galloprovincialis,Mediterranean mussel,Mussels,Mediterranean and Black Sea,0.818813084,0.905049001,0.952343223,1.009757501,1.119687841,0.076817906,0.956912574,134572.2348,1997,0.366839626,345964.266,30387.26398,0.183419813,53310,CBA
Mytilus_galloprovincialis-Mediterranean and Black Sea,Mytilus galloprovincialis,Mediterranean mussel,Mussels,Mediterranean and Black Sea,0.779992248,0.855936283,0.902311025,0.952096751,1.052160132,0.071487579,0.906865682,134572.2348,1998,0.366839626,345964.266,30387.26398,0.183419813,38899,CBA
Mytilus_galloprovincialis-Mediterranean and Black Sea,Mytilus galloprovincialis,Mediterranean mussel,Mussels,Mediterranean and Black Sea,0.709264289,0.776301608,0.823467111,0.861462128,0.954309892,0.064012951,0.823395068,134572.2348,1999,0.366839626,345964.266,30387.26398,0.183419813,44453,CBA
Mytilus_galloprovincialis-Mediterranean and Black Sea,Mytilus galloprovincialis,Mediterranean mussel,Mussels,Mediterranean and Black Sea,0.623202936,0.683922897,0.719925364,0.760155898,0.841184048,0.056289114,0.723434098,134572.2348,2000,0.366839626,345964.266,30387.26398,0.183419813,46083,CBA
Mytilus_galloprovincialis-Mediterranean and Black Sea,Mytilus galloprovincialis,Mediterranean mussel,Mussels,Mediterranean and Black Sea,0.531831438,0.580607143,0.61250127,0.646397807,0.715121995,0.048411906,0.615958569,134572.2348,2001,0.366839626,345964.266,30387.26398,0.183419813,46060,CBA
Mytilus_galloprovincialis-Mediterranean and Black Sea,Mytilus galloprovincialis,Mediterranean mussel,Mussels,Mediterranean and Black Sea,0.402157969,0.438386818,0.461593875,0.486467694,0.537433543,0.035028241,0.464220986,134572.2348,2002,0.366839626,345964.266,30387.26398,0.183419813,51452,CBA
Mytilus_galloprovincialis-Mediterranean and Black Sea,Mytilus galloprovincialis,Mediterranean mussel,Mussels,Mediterranean and Black Sea,0.250886082,0.275065405,0.289179355,0.304194741,0.335099025,0.021397323,0.290028002,134572.2348,2003,0.366839626,345964.266,30387.26398,0.183419813,51044,CBA
Mytilus_galloprovincialis-Mediterranean and Black Sea,Mytilus galloprovincialis,Mediterranean mussel,Mussels,Mediterranean and Black Sea,0.109428044,0.121270981,0.129822907,0.144544925,0.186503697,0.019924662,0.135141183,134572.2348,2004,0.366839626,345964.266,30387.26398,0.183419813,41264,CBA
Mytilus_galloprovincialis-Mediterranean and Black Sea,Mytilus galloprovincialis,Mediterranean mussel,Mussels,Mediterranean and Black Sea,0.075507181,0.086555114,0.098351718,0.116583395,0.167719892,0.024035136,0.104608701,134572.2348,2005,0.366839626,345964.266,30387.26398,0.183419813,12638,CBA
Mytilus_galloprovincialis-Mediterranean and Black Sea,Mytilus galloprovincialis,Mediterranean mussel,Mussels,Mediterranean and Black Sea,0.042003435,0.058415135,0.074143484,0.097802135,0.155154651,0.030611009,0.081657368,134572.2348,2006,0.366839626,345964.266,30387.26398,0.183419813,9702,CBA
Mytilus_galloprovincialis-Mediterranean and Black Sea,Mytilus galloprovincialis,Mediterranean mussel,Mussels,Mediterranean and Black Sea,0.044932975,0.064164759,0.084010159,0.114892933,0.179440749,0.036821422,0.092606263,134572.2348,2007,0.366839626,345964.266,30387.26398,0.183419813,2603,CBA
Mytilus_galloprovincialis-Mediterranean and Black Sea,Mytilus galloprovincialis,Mediterranean mussel,Mussels,Mediterranean and Black Sea,0.060570361,0.081494066,0.105076789,0.141582607,0.221535852,0.043026084,0.115717755,134572.2348,2008,0.366839626,345964.266,30387.26398,0.183419813,1109,CBA
Mytilus_galloprovincialis-Mediterranean and Black Sea,Mytilus galloprovincialis,Mediterranean mussel,Mussels,Mediterranean and Black Sea,0.033076499,0.06235227,0.094030342,0.140947536,0.233083275,0.054122597,0.105433908,134572.2348,2009,0.366839626,345964.266,30387.26398,0.183419813,8022,CBA
Mytilus_galloprovincialis-Mediterranean and Black Sea,Mytilus galloprovincialis,Mediterranean mussel,Mussels,Mediterranean and Black Sea,0.033515996,0.074090633,0.114480031,0.171587386,0.277058603,0.066899252,0.126687775,134572.2348,2010,0.366839626,345964.266,30387.26398,0.183419813,2012,CBA
Mytilus_galloprovincialis-Mediterranean and Black Sea,Mytilus galloprovincialis,Mediterranean mussel,Mussels,Mediterranean and Black Sea,0.033444823,0.086057203,0.140709319,0.210315379,0.327408383,0.081931027,0.152104372,134572.2348,2011,0.366839626,345964.266,30387.26398,0.183419813,2315,CBA
Mytilus_galloprovincialis-Mediterranean and Black Sea,Mytilus galloprovincialis,Mediterranean mussel,Mussels,Mediterranean and Black Sea,0.029189257,0.101630693,0.170797983,0.254628378,0.393081816,0.101034536,0.182583655,134572.2348,2012,0.366839626,345964.266,30387.26398,0.183419813,2722,CBA
Mytilus_galloprovincialis-Mediterranean and Black Sea,Mytilus galloprovincialis,Mediterranean mussel,Mussels,Mediterranean and Black Sea,0.030084039,0.124829684,0.221019751,0.319892831,0.473027326,0.1227251,0.228066901,134572.2348,2013,0.366839626,345964.266,30387.26398,0.183419813,1592,CBA
Mytilus_galloprovincialis-Mediterranean and Black Sea,Mytilus galloprovincialis,Mediterranean mussel,Mussels,Mediterranean and Black Sea,0.035215607,0.165289324,0.284630901,0.406279975,0.562019506,0.148580771,0.288434043,134572.2348,2014,0.366839626,345964.266,30387.26398,0.183419813,1098,CBA
Mytilus_galloprovincialis-Mediterranean and Black Sea,Mytilus galloprovincialis,Mediterranean mussel,Mussels,Mediterranean and Black Sea,0.040171806,0.21212155,0.375273799,0.516514183,0.661126622,0.18047497,0.363985353,134572.2348,2015,0.366839626,345964.266,30387.26398,0.183419813,1184,CBA
Mytilus_galloprovincialis-Mediterranean and Black Sea,Mytilus galloprovincialis,Mediterranean mussel,Mussels,Mediterranean and Black Sea,0.049851018,0.279108012,0.475462911,0.643938361,0.782979296,0.218242257,0.456595823,134572.2348,2016,0.366839626,345964.266,30387.26398,0.183419813,1068,CBA
Mytilus_platensis-Atlantic_Southwest,Mytilus platensis,River Plata mussel,Mussels,Atlantic Southwest,NA,NA,NA,NA,NA,NA,NA,NA,NA,NA,NA,NA,NA,NA,CBA
Oncorhynchus_keta-Pacific_Northeast,Oncorhynchus keta,Chum(=Keta=Dog) salmon,"Salmons, trouts, smelts",Pacific Northeast,0.508265776,0.65425124,0.80863752,0.994615911,1.256767037,0.213315252,0.832965456,261578.7795,1950,0.433899699,609386.972,61202.67741,0.216949849,69800,Domestic
Oncorhynchus_keta-Pacific_Northeast,Oncorhynchus keta,Chum(=Keta=Dog) salmon,"Salmons, trouts, smelts",Pacific Northeast,0.482902552,0.637927414,0.807814587,1.004361982,1.283290248,0.228190123,0.831526925,261578.7795,1951,0.433899699,609386.972,61202.67741,0.216949849,58400,Domestic
Oncorhynchus_keta-Pacific_Northeast,Oncorhynchus keta,Chum(=Keta=Dog) salmon,"Salmons, trouts, smelts",Pacific Northeast,0.475239348,0.650736808,0.839111036,1.048867605,1.346664743,0.247541066,0.858359516,261578.7795,1952,0.433899699,609386.972,61202.67741,0.216949849,49600,Domestic
Oncorhynchus_keta-Pacific_Northeast,Oncorhynchus keta,Chum(=Keta=Dog) salmon,"Salmons, trouts, smelts",Pacific Northeast,0.451963319,0.646844419,0.855381598,1.07160057,1.381295583,0.264944005,0.869151475,261578.7795,1953,0.433899699,609386.972,61202.67741,0.216949849,54000,Domestic
Oncorhynchus_keta-Pacific_Northeast,Oncorhynchus keta,Chum(=Keta=Dog) salmon,"Salmons, trouts, smelts",Pacific Northeast,0.368869642,0.594092624,0.828225234,1.052125644,1.347939781,0.281052917,0.830325683,261578.7795,1954,0.433899699,609386.972,61202.67741,0.216949849,68300,Domestic
Oncorhynchus_keta-Pacific_Northeast,Oncorhynchus keta,Chum(=Keta=Dog) salmon,"Salmons, trouts, smelts",Pacific Northeast,0.414760845,0.68158643,0.943062118,1.190006025,1.532165113,0.317920173,0.945866975,261578.7795,1955,0.433899699,609386.972,61202.67741,0.216949849,23000,Domestic
Oncorhynchus_keta-Pacific_Northeast,Oncorhynchus keta,Chum(=Keta=Dog) salmon,"Salmons, trouts, smelts",Pacific Northeast,0.412773927,0.733227325,1.009899819,1.264013004,1.602798639,0.335576143,1.001394676,261578.7795,1956,0.433899699,609386.972,61202.67741,0.216949849,39700,Domestic
Oncorhynchus_keta-Pacific_Northeast,Oncorhynchus keta,Chum(=Keta=Dog) salmon,"Salmons, trouts, smelts",Pacific Northeast,0.397477515,0.769925203,1.061835928,1.317572013,1.639504821,0.348943891,1.042220566,261578.7795,1957,0.433899699,609386.972,61202.67741,0.216949849,43600,Domestic
Oncorhynchus_keta-Pacific_Northeast,Oncorhynchus keta,Chum(=Keta=Dog) salmon,"Salmons, trouts, smelts",Pacific Northeast,0.370467513,0.792635657,1.103396749,1.34440882,1.633988759,0.354033381,1.062666433,261578.7795,1958,0.433899699,609386.972,61202.67741,0.216949849,48100,Domestic
Oncorhynchus_keta-Pacific_Northeast,Oncorhynchus keta,Chum(=Keta=Dog) salmon,"Salmons, trouts, smelts",Pacific Northeast,0.396199282,0.88264309,1.205555571,1.451307798,1.736326846,0.371332377,1.153024165,261578.7795,1959,0.433899699,609386.972,61202.67741,0.216949849,27979,Domestic
Oncorhynchus_keta-Pacific_Northeast,Oncorhynchus keta,Chum(=Keta=Dog) salmon,"Salmons, trouts, smelts",Pacific Northeast,0.411457203,0.960014175,1.281159855,1.518209789,1.783259356,0.377021083,1.221451907,261578.7795,1960,0.433899699,609386.972,61202.67741,0.216949849,31795,Domestic
Oncorhynchus_keta-Pacific_Northeast,Oncorhynchus keta,Chum(=Keta=Dog) salmon,"Salmons, trouts, smelts",Pacific Northeast,0.447246009,1.051319055,1.369349501,1.582187354,1.810076579,0.37352856,1.28933764,261578.7795,1961,0.433899699,609386.972,61202.67741,0.216949849,28436,Domestic
Oncorhynchus_keta-Pacific_Northeast,Oncorhynchus keta,Chum(=Keta=Dog) salmon,"Salmons, trouts, smelts",Pacific Northeast,0.46578964,1.123164668,1.414218794,1.603295335,1.813393209,0.362930124,1.328284652,261578.7795,1962,0.433899699,609386.972,61202.67741,0.216949849,35573,Domestic
Oncorhynchus_keta-Pacific_Northeast,Oncorhynchus keta,Chum(=Keta=Dog) salmon,"Salmons, trouts, smelts",Pacific Northeast,0.515071796,1.206833541,1.491772131,1.662859963,1.867787652,0.355816602,1.398224767,261578.7795,1963,0.433899699,609386.972,61202.67741,0.216949849,24618,Domestic
Oncorhynchus_keta-Pacific_Northeast,Oncorhynchus keta,Chum(=Keta=Dog) salmon,"Salmons, trouts, smelts",Pacific Northeast,0.529256989,1.245963861,1.501198465,1.638460108,1.825531779,0.333934655,1.401353019,261578.7795,1964,0.433899699,609386.972,61202.67741,0.216949849,40666,Domestic
Oncorhynchus_keta-Pacific_Northeast,Oncorhynchus keta,Chum(=Keta=Dog) salmon,"Salmons, trouts, smelts",Pacific Northeast,0.608922973,1.351195,1.583936041,1.722980548,1.908379341,0.329022454,1.493250224,261578.7795,1965,0.433899699,609386.972,61202.67741,0.216949849,17182,Domestic
Oncorhynchus_keta-Pacific_Northeast,Oncorhynchus keta,Chum(=Keta=Dog) salmon,"Salmons, trouts, smelts",Pacific Northeast,0.658808245,1.394687189,1.591952633,1.714274583,1.884021804,0.303988359,1.508143719,261578.7795,1966,0.433899699,609386.972,61202.67741,0.216949849,32631,Domestic
Oncorhynchus_keta-Pacific_Northeast,Oncorhynchus keta,Chum(=Keta=Dog) salmon,"Salmons, trouts, smelts",Pacific Northeast,0.746731849,1.465174225,1.640047061,1.759309957,1.919196494,0.28906575,1.566319378,261578.7795,1967,0.433899699,609386.972,61202.67741,0.216949849,21130,Domestic
Oncorhynchus_keta-Pacific_Northeast,Oncorhynchus keta,Chum(=Keta=Dog) salmon,"Salmons, trouts, smelts",Pacific Northeast,0.775370617,1.454277495,1.596417726,1.699399871,1.863685634,0.260678822,1.531945084,261578.7795,1968,0.433899699,609386.972,61202.67741,0.216949849,44481,Domestic
Oncorhynchus_keta-Pacific_Northeast,Oncorhynchus keta,Chum(=Keta=Dog) salmon,"Salmons, trouts, smelts",Pacific Northeast,0.878708143,1.524560065,1.664089835,1.763165259,1.924428253,0.250073995,1.604607597,261578.7795,1969,0.433899699,609386.972,61202.67741,0.216949849,17355,Domestic
Oncorhynchus_keta-Pacific_Northeast,Oncorhynchus keta,Chum(=Keta=Dog) salmon,"Salmons, trouts, smelts",Pacific Northeast,0.915328841,1.503657822,1.616601346,1.711860116,1.875080076,0.225440808,1.571987659,261578.7795,1970,0.433899699,609386.972,61202.67741,0.216949849,42800,Domestic
Oncorhynchus_keta-Pacific_Northeast,Oncorhynchus keta,Chum(=Keta=Dog) salmon,"Salmons, trouts, smelts",Pacific Northeast,0.978422386,1.517170356,1.63559315,1.734130614,1.881202332,0.214400321,1.596485146,261578.7795,1971,0.433899699,609386.972,61202.67741,0.216949849,31000,Domestic
Oncorhynchus_keta-Pacific_Northeast,Oncorhynchus keta,Chum(=Keta=Dog) salmon,"Salmons, trouts, smelts",Pacific Northeast,0.955760968,1.425186977,1.526255178,1.613745044,1.774522268,0.189783126,1.49832385,261578.7795,1972,0.433899699,609386.972,61202.67741,0.216949849,63900,Domestic
Oncorhynchus_keta-Pacific_Northeast,Oncorhynchus keta,Chum(=Keta=Dog) salmon,"Salmons, trouts, smelts",Pacific Northeast,0.949886834,1.383553562,1.476986047,1.567309906,1.740056435,0.181884232,1.456693402,261578.7795,1973,0.433899699,609386.972,61202.67741,0.216949849,56600,Domestic
Oncorhynchus_keta-Pacific_Northeast,Oncorhynchus keta,Chum(=Keta=Dog) salmon,"Salmons, trouts, smelts",Pacific Northeast,1.029342595,1.432696002,1.534739619,1.628250103,1.789462041,0.185456596,1.51156718,261578.7795,1974,0.433899699,609386.972,61202.67741,0.216949849,31706,Domestic
Oncorhynchus_keta-Pacific_Northeast,Oncorhynchus keta,Chum(=Keta=Dog) salmon,"Salmons, trouts, smelts",Pacific Northeast,1.123499108,1.503521291,1.616021777,1.712325803,1.880422067,0.18683037,1.591979749,261578.7795,1975,0.433899699,609386.972,61202.67741,0.216949849,20385,Domestic
Oncorhynchus_keta-Pacific_Northeast,Oncorhynchus keta,Chum(=Keta=Dog) salmon,"Salmons, trouts, smelts",Pacific Northeast,1.178047837,1.512168213,1.609673386,1.703284196,1.8641427,0.171899856,1.592538617,261578.7795,1976,0.433899699,609386.972,61202.67741,0.216949849,36693,Domestic
Oncorhynchus_keta-Pacific_Northeast,Oncorhynchus keta,Chum(=Keta=Dog) salmon,"Salmons, trouts, smelts",Pacific Northeast,1.241127742,1.531546344,1.627623834,1.714630371,1.873243999,0.162865877,1.610500013,261578.7795,1977,0.433899699,609386.972,61202.67741,0.216949849,32068,Domestic
Oncorhynchus_keta-Pacific_Northeast,Oncorhynchus keta,Chum(=Keta=Dog) salmon,"Salmons, trouts, smelts",Pacific Northeast,1.264269475,1.524183976,1.618443784,1.700872915,1.856890451,0.15301,1.603616516,261578.7795,1978,0.433899699,609386.972,61202.67741,0.216949849,38755,Domestic
Oncorhynchus_keta-Pacific_Northeast,Oncorhynchus keta,Chum(=Keta=Dog) salmon,"Salmons, trouts, smelts",Pacific Northeast,1.316401803,1.565890476,1.661296425,1.750764975,1.900210318,0.151382598,1.648619612,261578.7795,1979,0.433899699,609386.972,61202.67741,0.216949849,25519,Domestic
Oncorhynchus_keta-Pacific_Northeast,Oncorhynchus keta,Chum(=Keta=Dog) salmon,"Salmons, trouts, smelts",Pacific Northeast,1.278435077,1.495969602,1.579713308,1.661529961,1.817586689,0.137494065,1.574267593,261578.7795,1980,0.433899699,609386.972,61202.67741,0.216949849,55327,Domestic
Oncorhynchus_keta-Pacific_Northeast,Oncorhynchus keta,Chum(=Keta=Dog) salmon,"Salmons, trouts, smelts",Pacific Northeast,1.275401656,1.461602698,1.542212589,1.624658254,1.785503897,0.131581098,1.540462468,261578.7795,1981,0.433899699,609386.972,61202.67741,0.216949849,51009,Domestic
Oncorhynchus_keta-Pacific_Northeast,Oncorhynchus keta,Chum(=Keta=Dog) salmon,"Salmons, trouts, smelts",Pacific Northeast,1.239506842,1.416317852,1.498776112,1.578919689,1.751094253,0.129278091,1.49668457,261578.7795,1982,0.433899699,609386.972,61202.67741,0.216949849,56832,Domestic
Oncorhynchus_keta-Pacific_Northeast,Oncorhynchus keta,Chum(=Keta=Dog) salmon,"Salmons, trouts, smelts",Pacific Northeast,1.253481754,1.435579338,1.520818261,1.598657593,1.772287286,0.129364079,1.516340974,261578.7795,1983,0.433899699,609386.972,61202.67741,0.216949849,41150,Domestic
Oncorhynchus_keta-Pacific_Northeast,Oncorhynchus keta,Chum(=Keta=Dog) salmon,"Salmons, trouts, smelts",Pacific Northeast,1.209947748,1.380208377,1.464482648,1.545123492,1.716475938,0.126585056,1.462600128,261578.7795,1984,0.433899699,609386.972,61202.67741,0.216949849,60414,Domestic
Oncorhynchus_keta-Pacific_Northeast,Oncorhynchus keta,Chum(=Keta=Dog) salmon,"Salmons, trouts, smelts",Pacific Northeast,1.166221164,1.325997645,1.40496963,1.48455269,1.655160467,0.125066092,1.405864816,261578.7795,1985,0.433899699,609386.972,61202.67741,0.216949849,65603,Domestic
Oncorhynchus_keta-Pacific_Northeast,Oncorhynchus keta,Chum(=Keta=Dog) salmon,"Salmons, trouts, smelts",Pacific Northeast,1.123220617,1.287067597,1.363244181,1.440599449,1.615474064,0.122978491,1.365660927,261578.7795,1986,0.433899699,609386.972,61202.67741,0.216949849,64136,Domestic
Oncorhynchus_keta-Pacific_Northeast,Oncorhynchus keta,Chum(=Keta=Dog) salmon,"Salmons, trouts, smelts",Pacific Northeast,1.146439641,1.302475239,1.381740459,1.465025392,1.62897397,0.123705968,1.383846422,261578.7795,1987,0.433899699,609386.972,61202.67741,0.216949849,49336,Domestic
Oncorhynchus_keta-Pacific_Northeast,Oncorhynchus keta,Chum(=Keta=Dog) salmon,"Salmons, trouts, smelts",Pacific Northeast,1.033189569,1.171381305,1.249808362,1.332611607,1.510840737,0.120780299,1.254813579,261578.7795,1988,0.433899699,609386.972,61202.67741,0.216949849,89957,Domestic
Oncorhynchus_keta-Pacific_Northeast,Oncorhynchus keta,Chum(=Keta=Dog) salmon,"Salmons, trouts, smelts",Pacific Northeast,1.083073652,1.232541038,1.318642927,1.398452328,1.571977679,0.123774553,1.319105726,261578.7795,1989,0.433899699,609386.972,61202.67741,0.216949849,39966,Domestic
Oncorhynchus_keta-Pacific_Northeast,Oncorhynchus keta,Chum(=Keta=Dog) salmon,"Salmons, trouts, smelts",Pacific Northeast,1.10305925,1.256476417,1.340851303,1.430060357,1.604872413,0.126224842,1.344114463,261578.7795,1990,0.433899699,609386.972,61202.67741,0.216949849,49023,Domestic
Oncorhynchus_keta-Pacific_Northeast,Oncorhynchus keta,Chum(=Keta=Dog) salmon,"Salmons, trouts, smelts",Pacific Northeast,1.14814075,1.305300559,1.389810316,1.480492244,1.653661434,0.129265801,1.393745515,261578.7795,1991,0.433899699,609386.972,61202.67741,0.216949849,41295,Domestic
Oncorhynchus_keta-Pacific_Northeast,Oncorhynchus keta,Chum(=Keta=Dog) salmon,"Salmons, trouts, smelts",Pacific Northeast,1.14426178,1.300030876,1.380142729,1.466177612,1.635243438,0.123279838,1.382610781,261578.7795,1992,0.433899699,609386.972,61202.67741,0.216949849,56265,Domestic
Oncorhynchus_keta-Pacific_Northeast,Oncorhynchus keta,Chum(=Keta=Dog) salmon,"Salmons, trouts, smelts",Pacific Northeast,1.142948315,1.291770291,1.367331998,1.447954536,1.602077795,0.11739697,1.368587689,261578.7795,1993,0.433899699,609386.972,61202.67741,0.216949849,57518,Domestic
Oncorhynchus_keta-Pacific_Northeast,Oncorhynchus keta,Chum(=Keta=Dog) salmon,"Salmons, trouts, smelts",Pacific Northeast,1.08141765,1.21308913,1.277398609,1.346654143,1.491936968,0.104188317,1.281260283,261578.7795,1994,0.433899699,609386.972,61202.67741,0.216949849,79223,Domestic
Oncorhynchus_keta-Pacific_Northeast,Oncorhynchus keta,Chum(=Keta=Dog) salmon,"Salmons, trouts, smelts",Pacific Northeast,0.832368681,0.940456776,1.006560619,1.079390282,1.243545127,0.105056086,1.014980202,261578.7795,1995,0.433899699,609386.972,61202.67741,0.216949849,133678,Domestic
Oncorhynchus_keta-Pacific_Northeast,Oncorhynchus keta,Chum(=Keta=Dog) salmon,"Salmons, trouts, smelts",Pacific Northeast,0.738080594,0.852351612,0.919952816,0.997238475,1.163858692,0.107838584,0.927506946,261578.7795,1996,0.433899699,609386.972,61202.67741,0.216949849,86864,Domestic
Oncorhynchus_keta-Pacific_Northeast,Oncorhynchus keta,Chum(=Keta=Dog) salmon,"Salmons, trouts, smelts",Pacific Northeast,0.775987999,0.8794837,0.941729687,1.01688336,1.170890736,0.101678173,0.95131785,261578.7795,1997,0.433899699,609386.972,61202.67741,0.216949849,54741,Domestic
Oncorhynchus_keta-Pacific_Northeast,Oncorhynchus keta,Chum(=Keta=Dog) salmon,"Salmons, trouts, smelts",Pacific Northeast,0.714173503,0.817282395,0.884237622,0.957007122,1.114410926,0.102890345,0.891813454,261578.7795,1998,0.433899699,609386.972,61202.67741,0.216949849,78316,Domestic
Oncorhynchus_keta-Pacific_Northeast,Oncorhynchus keta,Chum(=Keta=Dog) salmon,"Salmons, trouts, smelts",Pacific Northeast,0.683626167,0.784973159,0.849226349,0.922516624,1.086607417,0.103594789,0.858672589,261578.7795,1999,0.433899699,609386.972,61202.67741,0.216949849,69907,Domestic
Oncorhynchus_keta-Pacific_Northeast,Oncorhynchus keta,Chum(=Keta=Dog) salmon,"Salmons, trouts, smelts",Pacific Northeast,0.618332518,0.726416467,0.78859541,0.869501553,1.028120145,0.106652768,0.799713113,261578.7795,2000,0.433899699,609386.972,61202.67741,0.216949849,76357,Domestic
Oncorhynchus_keta-Pacific_Northeast,Oncorhynchus keta,Chum(=Keta=Dog) salmon,"Salmons, trouts, smelts",Pacific Northeast,0.619712657,0.722895068,0.788048273,0.865560393,1.026305065,0.105208018,0.798596858,261578.7795,2001,0.433899699,609386.972,61202.67741,0.216949849,58232,Domestic
Oncorhynchus_keta-Pacific_Northeast,Oncorhynchus keta,Chum(=Keta=Dog) salmon,"Salmons, trouts, smelts",Pacific Northeast,0.601053494,0.703979977,0.768876721,0.846482636,1.009403458,0.105253411,0.780319979,261578.7795,2002,0.433899699,609386.972,61202.67741,0.216949849,62974,Domestic
Oncorhynchus_keta-Pacific_Northeast,Oncorhynchus keta,Chum(=Keta=Dog) salmon,"Salmons, trouts, smelts",Pacific Northeast,0.609469601,0.706316897,0.769090456,0.848620362,1.008895353,0.103166734,0.781385349,261578.7795,2003,0.433899699,609386.972,61202.67741,0.216949849,56955,Domestic
Oncorhynchus_keta-Pacific_Northeast,Oncorhynchus keta,Chum(=Keta=Dog) salmon,"Salmons, trouts, smelts",Pacific Northeast,0.582180563,0.67985405,0.743219971,0.819669867,0.985137833,0.103674896,0.754958482,261578.7795,2004,0.433899699,609386.972,61202.67741,0.216949849,64638,Domestic
Oncorhynchus_keta-Pacific_Northeast,Oncorhynchus keta,Chum(=Keta=Dog) salmon,"Salmons, trouts, smelts",Pacific Northeast,0.621612745,0.716596168,0.777588879,0.85058248,1.009488589,0.099651402,0.788548701,261578.7795,2005,0.433899699,609386.972,61202.67741,0.216949849,46553,Domestic
Oncorhynchus_keta-Pacific_Northeast,Oncorhynchus keta,Chum(=Keta=Dog) salmon,"Salmons, trouts, smelts",Pacific Northeast,0.550835615,0.643074154,0.703927857,0.781123003,0.942130856,0.102353021,0.716803653,261578.7795,2006,0.433899699,609386.972,61202.67741,0.216949849,78098,Domestic
Oncorhynchus_keta-Pacific_Northeast,Oncorhynchus keta,Chum(=Keta=Dog) salmon,"Salmons, trouts, smelts",Pacific Northeast,0.551750213,0.643739367,0.705798371,0.784811434,0.944418457,0.10370362,0.718747022,261578.7795,2007,0.433899699,609386.972,61202.67741,0.216949849,54408,Domestic
Oncorhynchus_keta-Pacific_Northeast,Oncorhynchus keta,Chum(=Keta=Dog) salmon,"Salmons, trouts, smelts",Pacific Northeast,0.537943733,0.629511668,0.69733216,0.778567694,0.945042045,0.10702091,0.709556928,261578.7795,2008,0.433899699,609386.972,61202.67741,0.216949849,57924,Domestic
Oncorhynchus_keta-Pacific_Northeast,Oncorhynchus keta,Chum(=Keta=Dog) salmon,"Salmons, trouts, smelts",Pacific Northeast,0.533544549,0.628452653,0.699951238,0.782572838,0.95136554,0.110146008,0.711080722,261578.7795,2009,0.433899699,609386.972,61202.67741,0.216949849,54220,Domestic
Oncorhynchus_keta-Pacific_Northeast,Oncorhynchus keta,Chum(=Keta=Dog) salmon,"Salmons, trouts, smelts",Pacific Northeast,0.521031671,0.626861524,0.709908729,0.794194754,0.953440316,0.114204228,0.714654048,261578.7795,2010,0.433899699,609386.972,61202.67741,0.216949849,53689,Domestic
Oncorhynchus_keta-Pacific_Northeast,Oncorhynchus keta,Chum(=Keta=Dog) salmon,"Salmons, trouts, smelts",Pacific Northeast,0.50608883,0.628181926,0.72185028,0.80733406,0.956640693,0.120322869,0.720737204,261578.7795,2011,0.433899699,609386.972,61202.67741,0.216949849,53012,Domestic
Oncorhynchus_keta-Pacific_Northeast,Oncorhynchus keta,Chum(=Keta=Dog) salmon,"Salmons, trouts, smelts",Pacific Northeast,0.42588129,0.560263297,0.666142154,0.758378267,0.905063991,0.128290066,0.661713782,261578.7795,2012,0.433899699,609386.972,61202.67741,0.216949849,72065,Domestic
Oncorhynchus_keta-Pacific_Northeast,Oncorhynchus keta,Chum(=Keta=Dog) salmon,"Salmons, trouts, smelts",Pacific Northeast,0.337552025,0.477683154,0.602316151,0.698977493,0.841949154,0.140727395,0.590978205,261578.7795,2013,0.433899699,609386.972,61202.67741,0.216949849,73162,Domestic
Oncorhynchus_keta-Pacific_Northeast,Oncorhynchus keta,Chum(=Keta=Dog) salmon,"Salmons, trouts, smelts",Pacific Northeast,0.306529016,0.478444518,0.63027126,0.741515056,0.864554078,0.160546741,0.609030196,261578.7795,2014,0.433899699,609386.972,61202.67741,0.216949849,43836,Domestic
Oncorhynchus_keta-Pacific_Northeast,Oncorhynchus keta,Chum(=Keta=Dog) salmon,"Salmons, trouts, smelts",Pacific Northeast,0.194628013,0.399331241,0.581908616,0.707257224,0.817035165,0.184570266,0.54906325,261578.7795,2015,0.433899699,609386.972,61202.67741,0.216949849,67111,Domestic
Oncorhynchus_keta-Pacific_Northeast,Oncorhynchus keta,Chum(=Keta=Dog) salmon,"Salmons, trouts, smelts",Pacific Northeast,0.058669203,0.326634733,0.54123856,0.692640124,0.789240883,0.219497899,0.500066695,261578.7795,2016,0.433899699,609386.972,61202.67741,0.216949849,60331,Domestic
Oncorhynchus_keta-Pacific_Northwest,Oncorhynchus keta,Chum(=Keta=Dog) salmon,"Salmons, trouts, smelts",Pacific Northwest,0.420478971,0.56538937,0.749366381,1.031818803,1.507569138,0.309985171,0.822006991,516708.4926,1950,0.656610647,1622843.449,233624.0896,0.328305324,68500,Domestic
Oncorhynchus_keta-Pacific_Northwest,Oncorhynchus keta,Chum(=Keta=Dog) salmon,"Salmons, trouts, smelts",Pacific Northwest,0.456469284,0.68681047,0.924282208,1.244342164,1.684041589,0.350305894,0.976468688,516708.4926,1951,0.656610647,1622843.449,233624.0896,0.328305324,96500,Domestic
Oncorhynchus_keta-Pacific_Northwest,Oncorhynchus keta,Chum(=Keta=Dog) salmon,"Salmons, trouts, smelts",Pacific Northwest,0.529376465,0.859999701,1.169092931,1.488738238,1.842622615,0.380074236,1.175101859,516708.4926,1952,0.656610647,1622843.449,233624.0896,0.328305324,63200,Domestic
Oncorhynchus_keta-Pacific_Northwest,Oncorhynchus keta,Chum(=Keta=Dog) salmon,"Salmons, trouts, smelts",Pacific Northwest,0.625949269,1.061898826,1.426773538,1.701457754,1.939398682,0.385160817,1.371466201,516708.4926,1953,0.656610647,1622843.449,233624.0896,0.328305324,44800,Domestic
Oncorhynchus_keta-Pacific_Northwest,Oncorhynchus keta,Chum(=Keta=Dog) salmon,"Salmons, trouts, smelts",Pacific Northwest,0.701978145,1.22540775,1.573408789,1.756693042,1.931056045,0.350477004,1.473545067,516708.4926,1954,0.656610647,1622843.449,233624.0896,0.328305324,78200,Domestic
Oncorhynchus_keta-Pacific_Northwest,Oncorhynchus keta,Chum(=Keta=Dog) salmon,"Salmons, trouts, smelts",Pacific Northwest,0.759995946,1.326554817,1.601524448,1.719248139,1.883259706,0.304148898,1.498142892,516708.4926,1955,0.656610647,1622843.449,233624.0896,0.328305324,119100,Domestic
Oncorhynchus_keta-Pacific_Northwest,Oncorhynchus keta,Chum(=Keta=Dog) salmon,"Salmons, trouts, smelts",Pacific Northwest,0.814433096,1.407629782,1.618120139,1.720908999,1.878726323,0.275747015,1.531158727,516708.4926,1956,0.656610647,1622843.449,233624.0896,0.328305324,117800,Domestic
Oncorhynchus_keta-Pacific_Northwest,Oncorhynchus keta,Chum(=Keta=Dog) salmon,"Salmons, trouts, smelts",Pacific Northwest,0.905957162,1.509971484,1.687619279,1.786912122,1.932104355,0.261392032,1.610473374,516708.4926,1957,0.656610647,1622843.449,233624.0896,0.328305324,79800,Domestic
Oncorhynchus_keta-Pacific_Northwest,Oncorhynchus keta,Chum(=Keta=Dog) salmon,"Salmons, trouts, smelts",Pacific Northwest,1.002283175,1.576849741,1.718076339,1.809679047,1.947794652,0.235638748,1.655448569,516708.4926,1958,0.656610647,1622843.449,233624.0896,0.328305324,82200,Domestic
Oncorhynchus_keta-Pacific_Northwest,Oncorhynchus keta,Chum(=Keta=Dog) salmon,"Salmons, trouts, smelts",Pacific Northwest,1.091070774,1.618779052,1.736031658,1.820228511,1.948739877,0.209963243,1.685219282,516708.4926,1959,0.656610647,1622843.449,233624.0896,0.328305324,83400,Domestic
Oncorhynchus_keta-Pacific_Northwest,Oncorhynchus keta,Chum(=Keta=Dog) salmon,"Salmons, trouts, smelts",Pacific Northwest,1.176459631,1.639709074,1.742500534,1.821494807,1.949759857,0.187466167,1.702642425,516708.4926,1960,0.656610647,1622843.449,233624.0896,0.328305324,87500,Domestic
Oncorhynchus_keta-Pacific_Northwest,Oncorhynchus keta,Chum(=Keta=Dog) salmon,"Salmons, trouts, smelts",Pacific Northwest,1.260051012,1.665698055,1.759221379,1.835099835,1.958219433,0.170079576,1.727513318,516708.4926,1961,0.656610647,1622843.449,233624.0896,0.328305324,78700,Domestic
Oncorhynchus_keta-Pacific_Northwest,Oncorhynchus keta,Chum(=Keta=Dog) salmon,"Salmons, trouts, smelts",Pacific Northwest,1.331073535,1.68770916,1.773314594,1.851069799,1.967214382,0.155228913,1.75000834,516708.4926,1962,0.656610647,1622843.449,233624.0896,0.328305324,72900,Domestic
Oncorhynchus_keta-Pacific_Northwest,Oncorhynchus keta,Chum(=Keta=Dog) salmon,"Salmons, trouts, smelts",Pacific Northwest,1.397829548,1.690839689,1.772622047,1.84567129,1.960031296,0.14089922,1.753430785,516708.4926,1963,0.656610647,1622843.449,233624.0896,0.328305324,80100,Domestic
Oncorhynchus_keta-Pacific_Northwest,Oncorhynchus keta,Chum(=Keta=Dog) salmon,"Salmons, trouts, smelts",Pacific Northwest,1.469399515,1.729916601,1.811955279,1.883008941,1.979100495,0.131607302,1.79239886,516708.4926,1964,0.656610647,1622843.449,233624.0896,0.328305324,51400,Domestic
Oncorhynchus_keta-Pacific_Northwest,Oncorhynchus keta,Chum(=Keta=Dog) salmon,"Salmons, trouts, smelts",Pacific Northwest,1.516885551,1.744244584,1.820486692,1.88767292,1.981448903,0.120454316,1.804791983,516708.4926,1965,0.656610647,1622843.449,233624.0896,0.328305324,56000,Domestic
Oncorhynchus_keta-Pacific_Northwest,Oncorhynchus keta,Chum(=Keta=Dog) salmon,"Salmons, trouts, smelts",Pacific Northwest,1.546325899,1.747595653,1.821281582,1.889600998,1.980971471,0.11344191,1.808837224,516708.4926,1966,0.656610647,1622843.449,233624.0896,0.328305324,59300,Domestic
Oncorhynchus_keta-Pacific_Northwest,Oncorhynchus keta,Chum(=Keta=Dog) salmon,"Salmons, trouts, smelts",Pacific Northwest,1.566783359,1.743023639,1.816035804,1.88068662,1.977835353,0.107631144,1.805355798,516708.4926,1967,0.656610647,1622843.449,233624.0896,0.328305324,64100,Domestic
Oncorhynchus_keta-Pacific_Northwest,Oncorhynchus keta,Chum(=Keta=Dog) salmon,"Salmons, trouts, smelts",Pacific Northwest,1.591903066,1.760594839,1.831357804,1.89620112,1.983829874,0.103965822,1.821213245,516708.4926,1968,0.656610647,1622843.449,233624.0896,0.328305324,49900,Domestic
Oncorhynchus_keta-Pacific_Northwest,Oncorhynchus keta,Chum(=Keta=Dog) salmon,"Salmons, trouts, smelts",Pacific Northwest,1.610451145,1.770403524,1.839082153,1.903006055,1.984581813,0.099495176,1.829702298,516708.4926,1969,0.656610647,1622843.449,233624.0896,0.328305324,48700,Domestic
Oncorhynchus_keta-Pacific_Northwest,Oncorhynchus keta,Chum(=Keta=Dog) salmon,"Salmons, trouts, smelts",Pacific Northwest,1.606213198,1.750665359,1.819399352,1.883939422,1.976478098,0.09750173,1.812618137,516708.4926,1970,0.656610647,1622843.449,233624.0896,0.328305324,69100,Domestic
Oncorhynchus_keta-Pacific_Northwest,Oncorhynchus keta,Chum(=Keta=Dog) salmon,"Salmons, trouts, smelts",Pacific Northwest,1.595580849,1.741134304,1.810082811,1.874908012,1.975309747,0.098006024,1.804518363,516708.4926,1971,0.656610647,1622843.449,233624.0896,0.328305324,72500,Domestic
Oncorhynchus_keta-Pacific_Northwest,Oncorhynchus keta,Chum(=Keta=Dog) salmon,"Salmons, trouts, smelts",Pacific Northwest,1.595434559,1.739401329,1.807732157,1.873644627,1.972805257,0.097959192,1.802451211,516708.4926,1972,0.656610647,1622843.449,233624.0896,0.328305324,71900,Domestic
Oncorhynchus_keta-Pacific_Northwest,Oncorhynchus keta,Chum(=Keta=Dog) salmon,"Salmons, trouts, smelts",Pacific Northwest,1.605423794,1.746345378,1.81382636,1.880652885,1.975517585,0.097161829,1.809280348,516708.4926,1973,0.656610647,1622843.449,233624.0896,0.328305324,66200,Domestic
Oncorhynchus_keta-Pacific_Northwest,Oncorhynchus keta,Chum(=Keta=Dog) salmon,"Salmons, trouts, smelts",Pacific Northwest,1.585700306,1.723353808,1.792573447,1.859253599,1.966402347,0.098125867,1.788378843,516708.4926,1974,0.656610647,1622843.449,233624.0896,0.328305324,86684,Domestic
Oncorhynchus_keta-Pacific_Northwest,Oncorhynchus keta,Chum(=Keta=Dog) salmon,"Salmons, trouts, smelts",Pacific Northwest,1.559995509,1.695160198,1.763817312,1.831626563,1.94855657,0.099354935,1.761642752,516708.4926,1975,0.656610647,1622843.449,233624.0896,0.328305324,100573,Domestic
Oncorhynchus_keta-Pacific_Northwest,Oncorhynchus keta,Chum(=Keta=Dog) salmon,"Salmons, trouts, smelts",Pacific Northwest,1.566077059,1.704380138,1.773961037,1.843545988,1.956188372,0.100513057,1.771371862,516708.4926,1976,0.656610647,1622843.449,233624.0896,0.328305324,84780,Domestic
Oncorhynchus_keta-Pacific_Northwest,Oncorhynchus keta,Chum(=Keta=Dog) salmon,"Salmons, trouts, smelts",Pacific Northwest,1.568882714,1.708142837,1.778737676,1.848611636,1.96126553,0.101115163,1.775877883,516708.4926,1977,0.656610647,1622843.449,233624.0896,0.328305324,83088,Domestic
Oncorhynchus_keta-Pacific_Northwest,Oncorhynchus keta,Chum(=Keta=Dog) salmon,"Salmons, trouts, smelts",Pacific Northwest,1.565530366,1.709660739,1.777614002,1.845101901,1.958674982,0.100217047,1.77472407,516708.4926,1978,0.656610647,1622843.449,233624.0896,0.328305324,86788,Domestic
Oncorhynchus_keta-Pacific_Northwest,Oncorhynchus keta,Chum(=Keta=Dog) salmon,"Salmons, trouts, smelts",Pacific Northwest,1.530992134,1.666553999,1.733120265,1.801264463,1.931275779,0.101166481,1.733265943,516708.4926,1979,0.656610647,1622843.449,233624.0896,0.328305324,118522,Domestic
Oncorhynchus_keta-Pacific_Northwest,Oncorhynchus keta,Chum(=Keta=Dog) salmon,"Salmons, trouts, smelts",Pacific Northwest,1.535641389,1.668333637,1.737855232,1.807475945,1.93653719,0.102852347,1.737972167,516708.4926,1980,0.656610647,1622843.449,233624.0896,0.328305324,102269,Domestic
Oncorhynchus_keta-Pacific_Northwest,Oncorhynchus keta,Chum(=Keta=Dog) salmon,"Salmons, trouts, smelts",Pacific Northwest,1.503541279,1.636578227,1.705685273,1.777670745,1.913856352,0.1041205,1.707066709,516708.4926,1981,0.656610647,1622843.449,233624.0896,0.328305324,125275,Domestic
Oncorhynchus_keta-Pacific_Northwest,Oncorhynchus keta,Chum(=Keta=Dog) salmon,"Salmons, trouts, smelts",Pacific Northwest,1.500408397,1.640017579,1.710659763,1.782860151,1.921356363,0.106028927,1.710648771,516708.4926,1982,0.656610647,1622843.449,233624.0896,0.328305324,113494,Domestic
Oncorhynchus_keta-Pacific_Northwest,Oncorhynchus keta,Chum(=Keta=Dog) salmon,"Salmons, trouts, smelts",Pacific Northwest,1.464374767,1.596911104,1.666470608,1.738476094,1.881420277,0.106531192,1.668588742,516708.4926,1983,0.656610647,1622843.449,233624.0896,0.328305324,144176,Domestic
Oncorhynchus_keta-Pacific_Northwest,Oncorhynchus keta,Chum(=Keta=Dog) salmon,"Salmons, trouts, smelts",Pacific Northwest,1.451396216,1.584185039,1.656133115,1.727749244,1.876574618,0.107933068,1.65755583,516708.4926,1984,0.656610647,1622843.449,233624.0896,0.328305324,137334,Domestic
Oncorhynchus_keta-Pacific_Northwest,Oncorhynchus keta,Chum(=Keta=Dog) salmon,"Salmons, trouts, smelts",Pacific Northwest,1.37287664,1.502573977,1.575708231,1.65186073,1.812969778,0.112305874,1.579885142,516708.4926,1985,0.656610647,1622843.449,233624.0896,0.328305324,188516,Domestic
Oncorhynchus_keta-Pacific_Northwest,Oncorhynchus keta,Chum(=Keta=Dog) salmon,"Salmons, trouts, smelts",Pacific Northwest,1.360140051,1.494570781,1.568634148,1.645087762,1.805552984,0.112973589,1.571605042,516708.4926,1986,0.656610647,1622843.449,233624.0896,0.328305324,163557,Domestic
Oncorhynchus_keta-Pacific_Northwest,Oncorhynchus keta,Chum(=Keta=Dog) salmon,"Salmons, trouts, smelts",Pacific Northwest,1.362375547,1.502465032,1.575018721,1.651800867,1.807204382,0.113100018,1.578214283,516708.4926,1987,0.656610647,1622843.449,233624.0896,0.328305324,153271,Domestic
Oncorhynchus_keta-Pacific_Northwest,Oncorhynchus keta,Chum(=Keta=Dog) salmon,"Salmons, trouts, smelts",Pacific Northwest,1.340252961,1.475715375,1.547429799,1.622496491,1.783895392,0.112492327,1.551133664,516708.4926,1988,0.656610647,1622843.449,233624.0896,0.328305324,173901,Domestic
Oncorhynchus_keta-Pacific_Northwest,Oncorhynchus keta,Chum(=Keta=Dog) salmon,"Salmons, trouts, smelts",Pacific Northwest,1.306259347,1.443892172,1.519962119,1.597528601,1.760673727,0.11461706,1.52258114,516708.4926,1989,0.656610647,1622843.449,233624.0896,0.328305324,184405,Domestic
Oncorhynchus_keta-Pacific_Northwest,Oncorhynchus keta,Chum(=Keta=Dog) salmon,"Salmons, trouts, smelts",Pacific Northwest,1.223355953,1.354968692,1.430241367,1.512831003,1.691523184,0.119282483,1.437769819,516708.4926,1990,0.656610647,1622843.449,233624.0896,0.328305324,231591,Domestic
Oncorhynchus_keta-Pacific_Northwest,Oncorhynchus keta,Chum(=Keta=Dog) salmon,"Salmons, trouts, smelts",Pacific Northwest,1.201393588,1.337288785,1.413890883,1.49650185,1.672865917,0.12050889,1.419884434,516708.4926,1991,0.656610647,1622843.449,233624.0896,0.328305324,204236,Domestic
Oncorhynchus_keta-Pacific_Northwest,Oncorhynchus keta,Chum(=Keta=Dog) salmon,"Salmons, trouts, smelts",Pacific Northwest,1.240276842,1.381496724,1.461560557,1.542470686,1.705076406,0.119251459,1.463598164,516708.4926,1992,0.656610647,1622843.449,233624.0896,0.328305324,163600,Domestic
Oncorhynchus_keta-Pacific_Northwest,Oncorhynchus keta,Chum(=Keta=Dog) salmon,"Salmons, trouts, smelts",Pacific Northwest,1.213210785,1.348755774,1.425789337,1.508726841,1.67460123,0.118164985,1.430752992,516708.4926,1993,0.656610647,1622843.449,233624.0896,0.328305324,208502,Domestic
Oncorhynchus_keta-Pacific_Northwest,Oncorhynchus keta,Chum(=Keta=Dog) salmon,"Salmons, trouts, smelts",Pacific Northwest,1.174240225,1.309736374,1.386015004,1.468346477,1.643313205,0.118899482,1.392043087,516708.4926,1994,0.656610647,1622843.449,233624.0896,0.328305324,220250,Domestic
Oncorhynchus_keta-Pacific_Northwest,Oncorhynchus keta,Chum(=Keta=Dog) salmon,"Salmons, trouts, smelts",Pacific Northwest,1.083507323,1.216390864,1.29561741,1.384093484,1.575725363,0.12501232,1.304477363,516708.4926,1995,0.656610647,1622843.449,233624.0896,0.328305324,262614,Domestic
Oncorhynchus_keta-Pacific_Northwest,Oncorhynchus keta,Chum(=Keta=Dog) salmon,"Salmons, trouts, smelts",Pacific Northwest,0.944705002,1.086145827,1.179715302,1.283454169,1.492568548,0.142216513,1.189592622,516708.4926,1996,0.656610647,1622843.449,233624.0896,0.328305324,297268,Domestic
Oncorhynchus_keta-Pacific_Northwest,Oncorhynchus keta,Chum(=Keta=Dog) salmon,"Salmons, trouts, smelts",Pacific Northwest,0.857253964,1.021259491,1.126018517,1.237504,1.458707871,0.155538133,1.133924786,516708.4926,1997,0.656610647,1622843.449,233624.0896,0.328305324,266736,Domestic
Oncorhynchus_keta-Pacific_Northwest,Oncorhynchus keta,Chum(=Keta=Dog) salmon,"Salmons, trouts, smelts",Pacific Northwest,0.87712325,1.045216496,1.153632125,1.267942841,1.490792364,0.159148792,1.161784388,516708.4926,1998,0.656610647,1622843.449,233624.0896,0.328305324,209290,Domestic
Oncorhynchus_keta-Pacific_Northwest,Oncorhynchus keta,Chum(=Keta=Dog) salmon,"Salmons, trouts, smelts",Pacific Northwest,0.927630137,1.097383689,1.204704247,1.320597189,1.540610067,0.159442842,1.213022702,516708.4926,1999,0.656610647,1622843.449,233624.0896,0.328305324,191207,Domestic
Oncorhynchus_keta-Pacific_Northwest,Oncorhynchus keta,Chum(=Keta=Dog) salmon,"Salmons, trouts, smelts",Pacific Northwest,0.996844955,1.165788718,1.273100605,1.389720893,1.603578855,0.158134317,1.281149926,516708.4926,2000,0.656610647,1622843.449,233624.0896,0.328305324,173067,Domestic
Oncorhynchus_keta-Pacific_Northwest,Oncorhynchus keta,Chum(=Keta=Dog) salmon,"Salmons, trouts, smelts",Pacific Northwest,0.986230782,1.153241961,1.256901565,1.36953316,1.577683254,0.154001068,1.263905359,516708.4926,2001,0.656610647,1622843.449,233624.0896,0.328305324,225700,Domestic
Oncorhynchus_keta-Pacific_Northwest,Oncorhynchus keta,Chum(=Keta=Dog) salmon,"Salmons, trouts, smelts",Pacific Northwest,0.979398764,1.13779429,1.24158808,1.353037236,1.565283005,0.152033984,1.248996202,516708.4926,2002,0.656610647,1622843.449,233624.0896,0.328305324,226754,Domestic
Oncorhynchus_keta-Pacific_Northwest,Oncorhynchus keta,Chum(=Keta=Dog) salmon,"Salmons, trouts, smelts",Pacific Northwest,0.901322774,1.048410013,1.154620281,1.270452484,1.489821092,0.155301146,1.164576119,516708.4926,2003,0.656610647,1622843.449,233624.0896,0.328305324,277874,Domestic
Oncorhynchus_keta-Pacific_Northwest,Oncorhynchus keta,Chum(=Keta=Dog) salmon,"Salmons, trouts, smelts",Pacific Northwest,0.846749127,0.998284834,1.109085382,1.234508891,1.459839217,0.163238746,1.122033041,516708.4926,2004,0.656610647,1622843.449,233624.0896,0.328305324,256292,Domestic
Oncorhynchus_keta-Pacific_Northwest,Oncorhynchus keta,Chum(=Keta=Dog) salmon,"Salmons, trouts, smelts",Pacific Northwest,0.822841918,0.979149529,1.09947354,1.231554702,1.466245125,0.172062293,1.1116282,516708.4926,2005,0.656610647,1622843.449,233624.0896,0.328305324,234366,Domestic
Oncorhynchus_keta-Pacific_Northwest,Oncorhynchus keta,Chum(=Keta=Dog) salmon,"Salmons, trouts, smelts",Pacific Northwest,0.786848043,0.95134364,1.081772472,1.220463061,1.465186603,0.182416947,1.092673166,516708.4926,2006,0.656610647,1622843.449,233624.0896,0.328305324,239759,Domestic
Oncorhynchus_keta-Pacific_Northwest,Oncorhynchus keta,Chum(=Keta=Dog) salmon,"Salmons, trouts, smelts",Pacific Northwest,0.755324487,0.929290087,1.075215637,1.220246911,1.460944988,0.192130552,1.081219264,516708.4926,2007,0.656610647,1622843.449,233624.0896,0.328305324,233906,Domestic
Oncorhynchus_keta-Pacific_Northwest,Oncorhynchus keta,Chum(=Keta=Dog) salmon,"Salmons, trouts, smelts",Pacific Northwest,0.77042518,0.952639003,1.113452376,1.268238469,1.504247061,0.202757089,1.116494607,516708.4926,2008,0.656610647,1622843.449,233624.0896,0.328305324,200159,Domestic
Oncorhynchus_keta-Pacific_Northwest,Oncorhynchus keta,Chum(=Keta=Dog) salmon,"Salmons, trouts, smelts",Pacific Northwest,0.706624026,0.906556655,1.078087751,1.235215529,1.471353196,0.210155011,1.075005356,516708.4926,2009,0.656610647,1622843.449,233624.0896,0.328305324,251048,Domestic
Oncorhynchus_keta-Pacific_Northwest,Oncorhynchus keta,Chum(=Keta=Dog) salmon,"Salmons, trouts, smelts",Pacific Northwest,0.699471444,0.92351477,1.108504608,1.268865823,1.504410034,0.221577301,1.098779605,516708.4926,2010,0.656610647,1622843.449,233624.0896,0.328305324,205032,Domestic
Oncorhynchus_keta-Pacific_Northwest,Oncorhynchus keta,Chum(=Keta=Dog) salmon,"Salmons, trouts, smelts",Pacific Northwest,0.737607204,0.98492855,1.184727607,1.345923032,1.567244963,0.232042305,1.166010188,516708.4926,2011,0.656610647,1622843.449,233624.0896,0.328305324,170933,Domestic
Oncorhynchus_keta-Pacific_Northwest,Oncorhynchus keta,Chum(=Keta=Dog) salmon,"Salmons, trouts, smelts",Pacific Northwest,0.762370181,1.031617103,1.234978274,1.385122884,1.593604504,0.230860081,1.206621252,516708.4926,2012,0.656610647,1622843.449,233624.0896,0.328305324,181036,Domestic
Oncorhynchus_keta-Pacific_Northwest,Oncorhynchus keta,Chum(=Keta=Dog) salmon,"Salmons, trouts, smelts",Pacific Northwest,0.723296091,1.009436235,1.206222506,1.332978963,1.516469897,0.21917986,1.1676324,516708.4926,2013,0.656610647,1622843.449,233624.0896,0.328305324,232960,Domestic
Oncorhynchus_keta-Pacific_Northwest,Oncorhynchus keta,Chum(=Keta=Dog) salmon,"Salmons, trouts, smelts",Pacific Northwest,0.673522622,0.987709647,1.178602611,1.293940848,1.464282743,0.215466348,1.132558373,516708.4926,2014,0.656610647,1622843.449,233624.0896,0.328305324,233656,Domestic
Oncorhynchus_keta-Pacific_Northwest,Oncorhynchus keta,Chum(=Keta=Dog) salmon,"Salmons, trouts, smelts",Pacific Northwest,0.65939698,1.013245676,1.204438076,1.308859506,1.450825295,0.215509274,1.14728187,516708.4926,2015,0.656610647,1622843.449,233624.0896,0.328305324,197932,Domestic
Oncorhynchus_keta-Pacific_Northwest,Oncorhynchus keta,Chum(=Keta=Dog) salmon,"Salmons, trouts, smelts",Pacific Northwest,0.658966976,1.058431111,1.254110084,1.340898365,1.394890427,0.211086538,1.175558139,516708.4926,2016,0.656610647,1622843.449,233624.0896,0.328305324,181580,Domestic
Oncorhynchus_kisutch-Pacific_Northeast,Oncorhynchus kisutch,Coho(=Silver) salmon,"Salmons, trouts, smelts",Pacific Northeast,0.66313494,0.917629662,1.032608566,1.151616144,1.356112163,0.176551576,1.033307646,177201.6135,1950,0.306658774,340578.1114,25046.70587,0.153329387,27517,Domestic
Oncorhynchus_kisutch-Pacific_Northeast,Oncorhynchus kisutch,Coho(=Silver) salmon,"Salmons, trouts, smelts",Pacific Northeast,0.618913351,0.834130577,0.964522702,1.083136323,1.304218715,0.177021659,0.961083861,177201.6135,1951,0.306658774,340578.1114,25046.70587,0.153329387,37319,Domestic
Oncorhynchus_kisutch-Pacific_Northeast,Oncorhynchus kisutch,Coho(=Silver) salmon,"Salmons, trouts, smelts",Pacific Northeast,0.607632643,0.819027766,0.96302593,1.065098484,1.30301564,0.18273668,0.947227483,177201.6135,1952,0.306658774,340578.1114,25046.70587,0.153329387,28331,Domestic
Oncorhynchus_kisutch-Pacific_Northeast,Oncorhynchus kisutch,Coho(=Silver) salmon,"Salmons, trouts, smelts",Pacific Northeast,0.601424035,0.836693798,0.982931705,1.079074514,1.313238196,0.184187558,0.963645612,177201.6135,1953,0.306658774,340578.1114,25046.70587,0.153329387,22070,Domestic
Oncorhynchus_kisutch-Pacific_Northeast,Oncorhynchus kisutch,Coho(=Silver) salmon,"Salmons, trouts, smelts",Pacific Northeast,0.620303572,0.836919748,0.994014207,1.117807469,1.350703817,0.194238076,0.984375099,177201.6135,1954,0.306658774,340578.1114,25046.70587,0.153329387,22320,Domestic
Oncorhynchus_kisutch-Pacific_Northeast,Oncorhynchus kisutch,Coho(=Silver) salmon,"Salmons, trouts, smelts",Pacific Northeast,0.62675995,0.862875296,1.013912734,1.14563075,1.376600115,0.195617946,1.004312568,177201.6135,1955,0.306658774,340578.1114,25046.70587,0.153329387,22436,Domestic
Oncorhynchus_kisutch-Pacific_Northeast,Oncorhynchus kisutch,Coho(=Silver) salmon,"Salmons, trouts, smelts",Pacific Northeast,0.623770646,0.874406424,1.008702731,1.158655283,1.386457215,0.202483862,1.015648454,177201.6135,1956,0.306658774,340578.1114,25046.70587,0.153329387,23397,Domestic
Oncorhynchus_kisutch-Pacific_Northeast,Oncorhynchus kisutch,Coho(=Silver) salmon,"Salmons, trouts, smelts",Pacific Northeast,0.652347892,0.900661766,1.041145867,1.174492139,1.392698879,0.198496828,1.038751446,177201.6135,1957,0.306658774,340578.1114,25046.70587,0.153329387,21038,Domestic
Oncorhynchus_kisutch-Pacific_Northeast,Oncorhynchus kisutch,Coho(=Silver) salmon,"Salmons, trouts, smelts",Pacific Northeast,0.66993603,0.925914533,1.067491086,1.213362183,1.466810925,0.20130532,1.066992243,177201.6135,1958,0.306658774,340578.1114,25046.70587,0.153329387,20391,Domestic
Oncorhynchus_kisutch-Pacific_Northeast,Oncorhynchus kisutch,Coho(=Silver) salmon,"Salmons, trouts, smelts",Pacific Northeast,0.732499138,0.966273709,1.117184772,1.251793348,1.501400247,0.205987533,1.112135632,177201.6135,1959,0.306658774,340578.1114,25046.70587,0.153329387,16989,Domestic
Oncorhynchus_kisutch-Pacific_Northeast,Oncorhynchus kisutch,Coho(=Silver) salmon,"Salmons, trouts, smelts",Pacific Northeast,0.810713314,1.048511452,1.199817376,1.326808415,1.601403724,0.206573171,1.193535583,177201.6135,1960,0.306658774,340578.1114,25046.70587,0.153329387,11896,Domestic
Oncorhynchus_kisutch-Pacific_Northeast,Oncorhynchus kisutch,Coho(=Silver) salmon,"Salmons, trouts, smelts",Pacific Northeast,0.857446958,1.078064788,1.229101053,1.336954169,1.601601232,0.195390067,1.215360803,177201.6135,1961,0.306658774,340578.1114,25046.70587,0.153329387,20480,Domestic
Oncorhynchus_kisutch-Pacific_Northeast,Oncorhynchus kisutch,Coho(=Silver) salmon,"Salmons, trouts, smelts",Pacific Northeast,0.866235176,1.080266287,1.234576923,1.348814587,1.613437853,0.195184097,1.223551122,177201.6135,1962,0.306658774,340578.1114,25046.70587,0.153329387,23315,Domestic
Oncorhynchus_kisutch-Pacific_Northeast,Oncorhynchus kisutch,Coho(=Silver) salmon,"Salmons, trouts, smelts",Pacific Northeast,0.896539721,1.106430347,1.245768672,1.35383492,1.6048579,0.181322532,1.235605542,177201.6135,1963,0.306658774,340578.1114,25046.70587,0.153329387,22685,Domestic
Oncorhynchus_kisutch-Pacific_Northeast,Oncorhynchus kisutch,Coho(=Silver) salmon,"Salmons, trouts, smelts",Pacific Northeast,0.887687857,1.088696501,1.210699081,1.318917329,1.540363558,0.170637203,1.203639759,177201.6135,1964,0.306658774,340578.1114,25046.70587,0.153329387,29378,Domestic
Oncorhynchus_kisutch-Pacific_Northeast,Oncorhynchus kisutch,Coho(=Silver) salmon,"Salmons, trouts, smelts",Pacific Northeast,0.841949698,1.042912918,1.167122293,1.248906202,1.490466702,0.164343325,1.15329383,177201.6135,1965,0.306658774,340578.1114,25046.70587,0.153329387,32947,Domestic
Oncorhynchus_kisutch-Pacific_Northeast,Oncorhynchus kisutch,Coho(=Silver) salmon,"Salmons, trouts, smelts",Pacific Northeast,0.797150499,0.995907435,1.093403455,1.188698509,1.388676256,0.160994194,1.093567257,177201.6135,1966,0.306658774,340578.1114,25046.70587,0.153329387,34455,Domestic
Oncorhynchus_kisutch-Pacific_Northeast,Oncorhynchus kisutch,Coho(=Silver) salmon,"Salmons, trouts, smelts",Pacific Northeast,0.804106218,0.995824439,1.091615939,1.190304085,1.398666486,0.153804552,1.096485213,177201.6135,1967,0.306658774,340578.1114,25046.70587,0.153329387,25858,Domestic
Oncorhynchus_kisutch-Pacific_Northeast,Oncorhynchus kisutch,Coho(=Silver) salmon,"Salmons, trouts, smelts",Pacific Northeast,0.791791857,0.944617517,1.058481736,1.15624505,1.380056899,0.153041031,1.063668941,177201.6135,1968,0.306658774,340578.1114,25046.70587,0.153329387,31095,Domestic
Oncorhynchus_kisutch-Pacific_Northeast,Oncorhynchus kisutch,Coho(=Silver) salmon,"Salmons, trouts, smelts",Pacific Northeast,0.822562393,1.006844984,1.113245461,1.204914485,1.427019179,0.160585082,1.111819169,177201.6135,1969,0.306658774,340578.1114,25046.70587,0.153329387,16894,Domestic
Oncorhynchus_kisutch-Pacific_Northeast,Oncorhynchus kisutch,Coho(=Silver) salmon,"Salmons, trouts, smelts",Pacific Northeast,0.782829578,0.954888808,1.058157016,1.16155486,1.37238108,0.156071216,1.062618658,177201.6135,1970,0.306658774,340578.1114,25046.70587,0.153329387,32750,Domestic
Oncorhynchus_kisutch-Pacific_Northeast,Oncorhynchus kisutch,Coho(=Silver) salmon,"Salmons, trouts, smelts",Pacific Northeast,0.736111568,0.920620551,1.013802039,1.120370677,1.35852717,0.156463647,1.025413032,177201.6135,1971,0.306658774,340578.1114,25046.70587,0.153329387,30810,Domestic
Oncorhynchus_kisutch-Pacific_Northeast,Oncorhynchus kisutch,Coho(=Silver) salmon,"Salmons, trouts, smelts",Pacific Northeast,0.74174683,0.925461564,1.021574496,1.121661247,1.34713273,0.151456062,1.027185353,177201.6135,1972,0.306658774,340578.1114,25046.70587,0.153329387,24180,Domestic
Oncorhynchus_kisutch-Pacific_Northeast,Oncorhynchus kisutch,Coho(=Silver) salmon,"Salmons, trouts, smelts",Pacific Northeast,0.724918307,0.933983286,1.010840467,1.111643778,1.339351017,0.14747106,1.018912128,177201.6135,1973,0.306658774,340578.1114,25046.70587,0.153329387,25750,Domestic
Oncorhynchus_kisutch-Pacific_Northeast,Oncorhynchus kisutch,Coho(=Silver) salmon,"Salmons, trouts, smelts",Pacific Northeast,0.684375319,0.904104202,0.988639849,1.096252775,1.305780409,0.149912032,0.9976978,177201.6135,1974,0.306658774,340578.1114,25046.70587,0.153329387,28754,Domestic
Oncorhynchus_kisutch-Pacific_Northeast,Oncorhynchus kisutch,Coho(=Silver) salmon,"Salmons, trouts, smelts",Pacific Northeast,0.725752548,0.931893204,1.013399772,1.127240503,1.302130282,0.147925843,1.026477389,177201.6135,1975,0.306658774,340578.1114,25046.70587,0.153329387,20233,Domestic
Oncorhynchus_kisutch-Pacific_Northeast,Oncorhynchus kisutch,Coho(=Silver) salmon,"Salmons, trouts, smelts",Pacific Northeast,0.715916543,0.925962717,1.025335335,1.125242924,1.2896071,0.1428854,1.022825989,177201.6135,1976,0.306658774,340578.1114,25046.70587,0.153329387,25469,Domestic
Oncorhynchus_kisutch-Pacific_Northeast,Oncorhynchus kisutch,Coho(=Silver) salmon,"Salmons, trouts, smelts",Pacific Northeast,0.769088045,0.934964838,1.029872781,1.141250024,1.325715881,0.141779657,1.033564879,177201.6135,1977,0.306658774,340578.1114,25046.70587,0.153329387,22990,Domestic
Oncorhynchus_kisutch-Pacific_Northeast,Oncorhynchus kisutch,Coho(=Silver) salmon,"Salmons, trouts, smelts",Pacific Northeast,0.773429818,0.95533565,1.05147667,1.137695888,1.342316651,0.139493621,1.047456233,177201.6135,1978,0.306658774,340578.1114,25046.70587,0.153329387,22198,Domestic
Oncorhynchus_kisutch-Pacific_Northeast,Oncorhynchus kisutch,Coho(=Silver) salmon,"Salmons, trouts, smelts",Pacific Northeast,0.785011632,0.945236151,1.027339996,1.122103843,1.306159771,0.13661372,1.035509673,177201.6135,1979,0.306658774,340578.1114,25046.70587,0.153329387,27738,Domestic
Oncorhynchus_kisutch-Pacific_Northeast,Oncorhynchus kisutch,Coho(=Silver) salmon,"Salmons, trouts, smelts",Pacific Northeast,0.766568955,0.934440822,1.027444288,1.107283067,1.277392124,0.131417718,1.022030651,177201.6135,1980,0.306658774,340578.1114,25046.70587,0.153329387,26245,Domestic
Oncorhynchus_kisutch-Pacific_Northeast,Oncorhynchus kisutch,Coho(=Silver) salmon,"Salmons, trouts, smelts",Pacific Northeast,0.798841255,0.941294259,1.024337763,1.117388212,1.328583402,0.128801662,1.035356355,177201.6135,1981,0.306658774,340578.1114,25046.70587,0.153329387,22918,Domestic
Oncorhynchus_kisutch-Pacific_Northeast,Oncorhynchus kisutch,Coho(=Silver) salmon,"Salmons, trouts, smelts",Pacific Northeast,0.742998174,0.892201207,0.973222291,1.043832288,1.216327534,0.116534282,0.970403273,177201.6135,1982,0.306658774,340578.1114,25046.70587,0.153329387,35556,Domestic
Oncorhynchus_kisutch-Pacific_Northeast,Oncorhynchus kisutch,Coho(=Silver) salmon,"Salmons, trouts, smelts",Pacific Northeast,0.770446656,0.890978633,0.961135341,1.043703973,1.214554691,0.116388697,0.969150838,177201.6135,1983,0.306658774,340578.1114,25046.70587,0.153329387,23770,Domestic
Oncorhynchus_kisutch-Pacific_Northeast,Oncorhynchus kisutch,Coho(=Silver) salmon,"Salmons, trouts, smelts",Pacific Northeast,0.729491004,0.843869057,0.922015491,0.990656526,1.136239588,0.107067376,0.922035053,177201.6135,1984,0.306658774,340578.1114,25046.70587,0.153329387,32024,Domestic
Oncorhynchus_kisutch-Pacific_Northeast,Oncorhynchus kisutch,Coho(=Silver) salmon,"Salmons, trouts, smelts",Pacific Northeast,0.696427888,0.811085397,0.880586349,0.953044691,1.09701598,0.103648756,0.883509526,177201.6135,1985,0.306658774,340578.1114,25046.70587,0.153329387,31017,Domestic
Oncorhynchus_kisutch-Pacific_Northeast,Oncorhynchus kisutch,Coho(=Silver) salmon,"Salmons, trouts, smelts",Pacific Northeast,0.598476343,0.730413423,0.793541405,0.861210993,1.017304484,0.098435624,0.798714725,177201.6135,1986,0.306658774,340578.1114,25046.70587,0.153329387,37830,Domestic
Oncorhynchus_kisutch-Pacific_Northeast,Oncorhynchus kisutch,Coho(=Silver) salmon,"Salmons, trouts, smelts",Pacific Northeast,0.61307649,0.723707418,0.791875803,0.854669568,0.983259166,0.093775041,0.793497977,177201.6135,1987,0.306658774,340578.1114,25046.70587,0.153329387,24362,Domestic
Oncorhynchus_kisutch-Pacific_Northeast,Oncorhynchus kisutch,Coho(=Silver) salmon,"Salmons, trouts, smelts",Pacific Northeast,0.608801148,0.720266934,0.782325123,0.844327741,0.988227049,0.091879993,0.785900262,177201.6135,1988,0.306658774,340578.1114,25046.70587,0.153329387,24399,Domestic
Oncorhynchus_kisutch-Pacific_Northeast,Oncorhynchus kisutch,Coho(=Silver) salmon,"Salmons, trouts, smelts",Pacific Northeast,0.608426805,0.700246217,0.76620975,0.820202415,0.940817323,0.085708498,0.764841424,177201.6135,1989,0.306658774,340578.1114,25046.70587,0.153329387,26229,Domestic
Oncorhynchus_kisutch-Pacific_Northeast,Oncorhynchus kisutch,Coho(=Silver) salmon,"Salmons, trouts, smelts",Pacific Northeast,0.566313303,0.659542609,0.709871278,0.750887906,0.885082358,0.078768373,0.709486173,177201.6135,1990,0.306658774,340578.1114,25046.70587,0.153329387,31594,Domestic
Oncorhynchus_kisutch-Pacific_Northeast,Oncorhynchus kisutch,Coho(=Silver) salmon,"Salmons, trouts, smelts",Pacific Northeast,0.531157775,0.598849256,0.649272505,0.690301296,0.808129078,0.070295173,0.651197312,177201.6135,1991,0.306658774,340578.1114,25046.70587,0.153329387,32027,Domestic
Oncorhynchus_kisutch-Pacific_Northeast,Oncorhynchus kisutch,Coho(=Silver) salmon,"Salmons, trouts, smelts",Pacific Northeast,0.487072131,0.549888588,0.590087326,0.632317344,0.74185168,0.063823417,0.594804296,177201.6135,1992,0.306658774,340578.1114,25046.70587,0.153329387,30507,Domestic
Oncorhynchus_kisutch-Pacific_Northeast,Oncorhynchus kisutch,Coho(=Silver) salmon,"Salmons, trouts, smelts",Pacific Northeast,0.501594885,0.551413084,0.589830686,0.628918945,0.735295689,0.059757983,0.59407713,177201.6135,1993,0.306658774,340578.1114,25046.70587,0.153329387,20575,Domestic
Oncorhynchus_kisutch-Pacific_Northeast,Oncorhynchus kisutch,Coho(=Silver) salmon,"Salmons, trouts, smelts",Pacific Northeast,0.384567219,0.435185196,0.466198255,0.503248981,0.607385626,0.054936572,0.473034821,177201.6135,1994,0.306658774,340578.1114,25046.70587,0.153329387,40327,Domestic
Oncorhynchus_kisutch-Pacific_Northeast,Oncorhynchus kisutch,Coho(=Silver) salmon,"Salmons, trouts, smelts",Pacific Northeast,0.334917678,0.381092038,0.406978695,0.447657406,0.552279153,0.055031827,0.419081877,177201.6135,1995,0.306658774,340578.1114,25046.70587,0.153329387,26727,Domestic
Oncorhynchus_kisutch-Pacific_Northeast,Oncorhynchus kisutch,Coho(=Silver) salmon,"Salmons, trouts, smelts",Pacific Northeast,0.293916575,0.343434714,0.374900221,0.417497176,0.524476941,0.058651607,0.384968169,177201.6135,1996,0.306658774,340578.1114,25046.70587,0.153329387,21497,Domestic
Oncorhynchus_kisutch-Pacific_Northeast,Oncorhynchus kisutch,Coho(=Silver) salmon,"Salmons, trouts, smelts",Pacific Northeast,0.324916305,0.372534338,0.402962464,0.443864443,0.54265194,0.058076538,0.411734732,177201.6135,1997,0.306658774,340578.1114,25046.70587,0.153329387,10607,Domestic
Oncorhynchus_kisutch-Pacific_Northeast,Oncorhynchus kisutch,Coho(=Silver) salmon,"Salmons, trouts, smelts",Pacific Northeast,0.321922657,0.370035012,0.401141702,0.451462457,0.542560267,0.059998733,0.412495205,177201.6135,1998,0.306658774,340578.1114,25046.70587,0.153329387,15466,Domestic
Oncorhynchus_kisutch-Pacific_Northeast,Oncorhynchus kisutch,Coho(=Silver) salmon,"Salmons, trouts, smelts",Pacific Northeast,0.335840153,0.386086166,0.415978207,0.45816797,0.561168371,0.062385732,0.428443633,177201.6135,1999,0.306658774,340578.1114,25046.70587,0.153329387,12991,Domestic
Oncorhynchus_kisutch-Pacific_Northeast,Oncorhynchus kisutch,Coho(=Silver) salmon,"Salmons, trouts, smelts",Pacific Northeast,0.353717912,0.399115775,0.427810951,0.468732816,0.5763904,0.062610153,0.440805058,177201.6135,2000,0.306658774,340578.1114,25046.70587,0.153329387,14575,Domestic
Oncorhynchus_kisutch-Pacific_Northeast,Oncorhynchus kisutch,Coho(=Silver) salmon,"Salmons, trouts, smelts",Pacific Northeast,0.345758195,0.399099121,0.425140586,0.467455743,0.59023288,0.062481092,0.43930366,177201.6135,2001,0.306658774,340578.1114,25046.70587,0.153329387,16810,Domestic
Oncorhynchus_kisutch-Pacific_Northeast,Oncorhynchus kisutch,Coho(=Silver) salmon,"Salmons, trouts, smelts",Pacific Northeast,0.336334243,0.389095888,0.422085691,0.458878801,0.58263433,0.064972008,0.432304261,177201.6135,2002,0.306658774,340578.1114,25046.70587,0.153329387,17767,Domestic
Oncorhynchus_kisutch-Pacific_Northeast,Oncorhynchus kisutch,Coho(=Silver) salmon,"Salmons, trouts, smelts",Pacific Northeast,0.336095224,0.391528141,0.428836943,0.47751893,0.595534272,0.06723821,0.438805196,177201.6135,2003,0.306658774,340578.1114,25046.70587,0.153329387,15373,Domestic
Oncorhynchus_kisutch-Pacific_Northeast,Oncorhynchus kisutch,Coho(=Silver) salmon,"Salmons, trouts, smelts",Pacific Northeast,0.315086979,0.362007031,0.402019306,0.449030964,0.573770438,0.070246093,0.411751385,177201.6135,2004,0.306658774,340578.1114,25046.70587,0.153329387,20672,Domestic
Oncorhynchus_kisutch-Pacific_Northeast,Oncorhynchus kisutch,Coho(=Silver) salmon,"Salmons, trouts, smelts",Pacific Northeast,0.299142619,0.353395683,0.394956929,0.44493063,0.579654808,0.073647544,0.406161065,177201.6135,2005,0.306658774,340578.1114,25046.70587,0.153329387,16806,Domestic
Oncorhynchus_kisutch-Pacific_Northeast,Oncorhynchus kisutch,Coho(=Silver) salmon,"Salmons, trouts, smelts",Pacific Northeast,0.296154164,0.35646441,0.394018874,0.449346455,0.591953397,0.076057048,0.40905207,177201.6135,2006,0.306658774,340578.1114,25046.70587,0.153329387,15634,Domestic
Oncorhynchus_kisutch-Pacific_Northeast,Oncorhynchus kisutch,Coho(=Silver) salmon,"Salmons, trouts, smelts",Pacific Northeast,0.305889361,0.366143145,0.417038334,0.477678846,0.624948117,0.083159215,0.428420131,177201.6135,2007,0.306658774,340578.1114,25046.70587,0.153329387,12457,Domestic
Oncorhynchus_kisutch-Pacific_Northeast,Oncorhynchus kisutch,Coho(=Silver) salmon,"Salmons, trouts, smelts",Pacific Northeast,0.288521732,0.355264554,0.416562862,0.481183841,0.640464146,0.09157145,0.42550282,177201.6135,2008,0.306658774,340578.1114,25046.70587,0.153329387,16756,Domestic
Oncorhynchus_kisutch-Pacific_Northeast,Oncorhynchus kisutch,Coho(=Silver) salmon,"Salmons, trouts, smelts",Pacific Northeast,0.277378785,0.343930348,0.421064125,0.496283161,0.649701653,0.102170905,0.430128988,177201.6135,2009,0.306658774,340578.1114,25046.70587,0.153329387,15699,Domestic
Oncorhynchus_kisutch-Pacific_Northeast,Oncorhynchus kisutch,Coho(=Silver) salmon,"Salmons, trouts, smelts",Pacific Northeast,0.264596283,0.33758356,0.426714424,0.506600587,0.653564656,0.11175571,0.431356322,177201.6135,2010,0.306658774,340578.1114,25046.70587,0.153329387,15675,Domestic
Oncorhynchus_kisutch-Pacific_Northeast,Oncorhynchus kisutch,Coho(=Silver) salmon,"Salmons, trouts, smelts",Pacific Northeast,0.262488247,0.346445468,0.452604204,0.546597731,0.687856618,0.123303493,0.453978812,177201.6135,2011,0.306658774,340578.1114,25046.70587,0.153329387,12422,Domestic
Oncorhynchus_kisutch-Pacific_Northeast,Oncorhynchus kisutch,Coho(=Silver) salmon,"Salmons, trouts, smelts",Pacific Northeast,0.256832307,0.365156653,0.48998912,0.598003896,0.739358837,0.138993462,0.487379376,177201.6135,2012,0.306658774,340578.1114,25046.70587,0.153329387,11277,Domestic
Oncorhynchus_kisutch-Pacific_Northeast,Oncorhynchus kisutch,Coho(=Silver) salmon,"Salmons, trouts, smelts",Pacific Northeast,0.213590946,0.347401411,0.489726723,0.601419619,0.73934066,0.155467921,0.478390149,177201.6135,2013,0.306658774,340578.1114,25046.70587,0.153329387,19034,Domestic
Oncorhynchus_kisutch-Pacific_Northeast,Oncorhynchus kisutch,Coho(=Silver) salmon,"Salmons, trouts, smelts",Pacific Northeast,0.140120114,0.288500702,0.462751568,0.587677285,0.731710451,0.175685541,0.444843383,177201.6135,2014,0.306658774,340578.1114,25046.70587,0.153329387,23046,Domestic
Oncorhynchus_kisutch-Pacific_Northeast,Oncorhynchus kisutch,Coho(=Silver) salmon,"Salmons, trouts, smelts",Pacific Northeast,0.103942489,0.289696566,0.492252036,0.633690519,0.770640096,0.199459749,0.465241226,177201.6135,2015,0.306658774,340578.1114,25046.70587,0.153329387,12181,Domestic
Oncorhynchus_kisutch-Pacific_Northeast,Oncorhynchus kisutch,Coho(=Silver) salmon,"Salmons, trouts, smelts",Pacific Northeast,0.04828758,0.285120293,0.516012592,0.679496941,0.790554556,0.228976347,0.476058398,177201.6135,2016,0.306658774,340578.1114,25046.70587,0.153329387,14549,Domestic
Oncorhynchus_kisutch-Pacific_Northwest,Oncorhynchus kisutch,Coho(=Silver) salmon,"Salmons, trouts, smelts",Pacific Northwest,NA,NA,NA,NA,NA,NA,NA,NA,NA,NA,NA,NA,NA,NA,Domestic
Oncorhynchus_masou-Pacific_Northwest,Oncorhynchus masou,Masu(=Cherry) salmon,"Salmons, trouts, smelts",Pacific Northwest,0.823334546,0.947795966,1.048706458,1.094377994,1.299911885,0.126968053,1.03504836,21295.53681,1971,0.300256695,36773.77174,2712.289707,0.150128348,5400,CBA
Oncorhynchus_masou-Pacific_Northwest,Oncorhynchus masou,Masu(=Cherry) salmon,"Salmons, trouts, smelts",Pacific Northwest,0.823806432,0.937897144,1.022530326,1.080699468,1.27880535,0.125497749,1.016428491,21295.53681,1972,0.300256695,36773.77174,2712.289707,0.150128348,3200,CBA
Oncorhynchus_masou-Pacific_Northwest,Oncorhynchus masou,Masu(=Cherry) salmon,"Salmons, trouts, smelts",Pacific Northwest,0.724050458,0.860883451,0.937509877,0.995036822,1.201434858,0.116191626,0.938566771,21295.53681,1973,0.300256695,36773.77174,2712.289707,0.150128348,4100,CBA
Oncorhynchus_masou-Pacific_Northwest,Oncorhynchus masou,Masu(=Cherry) salmon,"Salmons, trouts, smelts",Pacific Northwest,0.734350908,0.865714355,0.929407135,0.976624258,1.177071164,0.115920654,0.927654315,21295.53681,1974,0.300256695,36773.77174,2712.289707,0.150128348,3035,CBA
Oncorhynchus_masou-Pacific_Northwest,Oncorhynchus masou,Masu(=Cherry) salmon,"Salmons, trouts, smelts",Pacific Northwest,0.689373458,0.801608938,0.869177241,0.909052439,1.210170601,0.118581729,0.87016674,21295.53681,1975,0.300256695,36773.77174,2712.289707,0.150128348,3807,CBA
Oncorhynchus_masou-Pacific_Northwest,Oncorhynchus masou,Masu(=Cherry) salmon,"Salmons, trouts, smelts",Pacific Northwest,0.644334412,0.758602635,0.807891285,0.868700676,1.101974809,0.111885906,0.818967292,21295.53681,1976,0.300256695,36773.77174,2712.289707,0.150128348,3736,CBA
Oncorhynchus_masou-Pacific_Northwest,Oncorhynchus masou,Masu(=Cherry) salmon,"Salmons, trouts, smelts",Pacific Northwest,0.592436139,0.694981399,0.749146257,0.81007876,1.002652176,0.10166373,0.761085391,21295.53681,1977,0.300256695,36773.77174,2712.289707,0.150128348,3741,CBA
Oncorhynchus_masou-Pacific_Northwest,Oncorhynchus masou,Masu(=Cherry) salmon,"Salmons, trouts, smelts",Pacific Northwest,0.521104046,0.6529028,0.694000695,0.741916247,0.893432364,0.09546382,0.702907527,21295.53681,1978,0.300256695,36773.77174,2712.289707,0.150128348,3543,CBA
Oncorhynchus_masou-Pacific_Northwest,Oncorhynchus masou,Masu(=Cherry) salmon,"Salmons, trouts, smelts",Pacific Northwest,0.535429217,0.655378306,0.689457829,0.750727248,0.856298018,0.090050429,0.703216027,21295.53681,1979,0.300256695,36773.77174,2712.289707,0.150128348,2601,CBA
Oncorhynchus_masou-Pacific_Northwest,Oncorhynchus masou,Masu(=Cherry) salmon,"Salmons, trouts, smelts",Pacific Northwest,0.532242884,0.62440931,0.67948202,0.742383365,0.861924068,0.089648264,0.684362976,21295.53681,1980,0.300256695,36773.77174,2712.289707,0.150128348,2719,CBA
Oncorhynchus_masou-Pacific_Northwest,Oncorhynchus masou,Masu(=Cherry) salmon,"Salmons, trouts, smelts",Pacific Northwest,0.552030479,0.636160871,0.674848588,0.732070745,0.83716684,0.073400878,0.684195893,21295.53681,1981,0.300256695,36773.77174,2712.289707,0.150128348,2566,CBA
Oncorhynchus_masou-Pacific_Northwest,Oncorhynchus masou,Masu(=Cherry) salmon,"Salmons, trouts, smelts",Pacific Northwest,0.52354504,0.608255088,0.657923481,0.709791482,0.789748122,0.07199025,0.660916817,21295.53681,1982,0.300256695,36773.77174,2712.289707,0.150128348,2924,CBA
Oncorhynchus_masou-Pacific_Northwest,Oncorhynchus masou,Masu(=Cherry) salmon,"Salmons, trouts, smelts",Pacific Northwest,0.48417343,0.580337216,0.614251612,0.654175883,0.755916942,0.06667808,0.616591155,21295.53681,1983,0.300256695,36773.77174,2712.289707,0.150128348,3262,CBA
Oncorhynchus_masou-Pacific_Northwest,Oncorhynchus masou,Masu(=Cherry) salmon,"Salmons, trouts, smelts",Pacific Northwest,0.454006806,0.518525244,0.547905045,0.607917674,0.69449248,0.066769749,0.560878946,21295.53681,1984,0.300256695,36773.77174,2712.289707,0.150128348,3277,CBA
Oncorhynchus_masou-Pacific_Northwest,Oncorhynchus masou,Masu(=Cherry) salmon,"Salmons, trouts, smelts",Pacific Northwest,0.403703813,0.457077475,0.497292995,0.544647925,0.643925758,0.066300268,0.503137198,21295.53681,1985,0.300256695,36773.77174,2712.289707,0.150128348,3177,CBA
Oncorhynchus_masou-Pacific_Northwest,Oncorhynchus masou,Masu(=Cherry) salmon,"Salmons, trouts, smelts",Pacific Northwest,0.347965928,0.410141349,0.446939474,0.496385789,0.590764495,0.063272413,0.453521746,21295.53681,1986,0.300256695,36773.77174,2712.289707,0.150128348,2863,CBA
Oncorhynchus_masou-Pacific_Northwest,Oncorhynchus masou,Masu(=Cherry) salmon,"Salmons, trouts, smelts",Pacific Northwest,0.316273126,0.380793522,0.405003515,0.443875635,0.538330598,0.057492854,0.41297207,21295.53681,1987,0.300256695,36773.77174,2712.289707,0.150128348,2593,CBA
Oncorhynchus_masou-Pacific_Northwest,Oncorhynchus masou,Masu(=Cherry) salmon,"Salmons, trouts, smelts",Pacific Northwest,0.313551684,0.382426716,0.409476509,0.445945513,0.516980255,0.049517666,0.416604035,21295.53681,1988,0.300256695,36773.77174,2712.289707,0.150128348,1725,CBA
Oncorhynchus_masou-Pacific_Northwest,Oncorhynchus masou,Masu(=Cherry) salmon,"Salmons, trouts, smelts",Pacific Northwest,0.307756735,0.36411971,0.387004316,0.424649024,0.480863353,0.048763576,0.398576505,21295.53681,1989,0.300256695,36773.77174,2712.289707,0.150128348,2030,CBA
Oncorhynchus_masou-Pacific_Northwest,Oncorhynchus masou,Masu(=Cherry) salmon,"Salmons, trouts, smelts",Pacific Northwest,0.304092292,0.354355518,0.36984422,0.419449547,0.485430422,0.050652217,0.38513058,21295.53681,1990,0.300256695,36773.77174,2712.289707,0.150128348,1924,CBA
Oncorhynchus_masou-Pacific_Northwest,Oncorhynchus masou,Masu(=Cherry) salmon,"Salmons, trouts, smelts",Pacific Northwest,0.299663022,0.336037779,0.358482223,0.397850104,0.447166203,0.044556366,0.36557655,21295.53681,1991,0.300256695,36773.77174,2712.289707,0.150128348,1996,CBA
Oncorhynchus_masou-Pacific_Northwest,Oncorhynchus masou,Masu(=Cherry) salmon,"Salmons, trouts, smelts",Pacific Northwest,0.249635006,0.286386009,0.311661995,0.346543309,0.419924549,0.044956002,0.321367211,21295.53681,1992,0.300256695,36773.77174,2712.289707,0.150128348,2360,CBA
Oncorhynchus_masou-Pacific_Northwest,Oncorhynchus masou,Masu(=Cherry) salmon,"Salmons, trouts, smelts",Pacific Northwest,0.247296776,0.284883572,0.308093338,0.340070491,0.392493026,0.040366193,0.311080992,21295.53681,1993,0.300256695,36773.77174,2712.289707,0.150128348,1543,CBA
Oncorhynchus_masou-Pacific_Northwest,Oncorhynchus masou,Masu(=Cherry) salmon,"Salmons, trouts, smelts",Pacific Northwest,0.22832896,0.263834751,0.290247249,0.319323151,0.369868111,0.040656828,0.293550243,21295.53681,1994,0.300256695,36773.77174,2712.289707,0.150128348,1698,CBA
Oncorhynchus_masou-Pacific_Northwest,Oncorhynchus masou,Masu(=Cherry) salmon,"Salmons, trouts, smelts",Pacific Northwest,0.22009471,0.254288613,0.281193911,0.311711998,0.375914441,0.040880185,0.286253894,21295.53681,1995,0.300256695,36773.77174,2712.289707,0.150128348,1435,CBA
Oncorhynchus_masou-Pacific_Northwest,Oncorhynchus masou,Masu(=Cherry) salmon,"Salmons, trouts, smelts",Pacific Northwest,0.199820423,0.23400733,0.264065862,0.3025723,0.361589441,0.044264095,0.268922514,21295.53681,1996,0.300256695,36773.77174,2712.289707,0.150128348,1681,CBA
Oncorhynchus_masou-Pacific_Northwest,Oncorhynchus masou,Masu(=Cherry) salmon,"Salmons, trouts, smelts",Pacific Northwest,0.213594317,0.24783892,0.273810918,0.310144617,0.364158185,0.044499816,0.27869951,21295.53681,1997,0.300256695,36773.77174,2712.289707,0.150128348,994,CBA
Oncorhynchus_masou-Pacific_Northwest,Oncorhynchus masou,Masu(=Cherry) salmon,"Salmons, trouts, smelts",Pacific Northwest,0.185780802,0.211114337,0.240998338,0.281557145,0.338120762,0.046625936,0.249420461,21295.53681,1998,0.300256695,36773.77174,2712.289707,0.150128348,1738,CBA
Oncorhynchus_masou-Pacific_Northwest,Oncorhynchus masou,Masu(=Cherry) salmon,"Salmons, trouts, smelts",Pacific Northwest,0.177881191,0.209466725,0.244426127,0.278319271,0.336356148,0.049429007,0.247359719,21295.53681,1999,0.300256695,36773.77174,2712.289707,0.150128348,1133,CBA
Oncorhynchus_masou-Pacific_Northwest,Oncorhynchus masou,Masu(=Cherry) salmon,"Salmons, trouts, smelts",Pacific Northwest,0.178498389,0.214805449,0.240645454,0.282308379,0.369667269,0.051159754,0.254859375,21295.53681,2000,0.300256695,36773.77174,2712.289707,0.150128348,955,CBA
Oncorhynchus_masou-Pacific_Northwest,Oncorhynchus masou,Masu(=Cherry) salmon,"Salmons, trouts, smelts",Pacific Northwest,0.204052329,0.235317127,0.264871107,0.30902227,0.383962227,0.051868579,0.275557228,21295.53681,2001,0.300256695,36773.77174,2712.289707,0.150128348,780,CBA
Oncorhynchus_masou-Pacific_Northwest,Oncorhynchus masou,Masu(=Cherry) salmon,"Salmons, trouts, smelts",Pacific Northwest,0.19778218,0.230265674,0.280133096,0.309605907,0.390013107,0.055840692,0.278667067,21295.53681,2002,0.300256695,36773.77174,2712.289707,0.150128348,1192,CBA
Oncorhynchus_masou-Pacific_Northwest,Oncorhynchus masou,Masu(=Cherry) salmon,"Salmons, trouts, smelts",Pacific Northwest,0.193585818,0.227292677,0.276819268,0.327831193,0.40996927,0.059796279,0.281659403,21295.53681,2003,0.300256695,36773.77174,2712.289707,0.150128348,1173,CBA
Oncorhynchus_masou-Pacific_Northwest,Oncorhynchus masou,Masu(=Cherry) salmon,"Salmons, trouts, smelts",Pacific Northwest,0.206976381,0.247912291,0.285246227,0.349459299,0.429438399,0.0624194,0.299974636,21295.53681,2004,0.300256695,36773.77174,2712.289707,0.150128348,934,CBA
Oncorhynchus_masou-Pacific_Northwest,Oncorhynchus masou,Masu(=Cherry) salmon,"Salmons, trouts, smelts",Pacific Northwest,0.22442312,0.271105784,0.311253155,0.364645955,0.440120858,0.063771846,0.321224144,21295.53681,2005,0.300256695,36773.77174,2712.289707,0.150128348,925,CBA
Oncorhynchus_masou-Pacific_Northwest,Oncorhynchus masou,Masu(=Cherry) salmon,"Salmons, trouts, smelts",Pacific Northwest,0.234275993,0.280691011,0.327244955,0.37695403,0.458273883,0.069566802,0.333304116,21295.53681,2006,0.300256695,36773.77174,2712.289707,0.150128348,1198,CBA
Oncorhynchus_masou-Pacific_Northwest,Oncorhynchus masou,Masu(=Cherry) salmon,"Salmons, trouts, smelts",Pacific Northwest,0.234256059,0.268216023,0.325692889,0.38408732,0.473792545,0.074913281,0.33467736,21295.53681,2007,0.300256695,36773.77174,2712.289707,0.150128348,1489,CBA
Oncorhynchus_masou-Pacific_Northwest,Oncorhynchus masou,Masu(=Cherry) salmon,"Salmons, trouts, smelts",Pacific Northwest,0.225367375,0.264406212,0.325345138,0.376193428,0.495687868,0.080400761,0.335781464,21295.53681,2008,0.300256695,36773.77174,2712.289707,0.150128348,1366,CBA
Oncorhynchus_masou-Pacific_Northwest,Oncorhynchus masou,Masu(=Cherry) salmon,"Salmons, trouts, smelts",Pacific Northwest,0.21250813,0.270263339,0.33994761,0.398415827,0.503222775,0.08548387,0.341624511,21295.53681,2009,0.300256695,36773.77174,2712.289707,0.150128348,1305,CBA
Oncorhynchus_masou-Pacific_Northwest,Oncorhynchus masou,Masu(=Cherry) salmon,"Salmons, trouts, smelts",Pacific Northwest,0.193250083,0.265207834,0.359872712,0.399996862,0.54775988,0.096385809,0.343229757,21295.53681,2010,0.300256695,36773.77174,2712.289707,0.150128348,1462,CBA
Oncorhynchus_masou-Pacific_Northwest,Oncorhynchus masou,Masu(=Cherry) salmon,"Salmons, trouts, smelts",Pacific Northwest,0.170782908,0.253642821,0.354940391,0.432410923,0.542697166,0.110913048,0.347048665,21295.53681,2011,0.300256695,36773.77174,2712.289707,0.150128348,1504,CBA
Oncorhynchus_masou-Pacific_Northwest,Oncorhynchus masou,Masu(=Cherry) salmon,"Salmons, trouts, smelts",Pacific Northwest,0.166682523,0.270739966,0.393118179,0.500923978,0.57120248,0.129941769,0.38481656,21295.53681,2012,0.300256695,36773.77174,2712.289707,0.150128348,864,CBA
Oncorhynchus_masou-Pacific_Northwest,Oncorhynchus masou,Masu(=Cherry) salmon,"Salmons, trouts, smelts",Pacific Northwest,0.128915751,0.28049074,0.404286801,0.50999908,0.599769977,0.14866632,0.395998972,21295.53681,2013,0.300256695,36773.77174,2712.289707,0.150128348,1363,CBA
Oncorhynchus_masou-Pacific_Northwest,Oncorhynchus masou,Masu(=Cherry) salmon,"Salmons, trouts, smelts",Pacific Northwest,0.107136728,0.298511737,0.45023741,0.580714474,0.689515878,0.174788697,0.428498986,21295.53681,2014,0.300256695,36773.77174,2712.289707,0.150128348,1061,CBA
Oncorhynchus_masou-Pacific_Northwest,Oncorhynchus masou,Masu(=Cherry) salmon,"Salmons, trouts, smelts",Pacific Northwest,0.080454806,0.30455728,0.488601199,0.629644468,0.702957178,0.195747681,0.460799665,21295.53681,2015,0.300256695,36773.77174,2712.289707,0.150128348,1006,CBA
Oncorhynchus_masou-Pacific_Northwest,Oncorhynchus masou,Masu(=Cherry) salmon,"Salmons, trouts, smelts",Pacific Northwest,0.054905509,0.336148767,0.561590662,0.698677793,0.758919268,0.226168599,0.509545741,21295.53681,2016,0.300256695,36773.77174,2712.289707,0.150128348,909,CBA
Oncorhynchus_nerka-Pacific_Northeast,Oncorhynchus nerka,Sockeye(=Red) salmon,"Salmons, trouts, smelts",Pacific Northeast,0.394098606,0.526034043,0.717358649,1.026725644,1.482246387,0.317309207,0.796167594,340885.9632,1950,0.618650901,1071223.917,145526.4345,0.309325451,54800,CBA
Oncorhynchus_nerka-Pacific_Northeast,Oncorhynchus nerka,Sockeye(=Red) salmon,"Salmons, trouts, smelts",Pacific Northeast,0.446080095,0.654670091,0.910779982,1.27014895,1.730280938,0.374919834,0.974343468,340885.9632,1951,0.618650901,1071223.917,145526.4345,0.309325451,43500,CBA
Oncorhynchus_nerka-Pacific_Northeast,Oncorhynchus nerka,Sockeye(=Red) salmon,"Salmons, trouts, smelts",Pacific Northeast,0.494967653,0.784117903,1.112980338,1.478850474,1.834126175,0.402383197,1.133920608,340885.9632,1952,0.618650901,1071223.917,145526.4345,0.309325451,49000,CBA
Oncorhynchus_nerka-Pacific_Northeast,Oncorhynchus nerka,Sockeye(=Red) salmon,"Salmons, trouts, smelts",Pacific Northeast,0.544022841,0.916529756,1.298838648,1.621174291,1.881057679,0.403544343,1.263941602,340885.9632,1953,0.618650901,1071223.917,145526.4345,0.309325451,53800,CBA
Oncorhynchus_nerka-Pacific_Northeast,Oncorhynchus nerka,Sockeye(=Red) salmon,"Salmons, trouts, smelts",Pacific Northeast,0.58610018,1.042040772,1.438342807,1.683894657,1.879029127,0.385376145,1.351138018,340885.9632,1954,0.618650901,1071223.917,145526.4345,0.309325451,62900,CBA
Oncorhynchus_nerka-Pacific_Northeast,Oncorhynchus nerka,Sockeye(=Red) salmon,"Salmons, trouts, smelts",Pacific Northeast,0.673618818,1.207318229,1.595939538,1.786336394,1.957165335,0.373815847,1.480349912,340885.9632,1955,0.618650901,1071223.917,145526.4345,0.309325451,33700,CBA
Oncorhynchus_nerka-Pacific_Northeast,Oncorhynchus nerka,Sockeye(=Red) salmon,"Salmons, trouts, smelts",Pacific Northeast,0.745144575,1.32905102,1.651763129,1.78798932,1.942319426,0.33495416,1.533713689,340885.9632,1956,0.618650901,1071223.917,145526.4345,0.309325451,52600,CBA
Oncorhynchus_nerka-Pacific_Northeast,Oncorhynchus nerka,Sockeye(=Red) salmon,"Salmons, trouts, smelts",Pacific Northeast,0.841946324,1.455959701,1.719790134,1.835863832,1.966758378,0.307835324,1.611215735,340885.9632,1957,0.618650901,1071223.917,145526.4345,0.309325451,37700,CBA
Oncorhynchus_nerka-Pacific_Northeast,Oncorhynchus nerka,Sockeye(=Red) salmon,"Salmons, trouts, smelts",Pacific Northeast,0.908827041,1.512205766,1.69478824,1.790222771,1.932520707,0.264744061,1.612362015,340885.9632,1958,0.618650901,1071223.917,145526.4345,0.309325451,64400,CBA
Oncorhynchus_nerka-Pacific_Northeast,Oncorhynchus nerka,Sockeye(=Red) salmon,"Salmons, trouts, smelts",Pacific Northeast,1.010865124,1.599338884,1.760216994,1.855520159,1.972391006,0.246940895,1.686794883,340885.9632,1959,0.618650901,1071223.917,145526.4345,0.309325451,32599,CBA
Oncorhynchus_nerka-Pacific_Northeast,Oncorhynchus nerka,Sockeye(=Red) salmon,"Salmons, trouts, smelts",Pacific Northeast,1.090718417,1.633200795,1.753961033,1.839635802,1.961588069,0.21553158,1.699205144,340885.9632,1960,0.618650901,1071223.917,145526.4345,0.309325451,50240,CBA
Oncorhynchus_nerka-Pacific_Northeast,Oncorhynchus nerka,Sockeye(=Red) salmon,"Salmons, trouts, smelts",Pacific Northeast,1.16543054,1.632734636,1.73715318,1.817780195,1.944088184,0.189987615,1.696077137,340885.9632,1961,0.618650901,1071223.917,145526.4345,0.309325451,59113,CBA
Oncorhynchus_nerka-Pacific_Northeast,Oncorhynchus nerka,Sockeye(=Red) salmon,"Salmons, trouts, smelts",Pacific Northeast,1.260490071,1.680050615,1.780015194,1.858978019,1.973171433,0.176526449,1.743782315,340885.9632,1962,0.618650901,1071223.917,145526.4345,0.309325451,35431,CBA
Oncorhynchus_nerka-Pacific_Northeast,Oncorhynchus nerka,Sockeye(=Red) salmon,"Salmons, trouts, smelts",Pacific Northeast,1.358227913,1.725870781,1.821113545,1.895491487,1.984218057,0.159357463,1.787716599,340885.9632,1963,0.618650901,1071223.917,145526.4345,0.309325451,25097,CBA
Oncorhynchus_nerka-Pacific_Northeast,Oncorhynchus nerka,Sockeye(=Red) salmon,"Salmons, trouts, smelts",Pacific Northeast,1.423633806,1.735546825,1.818766803,1.88948287,1.98279693,0.141285273,1.794380385,340885.9632,1964,0.618650901,1071223.917,145526.4345,0.309325451,36380,CBA
Oncorhynchus_nerka-Pacific_Northeast,Oncorhynchus nerka,Sockeye(=Red) salmon,"Salmons, trouts, smelts",Pacific Northeast,1.43544978,1.6670847,1.742393476,1.815953379,1.943767843,0.128311418,1.732305469,340885.9632,1965,0.618650901,1071223.917,145526.4345,0.309325451,74557,CBA
Oncorhynchus_nerka-Pacific_Northeast,Oncorhynchus nerka,Sockeye(=Red) salmon,"Salmons, trouts, smelts",Pacific Northeast,1.4650559,1.674418242,1.75265834,1.824888003,1.946214053,0.124410546,1.741644147,340885.9632,1966,0.618650901,1071223.917,145526.4345,0.309325451,57972,CBA
Oncorhynchus_nerka-Pacific_Northeast,Oncorhynchus nerka,Sockeye(=Red) salmon,"Salmons, trouts, smelts",Pacific Northeast,1.49476908,1.699117957,1.777624916,1.849054453,1.964953879,0.121943768,1.766224988,340885.9632,1967,0.618650901,1071223.917,145526.4345,0.309325451,46743,CBA
Oncorhynchus_nerka-Pacific_Northeast,Oncorhynchus nerka,Sockeye(=Red) salmon,"Salmons, trouts, smelts",Pacific Northeast,1.454437516,1.62827799,1.700095398,1.773145362,1.908866799,0.115629573,1.696517303,340885.9632,1968,0.618650901,1071223.917,145526.4345,0.309325451,88675,CBA
Oncorhynchus_nerka-Pacific_Northeast,Oncorhynchus nerka,Sockeye(=Red) salmon,"Salmons, trouts, smelts",Pacific Northeast,1.484324135,1.675390781,1.756069366,1.830600104,1.955226106,0.120780386,1.746761835,340885.9632,1969,0.618650901,1071223.917,145526.4345,0.309325451,47843,CBA
Oncorhynchus_nerka-Pacific_Northeast,Oncorhynchus nerka,Sockeye(=Red) salmon,"Salmons, trouts, smelts",Pacific Northeast,1.458436941,1.624817104,1.698358684,1.772711817,1.907566426,0.114708279,1.694906771,340885.9632,1970,0.618650901,1071223.917,145526.4345,0.309325451,83800,CBA
Oncorhynchus_nerka-Pacific_Northeast,Oncorhynchus nerka,Sockeye(=Red) salmon,"Salmons, trouts, smelts",Pacific Northeast,1.462000631,1.637754289,1.712203053,1.783306457,1.918479105,0.115342346,1.706501216,340885.9632,1971,0.618650901,1071223.917,145526.4345,0.309325451,65700,CBA
Oncorhynchus_nerka-Pacific_Northeast,Oncorhynchus nerka,Sockeye(=Red) salmon,"Salmons, trouts, smelts",Pacific Northeast,1.511255478,1.702575842,1.785974823,1.862376689,1.973550265,0.119686763,1.77557489,340885.9632,1972,0.618650901,1071223.917,145526.4345,0.309325451,31800,CBA
Oncorhynchus_nerka-Pacific_Northeast,Oncorhynchus nerka,Sockeye(=Red) salmon,"Salmons, trouts, smelts",Pacific Northeast,1.52937229,1.712537424,1.79009549,1.860613579,1.969663046,0.112766611,1.780124859,340885.9632,1973,0.618650901,1071223.917,145526.4345,0.309325451,44500,CBA
Oncorhynchus_nerka-Pacific_Northeast,Oncorhynchus nerka,Sockeye(=Red) salmon,"Salmons, trouts, smelts",Pacific Northeast,1.551630684,1.71805909,1.794105027,1.863805709,1.970482673,0.109017025,1.786334008,340885.9632,1974,0.618650901,1071223.917,145526.4345,0.309325451,43819,CBA
Oncorhynchus_nerka-Pacific_Northeast,Oncorhynchus nerka,Sockeye(=Red) salmon,"Salmons, trouts, smelts",Pacific Northeast,1.585323163,1.751887074,1.827699465,1.894893216,1.985174851,0.105656138,1.817360829,340885.9632,1975,0.618650901,1071223.917,145526.4345,0.309325451,29412,CBA
Oncorhynchus_nerka-Pacific_Northeast,Oncorhynchus nerka,Sockeye(=Red) salmon,"Salmons, trouts, smelts",Pacific Northeast,1.577258569,1.732610874,1.801698128,1.869355127,1.97250233,0.102309505,1.79618212,340885.9632,1976,0.618650901,1071223.917,145526.4345,0.309325451,50287,CBA
Oncorhynchus_nerka-Pacific_Northeast,Oncorhynchus nerka,Sockeye(=Red) salmon,"Salmons, trouts, smelts",Pacific Northeast,1.567096374,1.709959513,1.780149264,1.84890636,1.96134242,0.101753755,1.77677124,340885.9632,1977,0.618650901,1071223.917,145526.4345,0.309325451,58181,CBA
Oncorhynchus_nerka-Pacific_Northeast,Oncorhynchus nerka,Sockeye(=Red) salmon,"Salmons, trouts, smelts",Pacific Northeast,1.542562892,1.683328341,1.753596932,1.825567344,1.945376897,0.103987956,1.75270272,340885.9632,1978,0.618650901,1071223.917,145526.4345,0.309325451,67094,CBA
Oncorhynchus_nerka-Pacific_Northeast,Oncorhynchus nerka,Sockeye(=Red) salmon,"Salmons, trouts, smelts",Pacific Northeast,1.471894102,1.59988642,1.670209684,1.743704649,1.891923496,0.106770001,1.67302359,340885.9632,1979,0.618650901,1071223.917,145526.4345,0.309325451,101045,CBA
Oncorhynchus_nerka-Pacific_Northeast,Oncorhynchus nerka,Sockeye(=Red) salmon,"Salmons, trouts, smelts",Pacific Northeast,1.423623301,1.554973597,1.627357234,1.701980541,1.856271839,0.10989473,1.630515459,340885.9632,1980,0.618650901,1071223.917,145526.4345,0.309325451,101872,CBA
Oncorhynchus_nerka-Pacific_Northeast,Oncorhynchus nerka,Sockeye(=Red) salmon,"Salmons, trouts, smelts",Pacific Northeast,1.354960482,1.484204167,1.557245631,1.635498355,1.797366243,0.113002395,1.562162275,340885.9632,1981,0.618650901,1071223.917,145526.4345,0.309325451,123591,CBA
Oncorhynchus_nerka-Pacific_Northeast,Oncorhynchus nerka,Sockeye(=Red) salmon,"Salmons, trouts, smelts",Pacific Northeast,1.312271556,1.444717345,1.520217765,1.599022695,1.757880165,0.114095203,1.523965604,340885.9632,1982,0.618650901,1071223.917,145526.4345,0.309325451,120940,CBA
Oncorhynchus_nerka-Pacific_Northeast,Oncorhynchus nerka,Sockeye(=Red) salmon,"Salmons, trouts, smelts",Pacific Northeast,1.211603033,1.341261927,1.418817474,1.504382894,1.674392533,0.120071741,1.425700307,340885.9632,1983,0.618650901,1071223.917,145526.4345,0.309325451,155007,CBA
Oncorhynchus_nerka-Pacific_Northeast,Oncorhynchus nerka,Sockeye(=Red) salmon,"Salmons, trouts, smelts",Pacific Northeast,1.212380042,1.355149129,1.434938898,1.519526181,1.689230665,0.121608091,1.438891044,340885.9632,1984,0.618650901,1071223.917,145526.4345,0.309325451,117053,CBA
Oncorhynchus_nerka-Pacific_Northeast,Oncorhynchus nerka,Sockeye(=Red) salmon,"Salmons, trouts, smelts",Pacific Northeast,1.17202746,1.314027898,1.395322851,1.480398039,1.657329566,0.123531771,1.399628967,340885.9632,1985,0.618650901,1071223.917,145526.4345,0.309325451,138652,CBA
Oncorhynchus_nerka-Pacific_Northeast,Oncorhynchus nerka,Sockeye(=Red) salmon,"Salmons, trouts, smelts",Pacific Northeast,1.162070122,1.310035178,1.392687452,1.480579989,1.649600642,0.125383422,1.396871907,340885.9632,1986,0.618650901,1071223.917,145526.4345,0.309325451,126063,CBA
Oncorhynchus_nerka-Pacific_Northeast,Oncorhynchus nerka,Sockeye(=Red) salmon,"Salmons, trouts, smelts",Pacific Northeast,1.166109355,1.322518665,1.408927162,1.496663163,1.665775554,0.127664952,1.410968486,340885.9632,1987,0.618650901,1071223.917,145526.4345,0.309325451,117976,CBA
Oncorhynchus_nerka-Pacific_Northeast,Oncorhynchus nerka,Sockeye(=Red) salmon,"Salmons, trouts, smelts",Pacific Northeast,1.209828917,1.378262771,1.46854268,1.55865407,1.723280869,0.131963188,1.468097096,340885.9632,1988,0.618650901,1071223.917,145526.4345,0.309325451,95751,CBA
Oncorhynchus_nerka-Pacific_Northeast,Oncorhynchus nerka,Sockeye(=Red) salmon,"Salmons, trouts, smelts",Pacific Northeast,1.143885799,1.291500837,1.370683159,1.452081237,1.624896009,0.121143287,1.374335396,340885.9632,1989,0.618650901,1071223.917,145526.4345,0.309325451,158685,CBA
Oncorhynchus_nerka-Pacific_Northeast,Oncorhynchus nerka,Sockeye(=Red) salmon,"Salmons, trouts, smelts",Pacific Northeast,1.04950136,1.175953965,1.252402437,1.339460385,1.534000981,0.124511984,1.263328339,340885.9632,1990,0.618650901,1071223.917,145526.4345,0.309325451,181067,CBA
Oncorhynchus_nerka-Pacific_Northeast,Oncorhynchus nerka,Sockeye(=Red) salmon,"Salmons, trouts, smelts",Pacific Northeast,1.023424394,1.157004983,1.238372485,1.329342405,1.529940405,0.128743593,1.24912919,340885.9632,1991,0.618650901,1071223.917,145526.4345,0.309325451,146776,CBA
Oncorhynchus_nerka-Pacific_Northeast,Oncorhynchus nerka,Sockeye(=Red) salmon,"Salmons, trouts, smelts",Pacific Northeast,0.950000372,1.071559296,1.152849286,1.253561174,1.470240999,0.135499021,1.170063713,340885.9632,1992,0.618650901,1071223.917,145526.4345,0.309325451,177824,CBA
Oncorhynchus_nerka-Pacific_Northeast,Oncorhynchus nerka,Sockeye(=Red) salmon,"Salmons, trouts, smelts",Pacific Northeast,0.770469214,0.887358909,0.983145407,1.105090188,1.357968636,0.155848701,1.00627679,340885.9632,1993,0.618650901,1071223.917,145526.4345,0.309325451,221496,CBA
Oncorhynchus_nerka-Pacific_Northeast,Oncorhynchus nerka,Sockeye(=Red) salmon,"Salmons, trouts, smelts",Pacific Northeast,0.68985401,0.819833672,0.933976176,1.073373465,1.343628844,0.176325149,0.958149446,340885.9632,1994,0.618650901,1071223.917,145526.4345,0.309325451,168915,CBA
Oncorhynchus_nerka-Pacific_Northeast,Oncorhynchus nerka,Sockeye(=Red) salmon,"Salmons, trouts, smelts",Pacific Northeast,0.588736031,0.745116245,0.882067448,1.044936746,1.336614048,0.203237077,0.905063017,340885.9632,1995,0.618650901,1071223.917,145526.4345,0.309325451,169151,CBA
Oncorhynchus_nerka-Pacific_Northeast,Oncorhynchus nerka,Sockeye(=Red) salmon,"Salmons, trouts, smelts",Pacific Northeast,0.475056326,0.678929524,0.844126895,1.035292789,1.347585302,0.237522799,0.864697409,340885.9632,1996,0.618650901,1071223.917,145526.4345,0.309325451,159855,CBA
Oncorhynchus_nerka-Pacific_Northeast,Oncorhynchus nerka,Sockeye(=Red) salmon,"Salmons, trouts, smelts",Pacific Northeast,0.449618373,0.699597365,0.900642374,1.119227506,1.445694763,0.272865993,0.914548752,340885.9632,1997,0.618650901,1071223.917,145526.4345,0.309325451,112574,CBA
Oncorhynchus_nerka-Pacific_Northeast,Oncorhynchus nerka,Sockeye(=Red) salmon,"Salmons, trouts, smelts",Pacific Northeast,0.543159137,0.819694038,1.056758808,1.296952017,1.63865128,0.303086451,1.064901872,340885.9632,1998,0.618650901,1071223.917,145526.4345,0.309325451,63247,CBA
Oncorhynchus_nerka-Pacific_Northeast,Oncorhynchus nerka,Sockeye(=Red) salmon,"Salmons, trouts, smelts",Pacific Northeast,0.539835332,0.852132517,1.115410336,1.360602298,1.648696405,0.312987751,1.106624266,340885.9632,1999,0.618650901,1071223.917,145526.4345,0.309325451,112433,CBA
Oncorhynchus_nerka-Pacific_Northeast,Oncorhynchus nerka,Sockeye(=Red) salmon,"Salmons, trouts, smelts",Pacific Northeast,0.55483543,0.907122667,1.191639902,1.432222421,1.685990476,0.321047738,1.163272428,340885.9632,2000,0.618650901,1071223.917,145526.4345,0.309325451,103074,CBA
Oncorhynchus_nerka-Pacific_Northeast,Oncorhynchus nerka,Sockeye(=Red) salmon,"Salmons, trouts, smelts",Pacific Northeast,0.610938557,0.990621711,1.299245166,1.527757912,1.756248436,0.326475197,1.253870399,340885.9632,2001,0.618650901,1071223.917,145526.4345,0.309325451,83403,CBA
Oncorhynchus_nerka-Pacific_Northeast,Oncorhynchus nerka,Sockeye(=Red) salmon,"Salmons, trouts, smelts",Pacific Northeast,0.706063134,1.096640779,1.411947571,1.616369012,1.829480211,0.320457117,1.352465049,340885.9632,2002,0.618650901,1071223.917,145526.4345,0.309325451,71703,CBA
Oncorhynchus_nerka-Pacific_Northeast,Oncorhynchus nerka,Sockeye(=Red) salmon,"Salmons, trouts, smelts",Pacific Northeast,0.767842843,1.1697023,1.464944833,1.626583931,1.809726996,0.295262751,1.391042497,340885.9632,2003,0.618650901,1071223.917,145526.4345,0.309325451,90056,CBA
Oncorhynchus_nerka-Pacific_Northeast,Oncorhynchus nerka,Sockeye(=Red) salmon,"Salmons, trouts, smelts",Pacific Northeast,0.775852073,1.187094518,1.434760779,1.566823571,1.745440033,0.266419498,1.365170306,340885.9632,2004,0.618650901,1071223.917,145526.4345,0.309325451,119236,CBA
Oncorhynchus_nerka-Pacific_Northeast,Oncorhynchus nerka,Sockeye(=Red) salmon,"Salmons, trouts, smelts",Pacific Northeast,0.784235663,1.19944564,1.415453047,1.534478257,1.714378818,0.250785897,1.350737259,340885.9632,2005,0.618650901,1071223.917,145526.4345,0.309325451,120787,CBA
Oncorhynchus_nerka-Pacific_Northeast,Oncorhynchus nerka,Sockeye(=Red) salmon,"Salmons, trouts, smelts",Pacific Northeast,0.790907056,1.205210268,1.409380426,1.523894513,1.695295394,0.242966567,1.348009104,340885.9632,2006,0.618650901,1071223.917,145526.4345,0.309325451,118293,CBA
Oncorhynchus_nerka-Pacific_Northeast,Oncorhynchus nerka,Sockeye(=Red) salmon,"Salmons, trouts, smelts",Pacific Northeast,0.776564569,1.197394904,1.383772489,1.495959086,1.671390954,0.235530319,1.327412162,340885.9632,2007,0.618650901,1071223.917,145526.4345,0.309325451,127553,CBA
Oncorhynchus_nerka-Pacific_Northeast,Oncorhynchus nerka,Sockeye(=Red) salmon,"Salmons, trouts, smelts",Pacific Northeast,0.80226296,1.229780858,1.420634859,1.533150585,1.71418745,0.238140384,1.363176012,340885.9632,2008,0.618650901,1071223.917,145526.4345,0.309325451,103881,CBA
Oncorhynchus_nerka-Pacific_Northeast,Oncorhynchus nerka,Sockeye(=Red) salmon,"Salmons, trouts, smelts",Pacific Northeast,0.807097362,1.237081358,1.415596214,1.52439974,1.694009846,0.23094791,1.360904336,340885.9632,2009,0.618650901,1071223.917,145526.4345,0.309325451,116847,CBA
Oncorhynchus_nerka-Pacific_Northeast,Oncorhynchus nerka,Sockeye(=Red) salmon,"Salmons, trouts, smelts",Pacific Northeast,0.77910968,1.210283647,1.369473495,1.473641261,1.649289763,0.221575512,1.320752439,340885.9632,2010,0.618650901,1071223.917,145526.4345,0.309325451,134749,CBA
Oncorhynchus_nerka-Pacific_Northeast,Oncorhynchus nerka,Sockeye(=Red) salmon,"Salmons, trouts, smelts",Pacific Northeast,0.772870882,1.221677124,1.37927529,1.484873016,1.660236514,0.224149616,1.330451417,340885.9632,2011,0.618650901,1071223.917,145526.4345,0.309325451,116279,CBA
Oncorhynchus_nerka-Pacific_Northeast,Oncorhynchus nerka,Sockeye(=Red) salmon,"Salmons, trouts, smelts",Pacific Northeast,0.796375023,1.261939929,1.42038631,1.529428734,1.703103107,0.228792188,1.371312422,340885.9632,2012,0.618650901,1071223.917,145526.4345,0.309325451,98620,CBA
Oncorhynchus_nerka-Pacific_Northeast,Oncorhynchus nerka,Sockeye(=Red) salmon,"Salmons, trouts, smelts",Pacific Northeast,0.844744694,1.319188113,1.479808649,1.590966454,1.770935467,0.230716248,1.431686313,340885.9632,2013,0.618650901,1071223.917,145526.4345,0.309325451,81685,CBA
Oncorhynchus_nerka-Pacific_Northeast,Oncorhynchus nerka,Sockeye(=Red) salmon,"Salmons, trouts, smelts",Pacific Northeast,0.812126088,1.273470981,1.396497684,1.479375178,1.63011701,0.197689388,1.35075247,340885.9632,2014,0.618650901,1071223.917,145526.4345,0.309325451,137082,CBA
Oncorhynchus_nerka-Pacific_Northeast,Oncorhynchus nerka,Sockeye(=Red) salmon,"Salmons, trouts, smelts",Pacific Northeast,0.778821788,1.238571499,1.341959107,1.416146801,1.537475619,0.181147431,1.298551877,340885.9632,2015,0.618650901,1071223.917,145526.4345,0.309325451,133947,CBA
Oncorhynchus_nerka-Pacific_Northeast,Oncorhynchus nerka,Sockeye(=Red) salmon,"Salmons, trouts, smelts",Pacific Northeast,0.748280506,1.216688055,1.312511876,1.363070744,1.396806906,0.163250635,1.254384875,340885.9632,2016,0.618650901,1071223.917,145526.4345,0.309325451,131850,CBA
Oncorhynchus_nerka-Pacific_Northwest,Oncorhynchus nerka,Sockeye(=Red) salmon,"Salmons, trouts, smelts",Pacific Northwest,1.04672545,1.282824659,1.461901001,1.651871063,1.914790104,0.23818211,1.469241621,140178.3468,1950,0.610570989,216162.0855,30800.60609,0.305285494,9300,CBA
Oncorhynchus_nerka-Pacific_Northwest,Oncorhynchus nerka,Sockeye(=Red) salmon,"Salmons, trouts, smelts",Pacific Northwest,1.175625982,1.454034002,1.626707752,1.772008161,1.946144265,0.20987285,1.604882103,140178.3468,1951,0.610570989,216162.0855,30800.60609,0.305285494,7700,CBA
Oncorhynchus_nerka-Pacific_Northwest,Oncorhynchus nerka,Sockeye(=Red) salmon,"Salmons, trouts, smelts",Pacific Northwest,1.281634518,1.561955755,1.707531857,1.815950434,1.96007954,0.180901529,1.67877703,140178.3468,1952,0.610570989,216162.0855,30800.60609,0.305285494,9200,CBA
Oncorhynchus_nerka-Pacific_Northwest,Oncorhynchus nerka,Sockeye(=Red) salmon,"Salmons, trouts, smelts",Pacific Northwest,1.347759743,1.608312654,1.720878602,1.811451565,1.951183114,0.155048902,1.699923723,140178.3468,1953,0.610570989,216162.0855,30800.60609,0.305285494,12300,CBA
Oncorhynchus_nerka-Pacific_Northwest,Oncorhynchus nerka,Sockeye(=Red) salmon,"Salmons, trouts, smelts",Pacific Northwest,1.33690778,1.555901563,1.647804864,1.72744868,1.876566828,0.134412361,1.636169743,140178.3468,1954,0.610570989,216162.0855,30800.60609,0.305285494,20900,CBA
Oncorhynchus_nerka-Pacific_Northwest,Oncorhynchus nerka,Sockeye(=Red) salmon,"Salmons, trouts, smelts",Pacific Northwest,1.189854472,1.351987647,1.435050276,1.517884593,1.684507011,0.124526137,1.435780796,140178.3468,1955,0.610570989,216162.0855,30800.60609,0.305285494,38300,CBA
Oncorhynchus_nerka-Pacific_Northwest,Oncorhynchus nerka,Sockeye(=Red) salmon,"Salmons, trouts, smelts",Pacific Northwest,1.10794694,1.275559489,1.364691025,1.456491177,1.634949711,0.133829424,1.367221277,140178.3468,1956,0.610570989,216162.0855,30800.60609,0.305285494,32200,CBA
Oncorhynchus_nerka-Pacific_Northwest,Oncorhynchus nerka,Sockeye(=Red) salmon,"Salmons, trouts, smelts",Pacific Northwest,1.040305254,1.213222047,1.312563756,1.415297099,1.606062813,0.146000001,1.315550579,140178.3468,1957,0.610570989,216162.0855,30800.60609,0.305285494,31900,CBA
Oncorhynchus_nerka-Pacific_Northwest,Oncorhynchus nerka,Sockeye(=Red) salmon,"Salmons, trouts, smelts",Pacific Northwest,0.940178599,1.116901248,1.229893987,1.344069955,1.550876355,0.159820303,1.233204413,140178.3468,1958,0.610570989,216162.0855,30800.60609,0.305285494,36000,CBA
Oncorhynchus_nerka-Pacific_Northwest,Oncorhynchus nerka,Sockeye(=Red) salmon,"Salmons, trouts, smelts",Pacific Northwest,0.896711031,1.086504514,1.221546817,1.351319669,1.572812096,0.180648306,1.222979484,140178.3468,1959,0.610570989,216162.0855,30800.60609,0.305285494,29800,CBA
Oncorhynchus_nerka-Pacific_Northwest,Oncorhynchus nerka,Sockeye(=Red) salmon,"Salmons, trouts, smelts",Pacific Northwest,0.82542877,1.028168672,1.183771089,1.329690944,1.555632415,0.198850509,1.182304904,140178.3468,1960,0.610570989,216162.0855,30800.60609,0.305285494,32800,CBA
Oncorhynchus_nerka-Pacific_Northwest,Oncorhynchus nerka,Sockeye(=Red) salmon,"Salmons, trouts, smelts",Pacific Northwest,0.734909218,0.955854023,1.138465752,1.296110795,1.537586067,0.220101553,1.130385161,140178.3468,1961,0.610570989,216162.0855,30800.60609,0.305285494,34100,CBA
Oncorhynchus_nerka-Pacific_Northwest,Oncorhynchus nerka,Sockeye(=Red) salmon,"Salmons, trouts, smelts",Pacific Northwest,0.668676295,0.922617516,1.136546794,1.310476867,1.561225923,0.248249666,1.119282274,140178.3468,1962,0.610570989,216162.0855,30800.60609,0.305285494,30300,CBA
Oncorhynchus_nerka-Pacific_Northwest,Oncorhynchus nerka,Sockeye(=Red) salmon,"Salmons, trouts, smelts",Pacific Northwest,0.616463419,0.906679222,1.157239663,1.346823405,1.600383574,0.278228257,1.128638285,140178.3468,1963,0.610570989,216162.0855,30800.60609,0.305285494,27700,CBA
Oncorhynchus_nerka-Pacific_Northwest,Oncorhynchus nerka,Sockeye(=Red) salmon,"Salmons, trouts, smelts",Pacific Northwest,0.61883768,0.968263737,1.253865629,1.462038201,1.714821147,0.312513869,1.211513011,140178.3468,1964,0.610570989,216162.0855,30800.60609,0.305285494,19600,CBA
Oncorhynchus_nerka-Pacific_Northwest,Oncorhynchus nerka,Sockeye(=Red) salmon,"Salmons, trouts, smelts",Pacific Northwest,0.618849858,1.023150101,1.336453655,1.539209899,1.773369064,0.329560559,1.273486611,140178.3468,1965,0.610570989,216162.0855,30800.60609,0.305285494,19700,CBA
Oncorhynchus_nerka-Pacific_Northwest,Oncorhynchus nerka,Sockeye(=Red) salmon,"Salmons, trouts, smelts",Pacific Northwest,0.59134031,1.052538419,1.371454978,1.551843281,1.756696178,0.332825511,1.287867733,140178.3468,1966,0.610570989,216162.0855,30800.60609,0.305285494,23000,CBA
Oncorhynchus_nerka-Pacific_Northwest,Oncorhynchus nerka,Sockeye(=Red) salmon,"Salmons, trouts, smelts",Pacific Northwest,0.511215086,1.02777456,1.337291229,1.496477878,1.692529285,0.332465741,1.242148095,140178.3468,1967,0.610570989,216162.0855,30800.60609,0.305285494,28800,CBA
Oncorhynchus_nerka-Pacific_Northwest,Oncorhynchus nerka,Sockeye(=Red) salmon,"Salmons, trouts, smelts",Pacific Northwest,0.450362773,1.035699198,1.357040431,1.513212177,1.713990213,0.351629865,1.249409,140178.3468,1968,0.610570989,216162.0855,30800.60609,0.305285494,24600,CBA
Oncorhynchus_nerka-Pacific_Northwest,Oncorhynchus nerka,Sockeye(=Red) salmon,"Salmons, trouts, smelts",Pacific Northwest,0.437801804,1.11484765,1.444394166,1.603790944,1.800635392,0.37669709,1.323561015,140178.3468,1969,0.610570989,216162.0855,30800.60609,0.305285494,17200,CBA
Oncorhynchus_nerka-Pacific_Northwest,Oncorhynchus nerka,Sockeye(=Red) salmon,"Salmons, trouts, smelts",Pacific Northwest,0.3780893,1.140798805,1.453422143,1.593290511,1.782438813,0.380542095,1.32126955,140178.3468,1970,0.610570989,216162.0855,30800.60609,0.305285494,22600,CBA
Oncorhynchus_nerka-Pacific_Northwest,Oncorhynchus nerka,Sockeye(=Red) salmon,"Salmons, trouts, smelts",Pacific Northwest,0.381222504,1.245452114,1.549166989,1.689482922,1.874541043,0.399943225,1.409843344,140178.3468,1971,0.610570989,216162.0855,30800.60609,0.305285494,13400,CBA
Oncorhynchus_nerka-Pacific_Northwest,Oncorhynchus nerka,Sockeye(=Red) salmon,"Salmons, trouts, smelts",Pacific Northwest,0.393069843,1.350798735,1.62391312,1.752221466,1.916908389,0.401395433,1.480221253,140178.3468,1972,0.610570989,216162.0855,30800.60609,0.305285494,12100,CBA
Oncorhynchus_nerka-Pacific_Northwest,Oncorhynchus nerka,Sockeye(=Red) salmon,"Salmons, trouts, smelts",Pacific Northwest,0.41307644,1.445103367,1.680190055,1.793346319,1.94326976,0.393491375,1.537884021,140178.3468,1973,0.610570989,216162.0855,30800.60609,0.305285494,11100,CBA
Oncorhynchus_nerka-Pacific_Northwest,Oncorhynchus nerka,Sockeye(=Red) salmon,"Salmons, trouts, smelts",Pacific Northwest,0.453287973,1.535676523,1.726654769,1.830636064,1.964491308,0.379107107,1.594140975,140178.3468,1974,0.610570989,216162.0855,30800.60609,0.305285494,9155,CBA
Oncorhynchus_nerka-Pacific_Northwest,Oncorhynchus nerka,Sockeye(=Red) salmon,"Salmons, trouts, smelts",Pacific Northwest,0.497122446,1.593613364,1.752895038,1.846447903,1.967540466,0.359141068,1.632065299,140178.3468,1975,0.610570989,216162.0855,30800.60609,0.305285494,9132,CBA
Oncorhynchus_nerka-Pacific_Northwest,Oncorhynchus nerka,Sockeye(=Red) salmon,"Salmons, trouts, smelts",Pacific Northwest,0.54478923,1.625931315,1.758002936,1.843982088,1.968146849,0.337862911,1.651592544,140178.3468,1976,0.610570989,216162.0855,30800.60609,0.305285494,10014,CBA
Oncorhynchus_nerka-Pacific_Northwest,Oncorhynchus nerka,Sockeye(=Red) salmon,"Salmons, trouts, smelts",Pacific Northwest,0.626259286,1.675579174,1.795257616,1.879338507,1.978409654,0.318398586,1.699177282,140178.3468,1977,0.610570989,216162.0855,30800.60609,0.305285494,6368,CBA
Oncorhynchus_nerka-Pacific_Northwest,Oncorhynchus nerka,Sockeye(=Red) salmon,"Salmons, trouts, smelts",Pacific Northwest,0.707773788,1.690863974,1.796081252,1.873208385,1.975930985,0.295534734,1.712416788,140178.3468,1978,0.610570989,216162.0855,30800.60609,0.305285494,8552,CBA
Oncorhynchus_nerka-Pacific_Northwest,Oncorhynchus nerka,Sockeye(=Red) salmon,"Salmons, trouts, smelts",Pacific Northwest,0.792254445,1.699379479,1.79883953,1.874506642,1.978477605,0.275177941,1.726815445,140178.3468,1979,0.610570989,216162.0855,30800.60609,0.305285494,8283,CBA
Oncorhynchus_nerka-Pacific_Northwest,Oncorhynchus nerka,Sockeye(=Red) salmon,"Salmons, trouts, smelts",Pacific Northwest,0.876291788,1.712126408,1.806345561,1.881324579,1.979964809,0.256502179,1.743417977,140178.3468,1980,0.610570989,216162.0855,30800.60609,0.305285494,7588,CBA
Oncorhynchus_nerka-Pacific_Northwest,Oncorhynchus nerka,Sockeye(=Red) salmon,"Salmons, trouts, smelts",Pacific Northwest,0.984421844,1.728728789,1.818458917,1.889100607,1.981802137,0.237638988,1.762734414,140178.3468,1981,0.610570989,216162.0855,30800.60609,0.305285494,6638,CBA
Oncorhynchus_nerka-Pacific_Northwest,Oncorhynchus nerka,Sockeye(=Red) salmon,"Salmons, trouts, smelts",Pacific Northwest,1.09812157,1.750132679,1.833525506,1.902237705,1.98585621,0.218189552,1.785460075,140178.3468,1982,0.610570989,216162.0855,30800.60609,0.305285494,5468,CBA
Oncorhynchus_nerka-Pacific_Northwest,Oncorhynchus nerka,Sockeye(=Red) salmon,"Salmons, trouts, smelts",Pacific Northwest,1.20663607,1.758587876,1.83855612,1.904509655,1.985213982,0.200010714,1.796784924,140178.3468,1983,0.610570989,216162.0855,30800.60609,0.305285494,5804,CBA
Oncorhynchus_nerka-Pacific_Northwest,Oncorhynchus nerka,Sockeye(=Red) salmon,"Salmons, trouts, smelts",Pacific Northwest,1.29383475,1.738265312,1.817666377,1.885475397,1.980138289,0.184900069,1.784302782,140178.3468,1984,0.610570989,216162.0855,30800.60609,0.305285494,8450,CBA
Oncorhynchus_nerka-Pacific_Northwest,Oncorhynchus nerka,Sockeye(=Red) salmon,"Salmons, trouts, smelts",Pacific Northwest,1.38543297,1.756110107,1.83213201,1.899806202,1.985195766,0.171309965,1.803132775,140178.3468,1985,0.610570989,216162.0855,30800.60609,0.305285494,5812,CBA
Oncorhynchus_nerka-Pacific_Northwest,Oncorhynchus nerka,Sockeye(=Red) salmon,"Salmons, trouts, smelts",Pacific Northwest,1.4488642,1.760827144,1.837839231,1.904906774,1.986950155,0.159429669,1.811542416,140178.3468,1986,0.610570989,216162.0855,30800.60609,0.305285494,5822,CBA
Oncorhynchus_nerka-Pacific_Northwest,Oncorhynchus nerka,Sockeye(=Red) salmon,"Salmons, trouts, smelts",Pacific Northwest,1.495052195,1.759082229,1.834076799,1.901238316,1.985613186,0.148703543,1.811987318,140178.3468,1987,0.610570989,216162.0855,30800.60609,0.305285494,6550,CBA
Oncorhynchus_nerka-Pacific_Northwest,Oncorhynchus nerka,Sockeye(=Red) salmon,"Salmons, trouts, smelts",Pacific Northwest,1.53983786,1.763176065,1.838586584,1.904200733,1.986021492,0.138187213,1.818744076,140178.3468,1988,0.610570989,216162.0855,30800.60609,0.305285494,5798,CBA
Oncorhynchus_nerka-Pacific_Northwest,Oncorhynchus nerka,Sockeye(=Red) salmon,"Salmons, trouts, smelts",Pacific Northwest,1.576646455,1.786809989,1.857881168,1.920458308,1.99009574,0.126986841,1.839093896,140178.3468,1989,0.610570989,216162.0855,30800.60609,0.305285494,3741,CBA
Oncorhynchus_nerka-Pacific_Northwest,Oncorhynchus nerka,Sockeye(=Red) salmon,"Salmons, trouts, smelts",Pacific Northwest,1.598882624,1.783716524,1.852195191,1.91471889,1.987316027,0.118759021,1.836924375,140178.3468,1990,0.610570989,216162.0855,30800.60609,0.305285494,5724,CBA
Oncorhynchus_nerka-Pacific_Northwest,Oncorhynchus nerka,Sockeye(=Red) salmon,"Salmons, trouts, smelts",Pacific Northwest,1.60336597,1.779140026,1.847502193,1.911021866,1.98684646,0.113638831,1.834146993,140178.3468,1991,0.610570989,216162.0855,30800.60609,0.305285494,6679,CBA
Oncorhynchus_nerka-Pacific_Northwest,Oncorhynchus nerka,Sockeye(=Red) salmon,"Salmons, trouts, smelts",Pacific Northwest,1.571958843,1.730673054,1.800466683,1.866671567,1.969417987,0.112052403,1.792294455,140178.3468,1992,0.610570989,216162.0855,30800.60609,0.305285494,12169,CBA
Oncorhynchus_nerka-Pacific_Northwest,Oncorhynchus nerka,Sockeye(=Red) salmon,"Salmons, trouts, smelts",Pacific Northwest,1.539370808,1.701449894,1.771279792,1.840973369,1.957554125,0.11319272,1.765684291,140178.3468,1993,0.610570989,216162.0855,30800.60609,0.305285494,13215,CBA
Oncorhynchus_nerka-Pacific_Northwest,Oncorhynchus nerka,Sockeye(=Red) salmon,"Salmons, trouts, smelts",Pacific Northwest,1.551754019,1.718659657,1.793524855,1.864898452,1.972323809,0.114527379,1.785459236,140178.3468,1994,0.610570989,216162.0855,30800.60609,0.305285494,9362,CBA
Oncorhynchus_nerka-Pacific_Northwest,Oncorhynchus nerka,Sockeye(=Red) salmon,"Salmons, trouts, smelts",Pacific Northwest,1.533469323,1.702490173,1.776671553,1.846378807,1.961462729,0.113402682,1.769277888,140178.3468,1995,0.610570989,216162.0855,30800.60609,0.305285494,12153,CBA
Oncorhynchus_nerka-Pacific_Northwest,Oncorhynchus nerka,Sockeye(=Red) salmon,"Salmons, trouts, smelts",Pacific Northwest,1.468011071,1.626288554,1.700754522,1.77217876,1.910420365,0.114306838,1.697079631,140178.3468,1996,0.610570989,216162.0855,30800.60609,0.305285494,19281,CBA
Oncorhynchus_nerka-Pacific_Northwest,Oncorhynchus nerka,Sockeye(=Red) salmon,"Salmons, trouts, smelts",Pacific Northwest,1.448917457,1.61733609,1.695604612,1.771439323,1.908942143,0.119009753,1.690951734,140178.3468,1997,0.610570989,216162.0855,30800.60609,0.305285494,15856,CBA
Oncorhynchus_nerka-Pacific_Northwest,Oncorhynchus nerka,Sockeye(=Red) salmon,"Salmons, trouts, smelts",Pacific Northwest,1.463528764,1.652515779,1.734387632,1.812824423,1.944513394,0.122499026,1.727491515,140178.3468,1998,0.610570989,216162.0855,30800.60609,0.305285494,11470,CBA
Oncorhynchus_nerka-Pacific_Northwest,Oncorhynchus nerka,Sockeye(=Red) salmon,"Salmons, trouts, smelts",Pacific Northwest,1.489054781,1.678502836,1.76178816,1.838383619,1.961657107,0.122229163,1.752908928,140178.3468,1999,0.610570989,216162.0855,30800.60609,0.305285494,10452,CBA
Oncorhynchus_nerka-Pacific_Northwest,Oncorhynchus nerka,Sockeye(=Red) salmon,"Salmons, trouts, smelts",Pacific Northwest,1.477622527,1.654594369,1.732475461,1.806100637,1.936200479,0.117944299,1.725658883,140178.3468,2000,0.610570989,216162.0855,30800.60609,0.305285494,14771,CBA
Oncorhynchus_nerka-Pacific_Northwest,Oncorhynchus nerka,Sockeye(=Red) salmon,"Salmons, trouts, smelts",Pacific Northwest,1.481075695,1.655304518,1.736086309,1.81225557,1.940734763,0.11870716,1.729468603,140178.3468,2001,0.610570989,216162.0855,30800.60609,0.305285494,13087,CBA
Oncorhynchus_nerka-Pacific_Northwest,Oncorhynchus nerka,Sockeye(=Red) salmon,"Salmons, trouts, smelts",Pacific Northwest,1.444104723,1.612020337,1.688377433,1.763187672,1.901228082,0.11594321,1.684604512,140178.3468,2002,0.610570989,216162.0855,30800.60609,0.305285494,17930,CBA
Oncorhynchus_nerka-Pacific_Northwest,Oncorhynchus nerka,Sockeye(=Red) salmon,"Salmons, trouts, smelts",Pacific Northwest,1.50254148,1.685551681,1.774807978,1.851011606,1.968823231,0.121294256,1.763531925,140178.3468,2003,0.610570989,216162.0855,30800.60609,0.305285494,7007,CBA
Oncorhynchus_nerka-Pacific_Northwest,Oncorhynchus nerka,Sockeye(=Red) salmon,"Salmons, trouts, smelts",Pacific Northwest,1.509210666,1.68606286,1.766414908,1.84212831,1.960376053,0.116348155,1.758720493,140178.3468,2004,0.610570989,216162.0855,30800.60609,0.305285494,11818,CBA
Oncorhynchus_nerka-Pacific_Northwest,Oncorhynchus nerka,Sockeye(=Red) salmon,"Salmons, trouts, smelts",Pacific Northwest,1.524696586,1.699084484,1.778748981,1.852870807,1.965995337,0.1136224,1.770789006,140178.3468,2005,0.610570989,216162.0855,30800.60609,0.305285494,10589,CBA
Oncorhynchus_nerka-Pacific_Northwest,Oncorhynchus nerka,Sockeye(=Red) salmon,"Salmons, trouts, smelts",Pacific Northwest,1.492726631,1.648324603,1.723788703,1.798950701,1.931498769,0.111363398,1.72094872,140178.3468,2006,0.610570989,216162.0855,30800.60609,0.305285494,16892,CBA
Oncorhynchus_nerka-Pacific_Northwest,Oncorhynchus nerka,Sockeye(=Red) salmon,"Salmons, trouts, smelts",Pacific Northwest,1.473303986,1.635055978,1.711656682,1.789192936,1.921053584,0.113486504,1.709215089,140178.3468,2007,0.610570989,216162.0855,30800.60609,0.305285494,15686,CBA
Oncorhynchus_nerka-Pacific_Northwest,Oncorhynchus nerka,Sockeye(=Red) salmon,"Salmons, trouts, smelts",Pacific Northwest,1.463875608,1.630039912,1.707568473,1.781797782,1.920677253,0.114854197,1.703740303,140178.3468,2008,0.610570989,216162.0855,30800.60609,0.305285494,15471,CBA
Oncorhynchus_nerka-Pacific_Northwest,Oncorhynchus nerka,Sockeye(=Red) salmon,"Salmons, trouts, smelts",Pacific Northwest,1.443073542,1.603703718,1.680881866,1.757934847,1.901179457,0.115413305,1.678788677,140178.3468,2009,0.610570989,216162.0855,30800.60609,0.305285494,17790,CBA
Oncorhynchus_nerka-Pacific_Northwest,Oncorhynchus nerka,Sockeye(=Red) salmon,"Salmons, trouts, smelts",Pacific Northwest,1.440329239,1.598063551,1.676638986,1.755542279,1.895553658,0.115918458,1.675345584,140178.3468,2010,0.610570989,216162.0855,30800.60609,0.305285494,16962,CBA
Oncorhynchus_nerka-Pacific_Northwest,Oncorhynchus nerka,Sockeye(=Red) salmon,"Salmons, trouts, smelts",Pacific Northwest,1.454068823,1.611322355,1.690716814,1.768294137,1.915471946,0.116936416,1.689474182,140178.3468,2011,0.610570989,216162.0855,30800.60609,0.305285494,15428,CBA
Oncorhynchus_nerka-Pacific_Northwest,Oncorhynchus nerka,Sockeye(=Red) salmon,"Salmons, trouts, smelts",Pacific Northwest,1.262231707,1.378994425,1.450305334,1.526100347,1.685730899,0.108767877,1.456454688,140178.3468,2012,0.610570989,216162.0855,30800.60609,0.305285494,40324,CBA
Oncorhynchus_nerka-Pacific_Northwest,Oncorhynchus nerka,Sockeye(=Red) salmon,"Salmons, trouts, smelts",Pacific Northwest,1.032602749,1.141785745,1.219541231,1.310781297,1.495777764,0.121245893,1.23208914,140178.3468,2013,0.610570989,216162.0855,30800.60609,0.305285494,48399,CBA
Oncorhynchus_nerka-Pacific_Northwest,Oncorhynchus nerka,Sockeye(=Red) salmon,"Salmons, trouts, smelts",Pacific Northwest,0.885583929,0.989049719,1.077842018,1.192480995,1.406341707,0.140482944,1.098778809,140178.3468,2014,0.610570989,216162.0855,30800.60609,0.305285494,43608,CBA
Oncorhynchus_nerka-Pacific_Northwest,Oncorhynchus nerka,Sockeye(=Red) salmon,"Salmons, trouts, smelts",Pacific Northwest,0.84358354,0.946977626,1.052180013,1.188104502,1.439000992,0.162286813,1.078481879,140178.3468,2015,0.610570989,216162.0855,30800.60609,0.305285494,33066,CBA
Oncorhynchus_nerka-Pacific_Northwest,Oncorhynchus nerka,Sockeye(=Red) salmon,"Salmons, trouts, smelts",Pacific Northwest,0.611908779,0.719037105,0.853880585,1.021509489,1.295130913,0.194428702,0.882995728,140178.3468,2016,0.610570989,216162.0855,30800.60609,0.305285494,50519,CBA
Oncorhynchus_tshawytscha-Pacific_Eastern Central,Oncorhynchus tshawytscha,Chinook(=Spring=King) salmon,"Salmons, trouts, smelts",Pacific Eastern Central,NA,NA,NA,NA,NA,NA,NA,NA,NA,NA,NA,NA,NA,NA,Domestic
Oncorhynchus_tshawytscha-Pacific_Northeast,Oncorhynchus tshawytscha,Chinook(=Spring=King) salmon,"Salmons, trouts, smelts",Pacific Northeast,0.763903389,0.97063162,1.082944971,1.211189714,1.39798412,0.169751885,1.083722263,128189.6528,1950,0.270178267,238124.1283,15949.82019,0.135089133,17784,Domestic
Oncorhynchus_tshawytscha-Pacific_Northeast,Oncorhynchus tshawytscha,Chinook(=Spring=King) salmon,"Salmons, trouts, smelts",Pacific Northeast,0.732258057,0.94655523,1.052152786,1.176877223,1.360687256,0.170963572,1.05491211,128189.6528,1951,0.270178267,238124.1283,15949.82019,0.135089133,19656,Domestic
Oncorhynchus_tshawytscha-Pacific_Northeast,Oncorhynchus tshawytscha,Chinook(=Spring=King) salmon,"Salmons, trouts, smelts",Pacific Northeast,0.694857622,0.904543569,1.031872629,1.149394673,1.328001085,0.165915123,1.026513777,128189.6528,1952,0.270178267,238124.1283,15949.82019,0.135089133,19574,Domestic
Oncorhynchus_tshawytscha-Pacific_Northeast,Oncorhynchus tshawytscha,Chinook(=Spring=King) salmon,"Salmons, trouts, smelts",Pacific Northeast,0.679884368,0.894163207,1.011026999,1.117613632,1.302909645,0.164723287,1.005970355,128189.6528,1953,0.270178267,238124.1283,15949.82019,0.135089133,18714,Domestic
Oncorhynchus_tshawytscha-Pacific_Northeast,Oncorhynchus tshawytscha,Chinook(=Spring=King) salmon,"Salmons, trouts, smelts",Pacific Northeast,0.649861193,0.900678002,1.019205925,1.112000146,1.320602824,0.167172629,1.010218055,128189.6528,1954,0.270178267,238124.1283,15949.82019,0.135089133,15716,Domestic
Oncorhynchus_tshawytscha-Pacific_Northeast,Oncorhynchus tshawytscha,Chinook(=Spring=King) salmon,"Salmons, trouts, smelts",Pacific Northeast,0.648129712,0.887273854,1.009323464,1.104791751,1.313739633,0.164969938,1.000490314,128189.6528,1955,0.270178267,238124.1283,15949.82019,0.135089133,17050,Domestic
Oncorhynchus_tshawytscha-Pacific_Northeast,Oncorhynchus tshawytscha,Chinook(=Spring=King) salmon,"Salmons, trouts, smelts",Pacific Northeast,0.67731132,0.886375373,1.004479029,1.107853991,1.312924258,0.165299389,0.99661284,128189.6528,1956,0.270178267,238124.1283,15949.82019,0.135089133,16327,Domestic
Oncorhynchus_tshawytscha-Pacific_Northeast,Oncorhynchus tshawytscha,Chinook(=Spring=King) salmon,"Salmons, trouts, smelts",Pacific Northeast,0.651207385,0.901062877,1.014607336,1.116702306,1.324181101,0.169237139,1.003825218,128189.6528,1957,0.270178267,238124.1283,15949.82019,0.135089133,15170,Domestic
Oncorhynchus_tshawytscha-Pacific_Northeast,Oncorhynchus tshawytscha,Chinook(=Spring=King) salmon,"Salmons, trouts, smelts",Pacific Northeast,0.661861031,0.895135034,1.017844269,1.133593987,1.283163703,0.169086267,1.009032611,128189.6528,1958,0.270178267,238124.1283,15949.82019,0.135089133,15570,Domestic
Oncorhynchus_tshawytscha-Pacific_Northeast,Oncorhynchus tshawytscha,Chinook(=Spring=King) salmon,"Salmons, trouts, smelts",Pacific Northeast,0.686951851,0.911756245,1.027350211,1.150930736,1.322028748,0.169526693,1.023514828,128189.6528,1959,0.270178267,238124.1283,15949.82019,0.135089133,14941,Domestic
Oncorhynchus_tshawytscha-Pacific_Northeast,Oncorhynchus tshawytscha,Chinook(=Spring=King) salmon,"Salmons, trouts, smelts",Pacific Northeast,0.711397827,0.930353441,1.063267504,1.168704194,1.342268935,0.169005364,1.050575772,128189.6528,1960,0.270178267,238124.1283,15949.82019,0.135089133,12292,Domestic
Oncorhynchus_tshawytscha-Pacific_Northeast,Oncorhynchus tshawytscha,Chinook(=Spring=King) salmon,"Salmons, trouts, smelts",Pacific Northeast,0.739567326,0.963847018,1.09086463,1.189800839,1.390632754,0.168888006,1.078922809,128189.6528,1961,0.270178267,238124.1283,15949.82019,0.135089133,12155,Domestic
Oncorhynchus_tshawytscha-Pacific_Northeast,Oncorhynchus tshawytscha,Chinook(=Spring=King) salmon,"Salmons, trouts, smelts",Pacific Northeast,0.746515323,0.978269609,1.115481958,1.22347017,1.425954061,0.170291297,1.112518661,128189.6528,1962,0.270178267,238124.1283,15949.82019,0.135089133,12131,Domestic
Oncorhynchus_tshawytscha-Pacific_Northeast,Oncorhynchus tshawytscha,Chinook(=Spring=King) salmon,"Salmons, trouts, smelts",Pacific Northeast,0.816378364,1.025302093,1.155555152,1.238962641,1.462553988,0.172357773,1.140784157,128189.6528,1963,0.270178267,238124.1283,15949.82019,0.135089133,13326,Domestic
Oncorhynchus_tshawytscha-Pacific_Northeast,Oncorhynchus tshawytscha,Chinook(=Spring=King) salmon,"Salmons, trouts, smelts",Pacific Northeast,0.842968167,1.045600713,1.16461399,1.257222199,1.482276499,0.167414981,1.153313435,128189.6528,1964,0.270178267,238124.1283,15949.82019,0.135089133,15102,Domestic
Oncorhynchus_tshawytscha-Pacific_Northeast,Oncorhynchus tshawytscha,Chinook(=Spring=King) salmon,"Salmons, trouts, smelts",Pacific Northeast,0.81622704,1.045971651,1.153440669,1.266379968,1.461945415,0.162588539,1.150994478,128189.6528,1965,0.270178267,238124.1283,15949.82019,0.135089133,15740,Domestic
Oncorhynchus_tshawytscha-Pacific_Northeast,Oncorhynchus tshawytscha,Chinook(=Spring=King) salmon,"Salmons, trouts, smelts",Pacific Northeast,0.826412576,1.053607295,1.16335501,1.267426399,1.449057894,0.160016961,1.157903183,128189.6528,1966,0.270178267,238124.1283,15949.82019,0.135089133,15582,Domestic
Oncorhynchus_tshawytscha-Pacific_Northeast,Oncorhynchus tshawytscha,Chinook(=Spring=King) salmon,"Salmons, trouts, smelts",Pacific Northeast,0.817555456,1.051631813,1.140115515,1.252461279,1.463313935,0.160741302,1.145678579,128189.6528,1967,0.270178267,238124.1283,15949.82019,0.135089133,17083,Domestic
Oncorhynchus_tshawytscha-Pacific_Northeast,Oncorhynchus tshawytscha,Chinook(=Spring=King) salmon,"Salmons, trouts, smelts",Pacific Northeast,0.823018351,1.043828639,1.133253861,1.245357832,1.430313315,0.154230437,1.140675268,128189.6528,1968,0.270178267,238124.1283,15949.82019,0.135089133,16527,Domestic
Oncorhynchus_tshawytscha-Pacific_Northeast,Oncorhynchus tshawytscha,Chinook(=Spring=King) salmon,"Salmons, trouts, smelts",Pacific Northeast,0.82517381,1.044125814,1.116133155,1.224130631,1.397471645,0.140920032,1.127671784,128189.6528,1969,0.270178267,238124.1283,15949.82019,0.135089133,16885,Domestic
Oncorhynchus_tshawytscha-Pacific_Northeast,Oncorhynchus tshawytscha,Chinook(=Spring=King) salmon,"Salmons, trouts, smelts",Pacific Northeast,0.827573369,1.014200331,1.103256704,1.192332508,1.360573019,0.137653527,1.10095552,128189.6528,1970,0.270178267,238124.1283,15949.82019,0.135089133,19300,Domestic
Oncorhynchus_tshawytscha-Pacific_Northeast,Oncorhynchus tshawytscha,Chinook(=Spring=King) salmon,"Salmons, trouts, smelts",Pacific Northeast,0.817636684,0.975528792,1.05846223,1.15317846,1.335443623,0.131216753,1.061311519,128189.6528,1971,0.270178267,238124.1283,15949.82019,0.135089133,20900,Domestic
Oncorhynchus_tshawytscha-Pacific_Northeast,Oncorhynchus tshawytscha,Chinook(=Spring=King) salmon,"Salmons, trouts, smelts",Pacific Northeast,0.798063849,0.951320136,1.030092989,1.105898205,1.25234178,0.118851991,1.025986867,128189.6528,1972,0.270178267,238124.1283,15949.82019,0.135089133,19500,Domestic
Oncorhynchus_tshawytscha-Pacific_Northeast,Oncorhynchus tshawytscha,Chinook(=Spring=King) salmon,"Salmons, trouts, smelts",Pacific Northeast,0.763949543,0.906793817,0.974376217,1.055171343,1.195066082,0.111433454,0.97762612,128189.6528,1973,0.270178267,238124.1283,15949.82019,0.135089133,22200,Domestic
Oncorhynchus_tshawytscha-Pacific_Northeast,Oncorhynchus tshawytscha,Chinook(=Spring=King) salmon,"Salmons, trouts, smelts",Pacific Northeast,0.739060504,0.878716567,0.94947427,1.026978551,1.144830928,0.105576537,0.950066649,128189.6528,1974,0.270178267,238124.1283,15949.82019,0.135089133,19101,Domestic
Oncorhynchus_tshawytscha-Pacific_Northeast,Oncorhynchus tshawytscha,Chinook(=Spring=King) salmon,"Salmons, trouts, smelts",Pacific Northeast,0.722187003,0.834424635,0.91616702,0.98720559,1.113801739,0.105569114,0.914436348,128189.6528,1975,0.270178267,238124.1283,15949.82019,0.135089133,19687,Domestic
Oncorhynchus_tshawytscha-Pacific_Northeast,Oncorhynchus tshawytscha,Chinook(=Spring=King) salmon,"Salmons, trouts, smelts",Pacific Northeast,0.693479468,0.808946158,0.882797302,0.940822987,1.055401498,0.098997748,0.875626205,128189.6528,1976,0.270178267,238124.1283,15949.82019,0.135089133,20336,Domestic
Oncorhynchus_tshawytscha-Pacific_Northeast,Oncorhynchus tshawytscha,Chinook(=Spring=King) salmon,"Salmons, trouts, smelts",Pacific Northeast,0.643434637,0.758167953,0.82808548,0.885741926,0.986327869,0.091498987,0.822432983,128189.6528,1977,0.270178267,238124.1283,15949.82019,0.135089133,21607,Domestic
Oncorhynchus_tshawytscha-Pacific_Northeast,Oncorhynchus tshawytscha,Chinook(=Spring=King) salmon,"Salmons, trouts, smelts",Pacific Northeast,0.613549261,0.720178149,0.793526211,0.838481687,0.926242657,0.084793718,0.782313312,128189.6528,1978,0.270178267,238124.1283,15949.82019,0.135089133,19865,Domestic
Oncorhynchus_tshawytscha-Pacific_Northeast,Oncorhynchus tshawytscha,Chinook(=Spring=King) salmon,"Salmons, trouts, smelts",Pacific Northeast,0.589943108,0.686788562,0.744107692,0.794707807,0.872326038,0.074935862,0.740584579,128189.6528,1979,0.270178267,238124.1283,15949.82019,0.135089133,19588,Domestic
Oncorhynchus_tshawytscha-Pacific_Northeast,Oncorhynchus tshawytscha,Chinook(=Spring=King) salmon,"Salmons, trouts, smelts",Pacific Northeast,0.568508837,0.669412138,0.710986284,0.75508864,0.84055157,0.069962091,0.71120585,128189.6528,1980,0.270178267,238124.1283,15949.82019,0.135089133,17622,Domestic
Oncorhynchus_tshawytscha-Pacific_Northeast,Oncorhynchus tshawytscha,Chinook(=Spring=King) salmon,"Salmons, trouts, smelts",Pacific Northeast,0.55274055,0.632608742,0.672398265,0.711351328,0.806810703,0.065598651,0.672708066,128189.6528,1981,0.270178267,238124.1283,15949.82019,0.135089133,18347,Domestic
Oncorhynchus_tshawytscha-Pacific_Northeast,Oncorhynchus tshawytscha,Chinook(=Spring=King) salmon,"Salmons, trouts, smelts",Pacific Northeast,0.500323867,0.568901955,0.608950922,0.648747315,0.747616838,0.062565236,0.612307019,128189.6528,1982,0.270178267,238124.1283,15949.82019,0.135089133,20939,Domestic
Oncorhynchus_tshawytscha-Pacific_Northeast,Oncorhynchus tshawytscha,Chinook(=Spring=King) salmon,"Salmons, trouts, smelts",Pacific Northeast,0.491855327,0.551750174,0.586488949,0.630279617,0.71665652,0.059082773,0.592002669,128189.6528,1983,0.270178267,238124.1283,15949.82019,0.135089133,15885,Domestic
Oncorhynchus_tshawytscha-Pacific_Northeast,Oncorhynchus tshawytscha,Chinook(=Spring=King) salmon,"Salmons, trouts, smelts",Pacific Northeast,0.471326936,0.538902158,0.569927883,0.605881854,0.675940564,0.054350328,0.572705231,128189.6528,1984,0.270178267,238124.1283,15949.82019,0.135089133,15213,Domestic
Oncorhynchus_tshawytscha-Pacific_Northeast,Oncorhynchus tshawytscha,Chinook(=Spring=King) salmon,"Salmons, trouts, smelts",Pacific Northeast,0.452205205,0.514199194,0.544308029,0.58243117,0.659522925,0.050855181,0.5476269,128189.6528,1985,0.270178267,238124.1283,15949.82019,0.135089133,15817,Domestic
Oncorhynchus_tshawytscha-Pacific_Northeast,Oncorhynchus tshawytscha,Chinook(=Spring=King) salmon,"Salmons, trouts, smelts",Pacific Northeast,0.42699107,0.488569907,0.519430706,0.551910868,0.604801475,0.04760533,0.520885251,128189.6528,1986,0.270178267,238124.1283,15949.82019,0.135089133,15437,Domestic
Oncorhynchus_tshawytscha-Pacific_Northeast,Oncorhynchus tshawytscha,Chinook(=Spring=King) salmon,"Salmons, trouts, smelts",Pacific Northeast,0.372730719,0.427184875,0.456099826,0.486772258,0.550766284,0.044645329,0.458147406,128189.6528,1987,0.270178267,238124.1283,15949.82019,0.135089133,19499,Domestic
Oncorhynchus_tshawytscha-Pacific_Northeast,Oncorhynchus tshawytscha,Chinook(=Spring=King) salmon,"Salmons, trouts, smelts",Pacific Northeast,0.332709393,0.376287994,0.401310939,0.427363274,0.486792119,0.040284791,0.403140455,128189.6528,1988,0.270178267,238124.1283,15949.82019,0.135089133,17343,Domestic
Oncorhynchus_tshawytscha-Pacific_Northeast,Oncorhynchus tshawytscha,Chinook(=Spring=King) salmon,"Salmons, trouts, smelts",Pacific Northeast,0.311808257,0.350211844,0.372256538,0.397618659,0.455469976,0.038328552,0.375782281,128189.6528,1989,0.270178267,238124.1283,15949.82019,0.135089133,13460,Domestic
Oncorhynchus_tshawytscha-Pacific_Northeast,Oncorhynchus tshawytscha,Chinook(=Spring=King) salmon,"Salmons, trouts, smelts",Pacific Northeast,0.269561641,0.306875167,0.327927109,0.350681148,0.416737952,0.035514453,0.331257692,128189.6528,1990,0.270178267,238124.1283,15949.82019,0.135089133,14916,Domestic
Oncorhynchus_tshawytscha-Pacific_Northeast,Oncorhynchus tshawytscha,Chinook(=Spring=King) salmon,"Salmons, trouts, smelts",Pacific Northeast,0.257481193,0.293121193,0.312211229,0.337033357,0.398026067,0.034490727,0.315462537,128189.6528,1991,0.270178267,238124.1283,15949.82019,0.135089133,10619,Domestic
Oncorhynchus_tshawytscha-Pacific_Northeast,Oncorhynchus tshawytscha,Chinook(=Spring=King) salmon,"Salmons, trouts, smelts",Pacific Northeast,0.245000188,0.276549019,0.294028272,0.317568897,0.384239827,0.034419265,0.299654698,128189.6528,1992,0.270178267,238124.1283,15949.82019,0.135089133,10335,Domestic
Oncorhynchus_tshawytscha-Pacific_Northeast,Oncorhynchus tshawytscha,Chinook(=Spring=King) salmon,"Salmons, trouts, smelts",Pacific Northeast,0.223359145,0.255718184,0.275506066,0.30191192,0.354055715,0.03533723,0.280568319,128189.6528,1993,0.270178267,238124.1283,15949.82019,0.135089133,10436,Domestic
Oncorhynchus_tshawytscha-Pacific_Northeast,Oncorhynchus tshawytscha,Chinook(=Spring=King) salmon,"Salmons, trouts, smelts",Pacific Northeast,0.210071528,0.239984937,0.264355292,0.290629226,0.349513661,0.03684905,0.269420464,128189.6528,1994,0.270178267,238124.1283,15949.82019,0.135089133,8844,Domestic
Oncorhynchus_tshawytscha-Pacific_Northeast,Oncorhynchus tshawytscha,Chinook(=Spring=King) salmon,"Salmons, trouts, smelts",Pacific Northeast,0.20368905,0.237696464,0.260779464,0.287511106,0.346862803,0.037857753,0.266148718,128189.6528,1995,0.270178267,238124.1283,15949.82019,0.135089133,7590,Domestic
Oncorhynchus_tshawytscha-Pacific_Northeast,Oncorhynchus tshawytscha,Chinook(=Spring=King) salmon,"Salmons, trouts, smelts",Pacific Northeast,0.211388892,0.250061304,0.27791977,0.301977671,0.362326388,0.038671865,0.278610068,128189.6528,1996,0.270178267,238124.1283,15949.82019,0.135089133,5548,Domestic
Oncorhynchus_tshawytscha-Pacific_Northeast,Oncorhynchus tshawytscha,Chinook(=Spring=King) salmon,"Salmons, trouts, smelts",Pacific Northeast,0.212001082,0.252021623,0.276593856,0.302857927,0.368457652,0.040725724,0.280355307,128189.6528,1997,0.270178267,238124.1283,15949.82019,0.135089133,7180,Domestic
Oncorhynchus_tshawytscha-Pacific_Northeast,Oncorhynchus tshawytscha,Chinook(=Spring=King) salmon,"Salmons, trouts, smelts",Pacific Northeast,0.214310089,0.261140851,0.287268829,0.314898475,0.384318562,0.042274628,0.289195315,128189.6528,1998,0.270178267,238124.1283,15949.82019,0.135089133,6443,Domestic
Oncorhynchus_tshawytscha-Pacific_Northeast,Oncorhynchus tshawytscha,Chinook(=Spring=King) salmon,"Salmons, trouts, smelts",Pacific Northeast,0.240192839,0.284487077,0.315536894,0.343002328,0.412323715,0.045281972,0.317952122,128189.6528,1999,0.270178267,238124.1283,15949.82019,0.135089133,4336,Domestic
Oncorhynchus_tshawytscha-Pacific_Northeast,Oncorhynchus tshawytscha,Chinook(=Spring=King) salmon,"Salmons, trouts, smelts",Pacific Northeast,0.279163339,0.317194088,0.346556125,0.373364851,0.450730716,0.045053392,0.348363449,128189.6528,2000,0.270178267,238124.1283,15949.82019,0.135089133,4807,Domestic
Oncorhynchus_tshawytscha-Pacific_Northeast,Oncorhynchus tshawytscha,Chinook(=Spring=King) salmon,"Salmons, trouts, smelts",Pacific Northeast,0.295131278,0.33417312,0.366292363,0.396795571,0.469032746,0.044634011,0.368849508,128189.6528,2001,0.270178267,238124.1283,15949.82019,0.135089133,6731,Domestic
Oncorhynchus_tshawytscha-Pacific_Northeast,Oncorhynchus tshawytscha,Chinook(=Spring=King) salmon,"Salmons, trouts, smelts",Pacific Northeast,0.292686728,0.327480308,0.357371894,0.386040035,0.465583541,0.045353905,0.360776879,128189.6528,2002,0.270178267,238124.1283,15949.82019,0.135089133,10434,Domestic
Oncorhynchus_tshawytscha-Pacific_Northeast,Oncorhynchus tshawytscha,Chinook(=Spring=King) salmon,"Salmons, trouts, smelts",Pacific Northeast,0.274388255,0.31054084,0.336102903,0.374081204,0.452296836,0.047412463,0.345054407,128189.6528,2003,0.270178267,238124.1283,15949.82019,0.135089133,11071,Domestic
Oncorhynchus_tshawytscha-Pacific_Northeast,Oncorhynchus tshawytscha,Chinook(=Spring=King) salmon,"Salmons, trouts, smelts",Pacific Northeast,0.243442303,0.279224803,0.308792898,0.354817139,0.438689471,0.051259367,0.318543496,128189.6528,2004,0.270178267,238124.1283,15949.82019,0.135089133,11898,Domestic
Oncorhynchus_tshawytscha-Pacific_Northeast,Oncorhynchus tshawytscha,Chinook(=Spring=King) salmon,"Salmons, trouts, smelts",Pacific Northeast,0.217925885,0.256462539,0.287892225,0.336010304,0.430071644,0.055738021,0.300760718,128189.6528,2005,0.270178267,238124.1283,15949.82019,0.135089133,10310,Domestic
Oncorhynchus_tshawytscha-Pacific_Northeast,Oncorhynchus tshawytscha,Chinook(=Spring=King) salmon,"Salmons, trouts, smelts",Pacific Northeast,0.205122154,0.246867837,0.288405937,0.333722547,0.427604615,0.063192771,0.296711123,128189.6528,2006,0.270178267,238124.1283,15949.82019,0.135089133,8558,Domestic
Oncorhynchus_tshawytscha-Pacific_Northeast,Oncorhynchus tshawytscha,Chinook(=Spring=King) salmon,"Salmons, trouts, smelts",Pacific Northeast,0.198223799,0.245127273,0.294266169,0.350874491,0.450112688,0.071066032,0.303379393,128189.6528,2007,0.270178267,238124.1283,15949.82019,0.135089133,6951,Domestic
Oncorhynchus_tshawytscha-Pacific_Northeast,Oncorhynchus tshawytscha,Chinook(=Spring=King) salmon,"Salmons, trouts, smelts",Pacific Northeast,0.205322209,0.259999966,0.319733083,0.379238351,0.485761763,0.079105998,0.324334567,128189.6528,2008,0.270178267,238124.1283,15949.82019,0.135089133,5312,Domestic
Oncorhynchus_tshawytscha-Pacific_Northeast,Oncorhynchus tshawytscha,Chinook(=Spring=King) salmon,"Salmons, trouts, smelts",Pacific Northeast,0.211226547,0.28066604,0.345029732,0.415740651,0.527271638,0.089196998,0.350132276,128189.6528,2009,0.270178267,238124.1283,15949.82019,0.135089133,5366,Domestic
Oncorhynchus_tshawytscha-Pacific_Northeast,Oncorhynchus tshawytscha,Chinook(=Spring=King) salmon,"Salmons, trouts, smelts",Pacific Northeast,0.207087958,0.288747007,0.357845211,0.443557263,0.551589136,0.100361579,0.364207989,128189.6528,2010,0.270178267,238124.1283,15949.82019,0.135089133,6978,Domestic
Oncorhynchus_tshawytscha-Pacific_Northeast,Oncorhynchus tshawytscha,Chinook(=Spring=King) salmon,"Salmons, trouts, smelts",Pacific Northeast,0.194913838,0.286827321,0.369249622,0.470498635,0.58508989,0.11500316,0.377178754,128189.6528,2011,0.270178267,238124.1283,15949.82019,0.135089133,7669,Domestic
Oncorhynchus_tshawytscha-Pacific_Northeast,Oncorhynchus tshawytscha,Chinook(=Spring=King) salmon,"Salmons, trouts, smelts",Pacific Northeast,0.194348632,0.299334796,0.39992163,0.509283591,0.626259981,0.130023721,0.40398311,128189.6528,2012,0.270178267,238124.1283,15949.82019,0.135089133,6058,Domestic
Oncorhynchus_tshawytscha-Pacific_Northeast,Oncorhynchus tshawytscha,Chinook(=Spring=King) salmon,"Salmons, trouts, smelts",Pacific Northeast,0.183130987,0.309716951,0.425039395,0.547596619,0.669740957,0.148027211,0.427889547,128189.6528,2013,0.270178267,238124.1283,15949.82019,0.135089133,6770,Domestic
Oncorhynchus_tshawytscha-Pacific_Northeast,Oncorhynchus tshawytscha,Chinook(=Spring=King) salmon,"Salmons, trouts, smelts",Pacific Northeast,0.139321765,0.290613073,0.420545534,0.5692519,0.696827181,0.16848952,0.423877402,128189.6528,2014,0.270178267,238124.1283,15949.82019,0.135089133,10481,Domestic
Oncorhynchus_tshawytscha-Pacific_Northeast,Oncorhynchus tshawytscha,Chinook(=Spring=King) salmon,"Salmons, trouts, smelts",Pacific Northeast,0.101151038,0.291994426,0.440205538,0.608053012,0.739975434,0.192678834,0.437620148,128189.6528,2015,0.270178267,238124.1283,15949.82019,0.135089133,8632,Domestic
Oncorhynchus_tshawytscha-Pacific_Northeast,Oncorhynchus tshawytscha,Chinook(=Spring=King) salmon,"Salmons, trouts, smelts",Pacific Northeast,0.073727833,0.295571425,0.477631048,0.662643263,0.791774342,0.218802037,0.466327529,128189.6528,2016,0.270178267,238124.1283,15949.82019,0.135089133,6288,Domestic
Oncorhynchus_tshawytscha-Pacific_Northwest,Oncorhynchus tshawytscha,Chinook(=Spring=King) salmon,"Salmons, trouts, smelts",Pacific Northwest,NA,NA,NA,NA,NA,NA,NA,NA,NA,NA,NA,NA,NA,NA,Domestic
Ostrea_edulis-Atlantic_Northeast,Ostrea edulis,European flat oyster,Oysters,Atlantic Northeast,0.847420136,1.07489293,1.150520456,1.249449325,1.41501252,0.15020351,1.150390552,19254.47261,1950,0.257824294,33786.52944,2163.43909,0.128912147,2500,Domestic
Ostrea_edulis-Atlantic_Northeast,Ostrea edulis,European flat oyster,Oysters,Atlantic Northeast,0.83761821,1.050794338,1.143638268,1.239410985,1.416222602,0.150728322,1.136867224,19254.47261,1951,0.257824294,33786.52944,2163.43909,0.128912147,2500,Domestic
Ostrea_edulis-Atlantic_Northeast,Ostrea edulis,European flat oyster,Oysters,Atlantic Northeast,0.768916567,0.98379936,1.077592026,1.170386292,1.355631745,0.148406761,1.076285933,19254.47261,1952,0.257824294,33786.52944,2163.43909,0.128912147,3400,Domestic
Ostrea_edulis-Atlantic_Northeast,Ostrea edulis,European flat oyster,Oysters,Atlantic Northeast,0.792771096,1.000453525,1.090115196,1.189621496,1.374312453,0.14878772,1.090625877,19254.47261,1953,0.257824294,33786.52944,2163.43909,0.128912147,2000,Domestic
Ostrea_edulis-Atlantic_Northeast,Ostrea edulis,European flat oyster,Oysters,Atlantic Northeast,0.775281382,0.998275969,1.09191418,1.184969723,1.393870806,0.146276422,1.089587736,19254.47261,1954,0.257824294,33786.52944,2163.43909,0.128912147,2300,Domestic
Ostrea_edulis-Atlantic_Northeast,Ostrea edulis,European flat oyster,Oysters,Atlantic Northeast,0.745576796,0.98166623,1.068830554,1.145718641,1.372409941,0.141489231,1.066919525,19254.47261,1955,0.257824294,33786.52944,2163.43909,0.128912147,2700,Domestic
Ostrea_edulis-Atlantic_Northeast,Ostrea edulis,European flat oyster,Oysters,Atlantic Northeast,0.732002546,0.942446141,1.022794825,1.10023912,1.301817584,0.136919143,1.024336264,19254.47261,1956,0.257824294,33786.52944,2163.43909,0.128912147,3100,Domestic
Ostrea_edulis-Atlantic_Northeast,Ostrea edulis,European flat oyster,Oysters,Atlantic Northeast,0.712881314,0.902144387,0.98782909,1.067972986,1.239670115,0.130055374,0.98838166,19254.47261,1957,0.257824294,33786.52944,2163.43909,0.128912147,2800,Domestic
Ostrea_edulis-Atlantic_Northeast,Ostrea edulis,European flat oyster,Oysters,Atlantic Northeast,0.689973507,0.86437958,0.95682503,1.029177333,1.17129042,0.128336864,0.950760795,19254.47261,1958,0.257824294,33786.52944,2163.43909,0.128912147,2900,Domestic
Ostrea_edulis-Atlantic_Northeast,Ostrea edulis,European flat oyster,Oysters,Atlantic Northeast,0.639637188,0.803635124,0.902054124,0.967346422,1.115901417,0.124159019,0.893637573,19254.47261,1959,0.257824294,33786.52944,2163.43909,0.128912147,3200,Domestic
Ostrea_edulis-Atlantic_Northeast,Ostrea edulis,European flat oyster,Oysters,Atlantic Northeast,0.543770958,0.702176632,0.793874436,0.862849604,1.007055153,0.117849426,0.786770381,19254.47261,1960,0.257824294,33786.52944,2163.43909,0.128912147,4000,Domestic
Ostrea_edulis-Atlantic_Northeast,Ostrea edulis,European flat oyster,Oysters,Atlantic Northeast,0.456091987,0.630311541,0.706674064,0.78182005,0.943720183,0.118789869,0.710161282,19254.47261,1961,0.257824294,33786.52944,2163.43909,0.128912147,3400,Domestic
Ostrea_edulis-Atlantic_Northeast,Ostrea edulis,European flat oyster,Oysters,Atlantic Northeast,0.401333542,0.580621234,0.643155522,0.729891825,0.889106855,0.122404239,0.652269616,19254.47261,1962,0.257824294,33786.52944,2163.43909,0.128912147,3000,Domestic
Ostrea_edulis-Atlantic_Northeast,Ostrea edulis,European flat oyster,Oysters,Atlantic Northeast,0.434295721,0.615703707,0.690550066,0.764047198,0.958017145,0.127548089,0.693077173,19254.47261,1963,0.257824294,33786.52944,2163.43909,0.128912147,1200,Domestic
Ostrea_edulis-Atlantic_Northeast,Ostrea edulis,European flat oyster,Oysters,Atlantic Northeast,0.478738229,0.671172501,0.74513042,0.839461551,1.007761753,0.131960351,0.752599292,19254.47261,1964,0.257824294,33786.52944,2163.43909,0.128912147,1000,Domestic
Ostrea_edulis-Atlantic_Northeast,Ostrea edulis,European flat oyster,Oysters,Atlantic Northeast,0.516088806,0.681886742,0.765355344,0.858860744,1.025695286,0.13317298,0.771410421,19254.47261,1965,0.257824294,33786.52944,2163.43909,0.128912147,1600,Domestic
Ostrea_edulis-Atlantic_Northeast,Ostrea edulis,European flat oyster,Oysters,Atlantic Northeast,0.557602448,0.736396769,0.806027798,0.901930628,1.097535031,0.136212228,0.816886371,19254.47261,1966,0.257824294,33786.52944,2163.43909,0.128912147,1300,Domestic
Ostrea_edulis-Atlantic_Northeast,Ostrea edulis,European flat oyster,Oysters,Atlantic Northeast,0.621820076,0.789493439,0.86199047,0.950410307,1.162672177,0.134530161,0.876074338,19254.47261,1967,0.257824294,33786.52944,2163.43909,0.128912147,1000,Domestic
Ostrea_edulis-Atlantic_Northeast,Ostrea edulis,European flat oyster,Oysters,Atlantic Northeast,0.645115955,0.800659115,0.864266831,0.972691811,1.150929247,0.133240035,0.884955804,19254.47261,1968,0.257824294,33786.52944,2163.43909,0.128912147,1900,Domestic
Ostrea_edulis-Atlantic_Northeast,Ostrea edulis,European flat oyster,Oysters,Atlantic Northeast,0.684317306,0.824401202,0.883138015,0.980443727,1.151159301,0.121239019,0.901933167,19254.47261,1969,0.257824294,33786.52944,2163.43909,0.128912147,1800,Domestic
Ostrea_edulis-Atlantic_Northeast,Ostrea edulis,European flat oyster,Oysters,Atlantic Northeast,0.700788083,0.838609799,0.911020119,0.985383581,1.162094669,0.115126357,0.915666283,19254.47261,1970,0.257824294,33786.52944,2163.43909,0.128912147,1900,Domestic
Ostrea_edulis-Atlantic_Northeast,Ostrea edulis,European flat oyster,Oysters,Atlantic Northeast,0.727019381,0.852945374,0.927356208,0.986966001,1.145362635,0.107514884,0.926055202,19254.47261,1971,0.257824294,33786.52944,2163.43909,0.128912147,2000,Domestic
Ostrea_edulis-Atlantic_Northeast,Ostrea edulis,European flat oyster,Oysters,Atlantic Northeast,0.697950669,0.813343958,0.873954875,0.933437201,1.07337127,0.096453966,0.874762523,19254.47261,1972,0.257824294,33786.52944,2163.43909,0.128912147,3000,Domestic
Ostrea_edulis-Atlantic_Northeast,Ostrea edulis,European flat oyster,Oysters,Atlantic Northeast,0.625948772,0.71677902,0.77665532,0.832664488,0.946815234,0.085385504,0.779451693,19254.47261,1973,0.257824294,33786.52944,2163.43909,0.128912147,3700,Domestic
Ostrea_edulis-Atlantic_Northeast,Ostrea edulis,European flat oyster,Oysters,Atlantic Northeast,0.531590013,0.623839943,0.684807075,0.733094979,0.8608349,0.082019668,0.683130644,19254.47261,1974,0.257824294,33786.52944,2163.43909,0.128912147,3601,Domestic
Ostrea_edulis-Atlantic_Northeast,Ostrea edulis,European flat oyster,Oysters,Atlantic Northeast,0.493729534,0.579384817,0.629256011,0.678688766,0.785172472,0.074147491,0.630748492,19254.47261,1975,0.257824294,33786.52944,2163.43909,0.128912147,2798,Domestic
Ostrea_edulis-Atlantic_Northeast,Ostrea edulis,European flat oyster,Oysters,Atlantic Northeast,0.426153968,0.501626926,0.548251432,0.593470347,0.71071988,0.070648674,0.553319664,19254.47261,1976,0.257824294,33786.52944,2163.43909,0.128912147,3111,Domestic
Ostrea_edulis-Atlantic_Northeast,Ostrea edulis,European flat oyster,Oysters,Atlantic Northeast,0.378216701,0.440936475,0.489188882,0.525829969,0.639502327,0.067436793,0.491860327,19254.47261,1977,0.257824294,33786.52944,2163.43909,0.128912147,2728,Domestic
Ostrea_edulis-Atlantic_Northeast,Ostrea edulis,European flat oyster,Oysters,Atlantic Northeast,0.352668335,0.425951426,0.467895682,0.512255729,0.6232144,0.068783025,0.471861521,19254.47261,1978,0.257824294,33786.52944,2163.43909,0.128912147,1949,Domestic
Ostrea_edulis-Atlantic_Northeast,Ostrea edulis,European flat oyster,Oysters,Atlantic Northeast,0.34136763,0.408501705,0.449993581,0.493189591,0.613728302,0.069491349,0.455649119,19254.47261,1979,0.257824294,33786.52944,2163.43909,0.128912147,1760,Domestic
Ostrea_edulis-Atlantic_Northeast,Ostrea edulis,European flat oyster,Oysters,Atlantic Northeast,0.326975232,0.400595957,0.443259482,0.490329819,0.608066975,0.069260821,0.449051947,19254.47261,1980,0.257824294,33786.52944,2163.43909,0.128912147,1598,Domestic
Ostrea_edulis-Atlantic_Northeast,Ostrea edulis,European flat oyster,Oysters,Atlantic Northeast,0.324019622,0.402417764,0.445547846,0.48611841,0.611674288,0.069947181,0.450809976,19254.47261,1981,0.257824294,33786.52944,2163.43909,0.128912147,1438,Domestic
Ostrea_edulis-Atlantic_Northeast,Ostrea edulis,European flat oyster,Oysters,Atlantic Northeast,0.3229466,0.402703982,0.442746236,0.491496953,0.619399503,0.072345502,0.450329764,19254.47261,1982,0.257824294,33786.52944,2163.43909,0.128912147,1512,Domestic
Ostrea_edulis-Atlantic_Northeast,Ostrea edulis,European flat oyster,Oysters,Atlantic Northeast,0.320077768,0.395492426,0.442583165,0.488906444,0.625107128,0.074454545,0.447521934,19254.47261,1983,0.257824294,33786.52944,2163.43909,0.128912147,1512,Domestic
Ostrea_edulis-Atlantic_Northeast,Ostrea edulis,European flat oyster,Oysters,Atlantic Northeast,0.323469234,0.396508048,0.437911773,0.476154823,0.618519569,0.07365006,0.443854672,19254.47261,1984,0.257824294,33786.52944,2163.43909,0.128912147,1538,Domestic
Ostrea_edulis-Atlantic_Northeast,Ostrea edulis,European flat oyster,Oysters,Atlantic Northeast,0.304608294,0.386873299,0.427751098,0.476229305,0.608794627,0.075937896,0.433235031,19254.47261,1985,0.257824294,33786.52944,2163.43909,0.128912147,1620,Domestic
Ostrea_edulis-Atlantic_Northeast,Ostrea edulis,European flat oyster,Oysters,Atlantic Northeast,0.288059005,0.36788949,0.418726908,0.461789886,0.61202452,0.079174031,0.421565386,19254.47261,1986,0.257824294,33786.52944,2163.43909,0.128912147,1613,Domestic
Ostrea_edulis-Atlantic_Northeast,Ostrea edulis,European flat oyster,Oysters,Atlantic Northeast,0.328193467,0.40022726,0.457847152,0.50827464,0.648178438,0.081991613,0.459825039,19254.47261,1987,0.257824294,33786.52944,2163.43909,0.128912147,780,Domestic
Ostrea_edulis-Atlantic_Northeast,Ostrea edulis,European flat oyster,Oysters,Atlantic Northeast,0.344716027,0.430402783,0.483955087,0.542203058,0.676681615,0.085489388,0.489332836,19254.47261,1988,0.257824294,33786.52944,2163.43909,0.128912147,978,Domestic
Ostrea_edulis-Atlantic_Northeast,Ostrea edulis,European flat oyster,Oysters,Atlantic Northeast,0.361309947,0.46181633,0.517591094,0.568068728,0.712052084,0.085744958,0.519419869,19254.47261,1989,0.257824294,33786.52944,2163.43909,0.128912147,1047,Domestic
Ostrea_edulis-Atlantic_Northeast,Ostrea edulis,European flat oyster,Oysters,Atlantic Northeast,0.390154918,0.483822085,0.528850726,0.581420816,0.721779157,0.084944032,0.536210994,19254.47261,1990,0.257824294,33786.52944,2163.43909,0.128912147,1289,Domestic
Ostrea_edulis-Atlantic_Northeast,Ostrea edulis,European flat oyster,Oysters,Atlantic Northeast,0.384872315,0.466573,0.518609643,0.567256255,0.707661824,0.083900335,0.526653309,19254.47261,1991,0.257824294,33786.52944,2163.43909,0.128912147,1813,Domestic
Ostrea_edulis-Atlantic_Northeast,Ostrea edulis,European flat oyster,Oysters,Atlantic Northeast,0.333146557,0.413049897,0.468914803,0.52131324,0.653421728,0.08384821,0.473232766,19254.47261,1992,0.257824294,33786.52944,2163.43909,0.128912147,2526,Domestic
Ostrea_edulis-Atlantic_Northeast,Ostrea edulis,European flat oyster,Oysters,Atlantic Northeast,0.35745382,0.43952165,0.492740829,0.542804656,0.681424135,0.087833366,0.49975921,19254.47261,1993,0.257824294,33786.52944,2163.43909,0.128912147,1046,Domestic
Ostrea_edulis-Atlantic_Northeast,Ostrea edulis,European flat oyster,Oysters,Atlantic Northeast,0.345611022,0.428153879,0.479547065,0.539946123,0.680883375,0.090078821,0.489510352,19254.47261,1994,0.257824294,33786.52944,2163.43909,0.128912147,1761,Domestic
Ostrea_edulis-Atlantic_Northeast,Ostrea edulis,European flat oyster,Oysters,Atlantic Northeast,0.355643418,0.438213171,0.483020872,0.544925744,0.70339151,0.091240321,0.497703581,19254.47261,1995,0.257824294,33786.52944,2163.43909,0.128912147,1385,Domestic
Ostrea_edulis-Atlantic_Northeast,Ostrea edulis,European flat oyster,Oysters,Atlantic Northeast,0.369623878,0.45809394,0.495186225,0.566921399,0.724549281,0.09174484,0.514859256,19254.47261,1996,0.257824294,33786.52944,2163.43909,0.128912147,1269,Domestic
Ostrea_edulis-Atlantic_Northeast,Ostrea edulis,European flat oyster,Oysters,Atlantic Northeast,0.3707721,0.448175268,0.489473311,0.550824151,0.721427656,0.090271312,0.504682191,19254.47261,1997,0.257824294,33786.52944,2163.43909,0.128912147,1749,Domestic
Ostrea_edulis-Atlantic_Northeast,Ostrea edulis,European flat oyster,Oysters,Atlantic Northeast,0.367384004,0.447373976,0.493627575,0.550736235,0.726928858,0.092821494,0.503475351,19254.47261,1998,0.257824294,33786.52944,2163.43909,0.128912147,1575,Domestic
Ostrea_edulis-Atlantic_Northeast,Ostrea edulis,European flat oyster,Oysters,Atlantic Northeast,0.353399543,0.437986389,0.48625845,0.557625382,0.709680182,0.094490144,0.5025492,19254.47261,1999,0.257824294,33786.52944,2163.43909,0.128912147,1552,Domestic
Ostrea_edulis-Atlantic_Northeast,Ostrea edulis,European flat oyster,Oysters,Atlantic Northeast,0.399188454,0.500142808,0.548177472,0.617892558,0.774066691,0.094113984,0.55941167,19254.47261,2000,0.257824294,33786.52944,2163.43909,0.128912147,609,Domestic
Ostrea_edulis-Atlantic_Northeast,Ostrea edulis,European flat oyster,Oysters,Atlantic Northeast,0.455444562,0.543503767,0.599093872,0.659106422,0.827644799,0.094308805,0.606932846,19254.47261,2001,0.257824294,33786.52944,2163.43909,0.128912147,807,Domestic
Ostrea_edulis-Atlantic_Northeast,Ostrea edulis,European flat oyster,Oysters,Atlantic Northeast,0.472717369,0.567960754,0.620679376,0.675552847,0.836217622,0.092821085,0.629897603,19254.47261,2002,0.257824294,33786.52944,2163.43909,0.128912147,1367,Domestic
Ostrea_edulis-Atlantic_Northeast,Ostrea edulis,European flat oyster,Oysters,Atlantic Northeast,0.463768281,0.544203643,0.595626285,0.647423835,0.787924273,0.087909421,0.604298076,19254.47261,2003,0.257824294,33786.52944,2163.43909,0.128912147,2188,Domestic
Ostrea_edulis-Atlantic_Northeast,Ostrea edulis,European flat oyster,Oysters,Atlantic Northeast,0.410664695,0.48726585,0.533334068,0.58755401,0.715848038,0.082552834,0.543340349,19254.47261,2004,0.257824294,33786.52944,2163.43909,0.128912147,2755,Domestic
Ostrea_edulis-Atlantic_Northeast,Ostrea edulis,European flat oyster,Oysters,Atlantic Northeast,0.403154783,0.475595465,0.518342403,0.581565216,0.705359589,0.079990693,0.532514687,19254.47261,2005,0.257824294,33786.52944,2163.43909,0.128912147,1784,Domestic
Ostrea_edulis-Atlantic_Northeast,Ostrea edulis,European flat oyster,Oysters,Atlantic Northeast,0.381192877,0.440088242,0.491718485,0.551199621,0.659161684,0.077256491,0.500443973,19254.47261,2006,0.257824294,33786.52944,2163.43909,0.128912147,2156,Domestic
Ostrea_edulis-Atlantic_Northeast,Ostrea edulis,European flat oyster,Oysters,Atlantic Northeast,0.308765421,0.371181462,0.425212919,0.478190141,0.573024165,0.07455727,0.430182788,19254.47261,2007,0.257824294,33786.52944,2163.43909,0.128912147,2681,Domestic
Ostrea_edulis-Atlantic_Northeast,Ostrea edulis,European flat oyster,Oysters,Atlantic Northeast,0.261876101,0.326454431,0.382001402,0.441509265,0.541303429,0.078660774,0.388415032,19254.47261,2008,0.257824294,33786.52944,2163.43909,0.128912147,2098,Domestic
Ostrea_edulis-Atlantic_Northeast,Ostrea edulis,European flat oyster,Oysters,Atlantic Northeast,0.21579502,0.288729045,0.346459862,0.41102685,0.524673201,0.085600059,0.353111328,19254.47261,2009,0.257824294,33786.52944,2163.43909,0.128912147,1884,Domestic
Ostrea_edulis-Atlantic_Northeast,Ostrea edulis,European flat oyster,Oysters,Atlantic Northeast,0.172695181,0.250826187,0.31640494,0.399658474,0.511390834,0.095150435,0.324503245,19254.47261,2010,0.257824294,33786.52944,2163.43909,0.128912147,1664,Domestic
Ostrea_edulis-Atlantic_Northeast,Ostrea edulis,European flat oyster,Oysters,Atlantic Northeast,0.128039955,0.223641342,0.30679136,0.384075569,0.513692083,0.107033256,0.305543236,19254.47261,2011,0.257824294,33786.52944,2163.43909,0.128912147,1443,Domestic
Ostrea_edulis-Atlantic_Northeast,Ostrea edulis,European flat oyster,Oysters,Atlantic Northeast,0.116920455,0.233256138,0.326919007,0.412348523,0.560791497,0.120534962,0.325065458,19254.47261,2012,0.257824294,33786.52944,2163.43909,0.128912147,716,Domestic
Ostrea_edulis-Atlantic_Northeast,Ostrea edulis,European flat oyster,Oysters,Atlantic Northeast,0.106869832,0.240368541,0.351889044,0.447986541,0.579799864,0.135989789,0.350197198,19254.47261,2013,0.257824294,33786.52944,2163.43909,0.128912147,662,Domestic
Ostrea_edulis-Atlantic_Northeast,Ostrea edulis,European flat oyster,Oysters,Atlantic Northeast,0.093611596,0.26120146,0.395959048,0.507499536,0.647963799,0.156224936,0.383646318,19254.47261,2014,0.257824294,33786.52944,2163.43909,0.128912147,614,Domestic
Ostrea_edulis-Atlantic_Northeast,Ostrea edulis,European flat oyster,Oysters,Atlantic Northeast,0.085721114,0.300463034,0.449750982,0.571674309,0.73120101,0.179148177,0.429882288,19254.47261,2015,0.257824294,33786.52944,2163.43909,0.128912147,471,Domestic
Ostrea_edulis-Atlantic_Northeast,Ostrea edulis,European flat oyster,Oysters,Atlantic Northeast,0.069206719,0.325405246,0.493252728,0.630537004,0.7834218,0.202311148,0.468417158,19254.47261,2016,0.257824294,33786.52944,2163.43909,0.128912147,700,Domestic
Ostrea_edulis-Mediterranean and Black Sea,Ostrea edulis,European flat oyster,Oysters,Mediterranean and Black Sea,0.984582186,1.20141262,1.382047194,1.577438995,1.874758684,0.240286046,1.396341185,20271.83365,1964,0.271543745,31084.86231,2101.082339,0.135771872,200,Domestic
Ostrea_edulis-Mediterranean and Black Sea,Ostrea edulis,European flat oyster,Oysters,Mediterranean and Black Sea,1.080960538,1.306885704,1.472655823,1.635779172,1.902201401,0.223372146,1.476906,20271.83365,1965,0.271543745,31084.86231,2101.082339,0.135771872,300,Domestic
Ostrea_edulis-Mediterranean and Black Sea,Ostrea edulis,European flat oyster,Oysters,Mediterranean and Black Sea,1.163491825,1.388166038,1.539738543,1.702666187,1.890062636,0.200048311,1.536104941,20271.83365,1966,0.271543745,31084.86231,2101.082339,0.135771872,400,Domestic
Ostrea_edulis-Mediterranean and Black Sea,Ostrea edulis,European flat oyster,Oysters,Mediterranean and Black Sea,1.228316422,1.464000905,1.586493375,1.729831029,1.909755854,0.181883007,1.586608476,20271.83365,1967,0.271543745,31084.86231,2101.082339,0.135771872,400,Domestic
Ostrea_edulis-Mediterranean and Black Sea,Ostrea edulis,European flat oyster,Oysters,Mediterranean and Black Sea,1.28599357,1.498575832,1.626051441,1.747998986,1.918659352,0.168318282,1.619735759,20271.83365,1968,0.271543745,31084.86231,2101.082339,0.135771872,500,Domestic
Ostrea_edulis-Mediterranean and Black Sea,Ostrea edulis,European flat oyster,Oysters,Mediterranean and Black Sea,1.380441405,1.56399038,1.68351076,1.794843203,1.929980973,0.152566953,1.674536605,20271.83365,1970,0.271543745,31084.86231,2101.082339,0.135771872,10,Domestic
Ostrea_edulis-Mediterranean and Black Sea,Ostrea edulis,European flat oyster,Oysters,Mediterranean and Black Sea,1.40103904,1.609124281,1.723752562,1.825437098,1.951163919,0.148137798,1.711686861,20271.83365,1971,0.271543745,31084.86231,2101.082339,0.135771872,44,Domestic
Ostrea_edulis-Mediterranean and Black Sea,Ostrea edulis,European flat oyster,Oysters,Mediterranean and Black Sea,1.455321193,1.65015271,1.755832309,1.839862054,1.964738778,0.135212672,1.740411107,20271.83365,1972,0.271543745,31084.86231,2101.082339,0.135771872,151,Domestic
Ostrea_edulis-Mediterranean and Black Sea,Ostrea edulis,European flat oyster,Oysters,Mediterranean and Black Sea,1.495092688,1.678307331,1.769957717,1.848698275,1.956104811,0.122293561,1.756695081,20271.83365,1973,0.271543745,31084.86231,2101.082339,0.135771872,300,Domestic
Ostrea_edulis-Mediterranean and Black Sea,Ostrea edulis,European flat oyster,Oysters,Mediterranean and Black Sea,1.515710278,1.689169611,1.774837687,1.863041493,1.978007227,0.121235244,1.768059383,20271.83365,1974,0.271543745,31084.86231,2101.082339,0.135771872,179,Domestic
Ostrea_edulis-Mediterranean and Black Sea,Ostrea edulis,European flat oyster,Oysters,Mediterranean and Black Sea,1.519529692,1.71231496,1.798195005,1.8751442,1.972719892,0.116370043,1.785920719,20271.83365,1975,0.271543745,31084.86231,2101.082339,0.135771872,109,Domestic
Ostrea_edulis-Mediterranean and Black Sea,Ostrea edulis,European flat oyster,Oysters,Mediterranean and Black Sea,1.562219598,1.719757611,1.801833095,1.881987402,1.972433357,0.111903832,1.792551607,20271.83365,1976,0.271543745,31084.86231,2101.082339,0.135771872,212,Domestic
Ostrea_edulis-Mediterranean and Black Sea,Ostrea edulis,European flat oyster,Oysters,Mediterranean and Black Sea,1.584768905,1.7405979,1.815945904,1.881837791,1.967615159,0.102492674,1.806920669,20271.83365,1977,0.271543745,31084.86231,2101.082339,0.135771872,86,Domestic
Ostrea_edulis-Mediterranean and Black Sea,Ostrea edulis,European flat oyster,Oysters,Mediterranean and Black Sea,1.584143665,1.737629013,1.812899995,1.881800879,1.975661003,0.102064047,1.806214404,20271.83365,1978,0.271543745,31084.86231,2101.082339,0.135771872,210,Domestic
Ostrea_edulis-Mediterranean and Black Sea,Ostrea edulis,European flat oyster,Oysters,Mediterranean and Black Sea,1.586606169,1.746134718,1.819986397,1.883878852,1.978323793,0.100079726,1.812621169,20271.83365,1979,0.271543745,31084.86231,2101.082339,0.135771872,148,Domestic
Ostrea_edulis-Mediterranean and Black Sea,Ostrea edulis,European flat oyster,Oysters,Mediterranean and Black Sea,1.605605162,1.760647659,1.827494007,1.895595123,1.98757557,0.098918124,1.822751356,20271.83365,1980,0.271543745,31084.86231,2101.082339,0.135771872,185,Domestic
Ostrea_edulis-Mediterranean and Black Sea,Ostrea edulis,European flat oyster,Oysters,Mediterranean and Black Sea,1.627804325,1.779559613,1.844203366,1.90761046,1.984707406,0.095748077,1.837122223,20271.83365,1981,0.271543745,31084.86231,2101.082339,0.135771872,248,Domestic
Ostrea_edulis-Mediterranean and Black Sea,Ostrea edulis,European flat oyster,Oysters,Mediterranean and Black Sea,1.560422423,1.709485776,1.791489506,1.86227012,1.967171971,0.108917032,1.782299487,20271.83365,1982,0.271543745,31084.86231,2101.082339,0.135771872,1532,Domestic
Ostrea_edulis-Mediterranean and Black Sea,Ostrea edulis,European flat oyster,Oysters,Mediterranean and Black Sea,1.515900397,1.664598872,1.751008648,1.829818085,1.951679059,0.114540496,1.746113529,20271.83365,1983,0.271543745,31084.86231,2101.082339,0.135771872,1472,Domestic
Ostrea_edulis-Mediterranean and Black Sea,Ostrea edulis,European flat oyster,Oysters,Mediterranean and Black Sea,1.441564515,1.585394136,1.667075588,1.746053186,1.884007583,0.117206062,1.66706595,20271.83365,1984,0.271543745,31084.86231,2101.082339,0.135771872,2374,Domestic
Ostrea_edulis-Mediterranean and Black Sea,Ostrea edulis,European flat oyster,Oysters,Mediterranean and Black Sea,1.410498338,1.550771165,1.625071132,1.713678814,1.864815781,0.120742657,1.630378023,20271.83365,1985,0.271543745,31084.86231,2101.082339,0.135771872,2073,Domestic
Ostrea_edulis-Mediterranean and Black Sea,Ostrea edulis,European flat oyster,Oysters,Mediterranean and Black Sea,1.342938393,1.482612117,1.551646832,1.626548137,1.821278181,0.118702452,1.557208648,20271.83365,1986,0.271543745,31084.86231,2101.082339,0.135771872,2831,Domestic
Ostrea_edulis-Mediterranean and Black Sea,Ostrea edulis,European flat oyster,Oysters,Mediterranean and Black Sea,1.358753419,1.507746919,1.580989268,1.659695199,1.819389877,0.115081394,1.586136567,20271.83365,1987,0.271543745,31084.86231,2101.082339,0.135771872,1347,Domestic
Ostrea_edulis-Mediterranean and Black Sea,Ostrea edulis,European flat oyster,Oysters,Mediterranean and Black Sea,1.339421099,1.453017023,1.532730477,1.598487427,1.74846389,0.105301652,1.53047259,20271.83365,1988,0.271543745,31084.86231,2101.082339,0.135771872,2664,Domestic
Ostrea_edulis-Mediterranean and Black Sea,Ostrea edulis,European flat oyster,Oysters,Mediterranean and Black Sea,1.224796569,1.335376154,1.397988477,1.461798152,1.609588271,0.09456793,1.40357727,20271.83365,1989,0.271543745,31084.86231,2101.082339,0.135771872,3746,Domestic
Ostrea_edulis-Mediterranean and Black Sea,Ostrea edulis,European flat oyster,Oysters,Mediterranean and Black Sea,0.993865293,1.079926919,1.13175094,1.185144106,1.311309049,0.080665002,1.135102122,20271.83365,1990,0.271543745,31084.86231,2101.082339,0.135771872,6178,Domestic
Ostrea_edulis-Mediterranean and Black Sea,Ostrea edulis,European flat oyster,Oysters,Mediterranean and Black Sea,0.722265929,0.790222688,0.827272615,0.872883829,0.953156932,0.060045477,0.832054578,20271.83365,1991,0.271543745,31084.86231,2101.082339,0.135771872,6841,Domestic
Ostrea_edulis-Mediterranean and Black Sea,Ostrea edulis,European flat oyster,Oysters,Mediterranean and Black Sea,0.484827597,0.534907664,0.564579874,0.596470811,0.674067297,0.047749912,0.567146274,20271.83365,1992,0.271543745,31084.86231,2101.082339,0.135771872,6178,Domestic
Ostrea_edulis-Mediterranean and Black Sea,Ostrea edulis,European flat oyster,Oysters,Mediterranean and Black Sea,0.413177537,0.456948343,0.477998623,0.508885359,0.572008347,0.03970303,0.484032043,20271.83365,1993,0.271543745,31084.86231,2101.082339,0.135771872,3010,Domestic
Ostrea_edulis-Mediterranean and Black Sea,Ostrea edulis,European flat oyster,Oysters,Mediterranean and Black Sea,0.339033962,0.366900532,0.386909245,0.406910152,0.453573325,0.030315902,0.388954147,20271.83365,1994,0.271543745,31084.86231,2101.082339,0.135771872,2992,Domestic
Ostrea_edulis-Mediterranean and Black Sea,Ostrea edulis,European flat oyster,Oysters,Mediterranean and Black Sea,0.242060889,0.266063896,0.279892517,0.295773827,0.333133318,0.022559411,0.282254202,20271.83365,1995,0.271543745,31084.86231,2101.082339,0.135771872,2955,Domestic
Ostrea_edulis-Mediterranean and Black Sea,Ostrea edulis,European flat oyster,Oysters,Mediterranean and Black Sea,0.176471076,0.193184336,0.203881379,0.217532855,0.246423389,0.018114145,0.206465503,20271.83365,1996,0.271543745,31084.86231,2101.082339,0.135771872,2187,Domestic
Ostrea_edulis-Mediterranean and Black Sea,Ostrea edulis,European flat oyster,Oysters,Mediterranean and Black Sea,0.113973904,0.125346485,0.134045366,0.145843803,0.173889644,0.015640282,0.136781654,20271.83365,1997,0.271543745,31084.86231,2101.082339,0.135771872,1849,Domestic
Ostrea_edulis-Mediterranean and Black Sea,Ostrea edulis,European flat oyster,Oysters,Mediterranean and Black Sea,0.073255639,0.082432726,0.090381813,0.102713125,0.130968334,0.015279834,0.093812789,20271.83365,1998,0.271543745,31084.86231,2101.082339,0.135771872,1190,Domestic
Ostrea_edulis-Mediterranean and Black Sea,Ostrea edulis,European flat oyster,Oysters,Mediterranean and Black Sea,0.037175265,0.047041223,0.055247597,0.067614829,0.098844193,0.016659566,0.059064585,20271.83365,1999,0.271543745,31084.86231,2101.082339,0.135771872,904,Domestic
Ostrea_edulis-Mediterranean and Black Sea,Ostrea edulis,European flat oyster,Oysters,Mediterranean and Black Sea,0.032099392,0.042905709,0.051906085,0.066466952,0.101512226,0.018994175,0.056372287,20271.83365,2000,0.271543745,31084.86231,2101.082339,0.135771872,271,Domestic
Ostrea_edulis-Mediterranean and Black Sea,Ostrea edulis,European flat oyster,Oysters,Mediterranean and Black Sea,0.032302839,0.043848832,0.055274963,0.070819313,0.112144188,0.021599196,0.060186616,20271.83365,2001,0.271543745,31084.86231,2101.082339,0.135771872,157,Domestic
Ostrea_edulis-Mediterranean and Black Sea,Ostrea edulis,European flat oyster,Oysters,Mediterranean and Black Sea,0.032731643,0.046587194,0.059799321,0.078522681,0.127769142,0.025385272,0.065335076,20271.83365,2002,0.271543745,31084.86231,2101.082339,0.135771872,156,Domestic
Ostrea_edulis-Mediterranean and Black Sea,Ostrea edulis,European flat oyster,Oysters,Mediterranean and Black Sea,0.032214013,0.04714808,0.063912413,0.085763066,0.141278235,0.029278535,0.06963898,20271.83365,2003,0.271543745,31084.86231,2101.082339,0.135771872,181,Domestic
Ostrea_edulis-Mediterranean and Black Sea,Ostrea edulis,European flat oyster,Oysters,Mediterranean and Black Sea,0.031319569,0.049879375,0.069376271,0.095304284,0.153271787,0.03378677,0.075634847,20271.83365,2004,0.271543745,31084.86231,2101.082339,0.135771872,171,Domestic
Ostrea_edulis-Mediterranean and Black Sea,Ostrea edulis,European flat oyster,Oysters,Mediterranean and Black Sea,0.031956201,0.054821583,0.079870854,0.109492111,0.177510848,0.040070493,0.085918172,20271.83365,2005,0.271543745,31084.86231,2101.082339,0.135771872,131,Domestic
Ostrea_edulis-Mediterranean and Black Sea,Ostrea edulis,European flat oyster,Oysters,Mediterranean and Black Sea,0.032748711,0.060999981,0.089905197,0.126206236,0.205051659,0.047286581,0.097722638,20271.83365,2006,0.271543745,31084.86231,2101.082339,0.135771872,141,Domestic
Ostrea_edulis-Mediterranean and Black Sea,Ostrea edulis,European flat oyster,Oysters,Mediterranean and Black Sea,0.02925973,0.066298495,0.098817433,0.142181487,0.228527318,0.055591778,0.107614753,20271.83365,2007,0.271543745,31084.86231,2101.082339,0.135771872,213,Domestic
Ostrea_edulis-Mediterranean and Black Sea,Ostrea edulis,European flat oyster,Oysters,Mediterranean and Black Sea,0.034839517,0.079145243,0.12097598,0.171546935,0.273809759,0.066222558,0.129670564,20271.83365,2008,0.271543745,31084.86231,2101.082339,0.135771872,53,Domestic
Ostrea_edulis-Mediterranean and Black Sea,Ostrea edulis,European flat oyster,Oysters,Mediterranean and Black Sea,0.043426618,0.097763806,0.14735995,0.211598345,0.336116992,0.078265302,0.157910052,20271.83365,2009,0.271543745,31084.86231,2101.082339,0.135771872,37,Domestic
Ostrea_edulis-Mediterranean and Black Sea,Ostrea edulis,European flat oyster,Oysters,Mediterranean and Black Sea,0.05450159,0.12401771,0.188319972,0.257475002,0.388413005,0.091979691,0.194158755,20271.83365,2010,0.271543745,31084.86231,2101.082339,0.135771872,9,Domestic
Ostrea_edulis-Mediterranean and Black Sea,Ostrea edulis,European flat oyster,Oysters,Mediterranean and Black Sea,0.069475515,0.15375094,0.229494202,0.313988205,0.453408722,0.105894481,0.235730941,20271.83365,2011,0.271543745,31084.86231,2101.082339,0.135771872,28,Domestic
Ostrea_edulis-Mediterranean and Black Sea,Ostrea edulis,European flat oyster,Oysters,Mediterranean and Black Sea,0.083539676,0.186613244,0.27903738,0.378939056,0.514500332,0.121769838,0.282626591,20271.83365,2012,0.271543745,31084.86231,2101.082339,0.135771872,78,Domestic
Ostrea_edulis-Mediterranean and Black Sea,Ostrea edulis,European flat oyster,Oysters,Mediterranean and Black Sea,0.087320778,0.210926788,0.329163005,0.438555264,0.571940306,0.140928132,0.324915855,20271.83365,2013,0.271543745,31084.86231,2101.082339,0.135771872,292,Domestic
Ostrea_edulis-Mediterranean and Black Sea,Ostrea edulis,European flat oyster,Oysters,Mediterranean and Black Sea,0.080104674,0.227542265,0.368511083,0.497679831,0.613534478,0.162360058,0.36118385,20271.83365,2014,0.271543745,31084.86231,2101.082339,0.135771872,503,Domestic
Ostrea_edulis-Mediterranean and Black Sea,Ostrea edulis,European flat oyster,Oysters,Mediterranean and Black Sea,0.062242708,0.236508857,0.410285302,0.558552007,0.68822746,0.1884549,0.395375575,20271.83365,2015,0.271543745,31084.86231,2101.082339,0.135771872,639,Domestic
Ostrea_edulis-Mediterranean and Black Sea,Ostrea edulis,European flat oyster,Oysters,Mediterranean and Black Sea,0.05115387,0.267033701,0.473150904,0.642264542,0.775175028,0.220476801,0.449920471,20271.83365,2016,0.271543745,31084.86231,2101.082339,0.135771872,428,Domestic
Pagellus_bogaraveo-Atlantic_Northeast,Pagellus bogaraveo,Blackspot(=red) seabream,Miscellaneous coastal fishes,Atlantic Northeast,0.644795462,0.931998021,1.063394998,1.174459075,1.358888977,0.18553115,1.045414608,120254.2918,1950,0.129246522,227847.6542,7206.559321,0.064623261,10400,Domestic
Pagellus_bogaraveo-Atlantic_Northeast,Pagellus bogaraveo,Blackspot(=red) seabream,Miscellaneous coastal fishes,Atlantic Northeast,0.645014497,0.926987928,1.057766042,1.180043581,1.382497406,0.187039565,1.047345185,120254.2918,1951,0.129246522,227847.6542,7206.559321,0.064623261,7800,Domestic
Pagellus_bogaraveo-Atlantic_Northeast,Pagellus bogaraveo,Blackspot(=red) seabream,Miscellaneous coastal fishes,Atlantic Northeast,0.643732565,0.930910417,1.054858854,1.186365532,1.375222677,0.18490717,1.049022516,120254.2918,1952,0.129246522,227847.6542,7206.559321,0.064623261,7900,Domestic
Pagellus_bogaraveo-Atlantic_Northeast,Pagellus bogaraveo,Blackspot(=red) seabream,Miscellaneous coastal fishes,Atlantic Northeast,0.657352482,0.924543612,1.053352119,1.173859776,1.37506838,0.18360676,1.050076659,120254.2918,1953,0.129246522,227847.6542,7206.559321,0.064623261,7700,Domestic
Pagellus_bogaraveo-Atlantic_Northeast,Pagellus bogaraveo,Blackspot(=red) seabream,Miscellaneous coastal fishes,Atlantic Northeast,0.677176544,0.919874267,1.066076266,1.181682263,1.38533455,0.183770892,1.052452152,120254.2918,1954,0.129246522,227847.6542,7206.559321,0.064623261,7800,Domestic
Pagellus_bogaraveo-Atlantic_Northeast,Pagellus bogaraveo,Blackspot(=red) seabream,Miscellaneous coastal fishes,Atlantic Northeast,0.681942213,0.924556362,1.05267946,1.168143476,1.380957811,0.17802498,1.048088798,120254.2918,1955,0.129246522,227847.6542,7206.559321,0.064623261,8500,Domestic
Pagellus_bogaraveo-Atlantic_Northeast,Pagellus bogaraveo,Blackspot(=red) seabream,Miscellaneous coastal fishes,Atlantic Northeast,0.65565631,0.89091577,1.006975651,1.128775229,1.360256401,0.177898235,1.013146407,120254.2918,1956,0.129246522,227847.6542,7206.559321,0.064623261,11900,Domestic
Pagellus_bogaraveo-Atlantic_Northeast,Pagellus bogaraveo,Blackspot(=red) seabream,Miscellaneous coastal fishes,Atlantic Northeast,0.615136687,0.853235895,0.959745025,1.076142828,1.296972278,0.170574202,0.964308017,120254.2918,1957,0.129246522,227847.6542,7206.559321,0.064623261,13100,Domestic
Pagellus_bogaraveo-Atlantic_Northeast,Pagellus bogaraveo,Blackspot(=red) seabream,Miscellaneous coastal fishes,Atlantic Northeast,0.630392425,0.84630526,0.953714839,1.063691371,1.29097035,0.166242717,0.956836752,120254.2918,1958,0.129246522,227847.6542,7206.559321,0.064623261,8600,Domestic
Pagellus_bogaraveo-Atlantic_Northeast,Pagellus bogaraveo,Blackspot(=red) seabream,Miscellaneous coastal fishes,Atlantic Northeast,0.616626684,0.838239242,0.937701297,1.049290637,1.261012521,0.161181276,0.940343977,120254.2918,1959,0.129246522,227847.6542,7206.559321,0.064623261,9400,Domestic
Pagellus_bogaraveo-Atlantic_Northeast,Pagellus bogaraveo,Blackspot(=red) seabream,Miscellaneous coastal fishes,Atlantic Northeast,0.591146897,0.820260197,0.918652861,1.027670816,1.240105,0.158988506,0.923463541,120254.2918,1960,0.129246522,227847.6542,7206.559321,0.064623261,9500,Domestic
Pagellus_bogaraveo-Atlantic_Northeast,Pagellus bogaraveo,Blackspot(=red) seabream,Miscellaneous coastal fishes,Atlantic Northeast,0.590335257,0.798132988,0.90489776,1.006027846,1.226141151,0.155822155,0.905138002,120254.2918,1961,0.129246522,227847.6542,7206.559321,0.064623261,9500,Domestic
Pagellus_bogaraveo-Atlantic_Northeast,Pagellus bogaraveo,Blackspot(=red) seabream,Miscellaneous coastal fishes,Atlantic Northeast,0.564175617,0.771480458,0.869366766,0.968789231,1.184059404,0.151833854,0.870358258,120254.2918,1962,0.129246522,227847.6542,7206.559321,0.064623261,11500,Domestic
Pagellus_bogaraveo-Atlantic_Northeast,Pagellus bogaraveo,Blackspot(=red) seabream,Miscellaneous coastal fishes,Atlantic Northeast,0.561369529,0.765543289,0.854926231,0.946461329,1.155407918,0.146521932,0.859367157,120254.2918,1963,0.129246522,227847.6542,7206.559321,0.064623261,8400,Domestic
Pagellus_bogaraveo-Atlantic_Northeast,Pagellus bogaraveo,Blackspot(=red) seabream,Miscellaneous coastal fishes,Atlantic Northeast,0.584901848,0.763784477,0.848456937,0.947891775,1.158811356,0.144940475,0.856414977,120254.2918,1964,0.129246522,227847.6542,7206.559321,0.064623261,7700,Domestic
Pagellus_bogaraveo-Atlantic_Northeast,Pagellus bogaraveo,Blackspot(=red) seabream,Miscellaneous coastal fishes,Atlantic Northeast,0.576132365,0.757621012,0.845321019,0.941550581,1.154197205,0.142333626,0.851778449,120254.2918,1965,0.129246522,227847.6542,7206.559321,0.064623261,7900,Domestic
Pagellus_bogaraveo-Atlantic_Northeast,Pagellus bogaraveo,Blackspot(=red) seabream,Miscellaneous coastal fishes,Atlantic Northeast,0.570786417,0.745208013,0.8258881,0.922843308,1.129459754,0.135347707,0.835218648,120254.2918,1966,0.129246522,227847.6542,7206.559321,0.064623261,9100,Domestic
Pagellus_bogaraveo-Atlantic_Northeast,Pagellus bogaraveo,Blackspot(=red) seabream,Miscellaneous coastal fishes,Atlantic Northeast,0.57245484,0.726970033,0.807309914,0.89774415,1.083887987,0.129399376,0.814287186,120254.2918,1967,0.129246522,227847.6542,7206.559321,0.064623261,9600,Domestic
Pagellus_bogaraveo-Atlantic_Northeast,Pagellus bogaraveo,Blackspot(=red) seabream,Miscellaneous coastal fishes,Atlantic Northeast,0.550388216,0.699516499,0.770164182,0.859081754,1.049283947,0.124804501,0.778888418,120254.2918,1968,0.129246522,227847.6542,7206.559321,0.064623261,11100,Domestic
Pagellus_bogaraveo-Atlantic_Northeast,Pagellus bogaraveo,Blackspot(=red) seabream,Miscellaneous coastal fishes,Atlantic Northeast,0.532733957,0.670452498,0.74283496,0.821121755,0.990055315,0.118749232,0.748515889,120254.2918,1969,0.129246522,227847.6542,7206.559321,0.064623261,10000,Domestic
Pagellus_bogaraveo-Atlantic_Northeast,Pagellus bogaraveo,Blackspot(=red) seabream,Miscellaneous coastal fishes,Atlantic Northeast,0.504180333,0.659506467,0.718563499,0.793830117,0.96850742,0.114177466,0.725344762,120254.2918,1970,0.129246522,227847.6542,7206.559321,0.064623261,9400,Domestic
Pagellus_bogaraveo-Atlantic_Northeast,Pagellus bogaraveo,Blackspot(=red) seabream,Miscellaneous coastal fishes,Atlantic Northeast,0.504046329,0.638049234,0.698268074,0.756411254,0.919769874,0.105886962,0.700603179,120254.2918,1971,0.129246522,227847.6542,7206.559321,0.064623261,9400,Domestic
Pagellus_bogaraveo-Atlantic_Northeast,Pagellus bogaraveo,Blackspot(=red) seabream,Miscellaneous coastal fishes,Atlantic Northeast,0.463063161,0.593964607,0.651196266,0.710809447,0.863553147,0.098153766,0.655672756,120254.2918,1972,0.129246522,227847.6542,7206.559321,0.064623261,11500,Domestic
Pagellus_bogaraveo-Atlantic_Northeast,Pagellus bogaraveo,Blackspot(=red) seabream,Miscellaneous coastal fishes,Atlantic Northeast,0.450333385,0.564013598,0.621794459,0.685970217,0.823646269,0.095253759,0.628737151,120254.2918,1973,0.129246522,227847.6542,7206.559321,0.064623261,9300,Domestic
Pagellus_bogaraveo-Atlantic_Northeast,Pagellus bogaraveo,Blackspot(=red) seabream,Miscellaneous coastal fishes,Atlantic Northeast,0.376231154,0.480560274,0.525713921,0.589410457,0.724397752,0.084867139,0.536352296,120254.2918,1974,0.129246522,227847.6542,7206.559321,0.064623261,16354,Domestic
Pagellus_bogaraveo-Atlantic_Northeast,Pagellus bogaraveo,Blackspot(=red) seabream,Miscellaneous coastal fishes,Atlantic Northeast,0.345275069,0.439063791,0.482351243,0.53663016,0.671324281,0.080588133,0.490485821,120254.2918,1975,0.129246522,227847.6542,7206.559321,0.064623261,10841,Domestic
Pagellus_bogaraveo-Atlantic_Northeast,Pagellus bogaraveo,Blackspot(=red) seabream,Miscellaneous coastal fishes,Atlantic Northeast,0.367137679,0.454807476,0.497431676,0.553350277,0.671895657,0.076533395,0.50525254,120254.2918,1976,0.129246522,227847.6542,7206.559321,0.064623261,3589,Domestic
Pagellus_bogaraveo-Atlantic_Northeast,Pagellus bogaraveo,Blackspot(=red) seabream,Miscellaneous coastal fishes,Atlantic Northeast,0.316551981,0.400343456,0.437489177,0.483350478,0.602489455,0.069294145,0.444298986,120254.2918,1977,0.129246522,227847.6542,7206.559321,0.064623261,12173,Domestic
Pagellus_bogaraveo-Atlantic_Northeast,Pagellus bogaraveo,Blackspot(=red) seabream,Miscellaneous coastal fishes,Atlantic Northeast,0.270760184,0.341579392,0.375073434,0.415180014,0.529803771,0.063564646,0.381607006,120254.2918,1978,0.129246522,227847.6542,7206.559321,0.064623261,11747,Domestic
Pagellus_bogaraveo-Atlantic_Northeast,Pagellus bogaraveo,Blackspot(=red) seabream,Miscellaneous coastal fishes,Atlantic Northeast,0.235322388,0.302098041,0.333661826,0.3694861,0.48241895,0.059896999,0.340128345,120254.2918,1979,0.129246522,227847.6542,7206.559321,0.064623261,8895,Domestic
Pagellus_bogaraveo-Atlantic_Northeast,Pagellus bogaraveo,Blackspot(=red) seabream,Miscellaneous coastal fishes,Atlantic Northeast,0.206220918,0.262874285,0.291956817,0.329963878,0.436618517,0.057588896,0.300245357,120254.2918,1980,0.129246522,227847.6542,7206.559321,0.064623261,8310,Domestic
Pagellus_bogaraveo-Atlantic_Northeast,Pagellus bogaraveo,Blackspot(=red) seabream,Miscellaneous coastal fishes,Atlantic Northeast,0.188770149,0.245039057,0.274429732,0.311390454,0.420550216,0.056166134,0.281600644,120254.2918,1981,0.129246522,227847.6542,7206.559321,0.064623261,5580,Domestic
Pagellus_bogaraveo-Atlantic_Northeast,Pagellus bogaraveo,Blackspot(=red) seabream,Miscellaneous coastal fishes,Atlantic Northeast,0.175093994,0.225776282,0.252374622,0.288842389,0.392571669,0.054613376,0.261892152,120254.2918,1982,0.129246522,227847.6542,7206.559321,0.064623261,5501,Domestic
Pagellus_bogaraveo-Atlantic_Northeast,Pagellus bogaraveo,Blackspot(=red) seabream,Miscellaneous coastal fishes,Atlantic Northeast,0.159931071,0.204496261,0.232315573,0.266183309,0.376345972,0.054709143,0.24122131,120254.2918,1983,0.129246522,227847.6542,7206.559321,0.064623261,5336,Domestic
Pagellus_bogaraveo-Atlantic_Northeast,Pagellus bogaraveo,Blackspot(=red) seabream,Miscellaneous coastal fishes,Atlantic Northeast,0.145405549,0.186987536,0.218202195,0.250696004,0.358326295,0.055922281,0.225397864,120254.2918,1984,0.129246522,227847.6542,7206.559321,0.064623261,4685,Domestic
Pagellus_bogaraveo-Atlantic_Northeast,Pagellus bogaraveo,Blackspot(=red) seabream,Miscellaneous coastal fishes,Atlantic Northeast,0.133778375,0.175988987,0.204979266,0.237939551,0.345305115,0.05568295,0.213671753,120254.2918,1985,0.129246522,227847.6542,7206.559321,0.064623261,3886,Domestic
Pagellus_bogaraveo-Atlantic_Northeast,Pagellus bogaraveo,Blackspot(=red) seabream,Miscellaneous coastal fishes,Atlantic Northeast,0.124077346,0.166842474,0.196760374,0.231193272,0.340883185,0.056224674,0.205916073,120254.2918,1986,0.129246522,227847.6542,7206.559321,0.064623261,3381,Domestic
Pagellus_bogaraveo-Atlantic_Northeast,Pagellus bogaraveo,Blackspot(=red) seabream,Miscellaneous coastal fishes,Atlantic Northeast,0.121959901,0.164314896,0.195536622,0.229800689,0.336651186,0.057566168,0.204299053,120254.2918,1987,0.129246522,227847.6542,7206.559321,0.064623261,2603,Domestic
Pagellus_bogaraveo-Atlantic_Northeast,Pagellus bogaraveo,Blackspot(=red) seabream,Miscellaneous coastal fishes,Atlantic Northeast,0.121788373,0.164474896,0.195314208,0.230937315,0.346129232,0.05856338,0.20533589,120254.2918,1988,0.129246522,227847.6542,7206.559321,0.064623261,2305,Domestic
Pagellus_bogaraveo-Atlantic_Northeast,Pagellus bogaraveo,Blackspot(=red) seabream,Miscellaneous coastal fishes,Atlantic Northeast,0.124025747,0.164160967,0.195680458,0.235392218,0.348238109,0.059682338,0.20709804,120254.2918,1989,0.129246522,227847.6542,7206.559321,0.064623261,2267,Domestic
Pagellus_bogaraveo-Atlantic_Northeast,Pagellus bogaraveo,Blackspot(=red) seabream,Miscellaneous coastal fishes,Atlantic Northeast,0.122875219,0.167127622,0.194533496,0.236867912,0.347949977,0.060930786,0.208793362,120254.2918,1990,0.129246522,227847.6542,7206.559321,0.064623261,2316,Domestic
Pagellus_bogaraveo-Atlantic_Northeast,Pagellus bogaraveo,Blackspot(=red) seabream,Miscellaneous coastal fishes,Atlantic Northeast,0.126695666,0.170538569,0.199213743,0.244675596,0.358072734,0.062050902,0.212725415,120254.2918,1991,0.129246522,227847.6542,7206.559321,0.064623261,2002,Domestic
Pagellus_bogaraveo-Atlantic_Northeast,Pagellus bogaraveo,Blackspot(=red) seabream,Miscellaneous coastal fishes,Atlantic Northeast,0.128993838,0.175338561,0.203324206,0.249790121,0.366568945,0.063469825,0.217722956,120254.2918,1992,0.129246522,227847.6542,7206.559321,0.064623261,1989,Domestic
Pagellus_bogaraveo-Atlantic_Northeast,Pagellus bogaraveo,Blackspot(=red) seabream,Miscellaneous coastal fishes,Atlantic Northeast,0.125928862,0.173007821,0.204227528,0.250766009,0.3685132,0.06455895,0.217279864,120254.2918,1993,0.129246522,227847.6542,7206.559321,0.064623261,2620,Domestic
Pagellus_bogaraveo-Atlantic_Northeast,Pagellus bogaraveo,Blackspot(=red) seabream,Miscellaneous coastal fishes,Atlantic Northeast,0.123386614,0.164950099,0.199308335,0.246707706,0.36579643,0.066384336,0.213476445,120254.2918,1994,0.129246522,227847.6542,7206.559321,0.064623261,3009,Domestic
Pagellus_bogaraveo-Atlantic_Northeast,Pagellus bogaraveo,Blackspot(=red) seabream,Miscellaneous coastal fishes,Atlantic Northeast,0.121682194,0.16250859,0.198126538,0.248815273,0.372447189,0.069196679,0.213502379,120254.2918,1995,0.129246522,227847.6542,7206.559321,0.064623261,2581,Domestic
Pagellus_bogaraveo-Atlantic_Northeast,Pagellus bogaraveo,Blackspot(=red) seabream,Miscellaneous coastal fishes,Atlantic Northeast,0.123909631,0.163970612,0.201562918,0.25585965,0.391184683,0.072334436,0.217915592,120254.2918,1996,0.129246522,227847.6542,7206.559321,0.064623261,2068,Domestic
Pagellus_bogaraveo-Atlantic_Northeast,Pagellus bogaraveo,Blackspot(=red) seabream,Miscellaneous coastal fishes,Atlantic Northeast,0.106634999,0.143739622,0.187502759,0.24319044,0.380001999,0.075323394,0.201842647,120254.2918,1997,0.129246522,227847.6542,7206.559321,0.064623261,4380,Domestic
Pagellus_bogaraveo-Atlantic_Northeast,Pagellus bogaraveo,Blackspot(=red) seabream,Miscellaneous coastal fishes,Atlantic Northeast,0.098276184,0.136565303,0.180774098,0.243979508,0.387333578,0.07878873,0.198246812,120254.2918,1998,0.129246522,227847.6542,7206.559321,0.064623261,2796,Domestic
Pagellus_bogaraveo-Atlantic_Northeast,Pagellus bogaraveo,Blackspot(=red) seabream,Miscellaneous coastal fishes,Atlantic Northeast,0.090240257,0.133426763,0.181976066,0.243408066,0.3977004,0.082357755,0.197566483,120254.2918,1999,0.129246522,227847.6542,7206.559321,0.064623261,2367,Domestic
Pagellus_bogaraveo-Atlantic_Northeast,Pagellus bogaraveo,Blackspot(=red) seabream,Miscellaneous coastal fishes,Atlantic Northeast,0.087164089,0.133921255,0.186211482,0.252333529,0.395110787,0.085564063,0.202437281,120254.2918,2000,0.129246522,227847.6542,7206.559321,0.064623261,1753,Domestic
Pagellus_bogaraveo-Atlantic_Northeast,Pagellus bogaraveo,Blackspot(=red) seabream,Miscellaneous coastal fishes,Atlantic Northeast,0.090051295,0.139100754,0.195796135,0.268525983,0.418045651,0.090167284,0.212123448,120254.2918,2001,0.129246522,227847.6542,7206.559321,0.064623261,1263,Domestic
Pagellus_bogaraveo-Atlantic_Northeast,Pagellus bogaraveo,Blackspot(=red) seabream,Miscellaneous coastal fishes,Atlantic Northeast,0.089994726,0.143872387,0.20491768,0.276614867,0.430124455,0.094736435,0.220109362,120254.2918,2002,0.129246522,227847.6542,7206.559321,0.064623261,1629,Domestic
Pagellus_bogaraveo-Atlantic_Northeast,Pagellus bogaraveo,Blackspot(=red) seabream,Miscellaneous coastal fishes,Atlantic Northeast,0.088675658,0.14929868,0.213944353,0.288931073,0.450602655,0.100389384,0.228986375,120254.2918,2003,0.129246522,227847.6542,7206.559321,0.064623261,1548,Domestic
Pagellus_bogaraveo-Atlantic_Northeast,Pagellus bogaraveo,Blackspot(=red) seabream,Miscellaneous coastal fishes,Atlantic Northeast,0.087472439,0.152602009,0.225196922,0.307159664,0.470179987,0.106989529,0.238765172,120254.2918,2004,0.129246522,227847.6542,7206.559321,0.064623261,1550,Domestic
Pagellus_bogaraveo-Atlantic_Northeast,Pagellus bogaraveo,Blackspot(=red) seabream,Miscellaneous coastal fishes,Atlantic Northeast,0.081477569,0.151818414,0.229404291,0.321311007,0.499084277,0.112905718,0.244127747,120254.2918,2005,0.129246522,227847.6542,7206.559321,0.064623261,2130,Domestic
Pagellus_bogaraveo-Atlantic_Northeast,Pagellus bogaraveo,Blackspot(=red) seabream,Miscellaneous coastal fishes,Atlantic Northeast,0.079197909,0.15701519,0.245453051,0.332819561,0.514053606,0.11992629,0.25574752,120254.2918,2006,0.129246522,227847.6542,7206.559321,0.064623261,1501,Domestic
Pagellus_bogaraveo-Atlantic_Northeast,Pagellus bogaraveo,Blackspot(=red) seabream,Miscellaneous coastal fishes,Atlantic Northeast,0.073284348,0.162647324,0.253293527,0.355188284,0.525956665,0.127690152,0.266399303,120254.2918,2007,0.129246522,227847.6542,7206.559321,0.064623261,1686,Domestic
Pagellus_bogaraveo-Atlantic_Northeast,Pagellus bogaraveo,Blackspot(=red) seabream,Miscellaneous coastal fishes,Atlantic Northeast,0.06829588,0.164945498,0.266673566,0.377592659,0.545865452,0.135996491,0.278952611,120254.2918,2008,0.129246522,227847.6542,7206.559321,0.064623261,1590,Domestic
Pagellus_bogaraveo-Atlantic_Northeast,Pagellus bogaraveo,Blackspot(=red) seabream,Miscellaneous coastal fishes,Atlantic Northeast,0.06134475,0.17815687,0.285809781,0.409652572,0.584424489,0.14564217,0.293907557,120254.2918,2009,0.129246522,227847.6542,7206.559321,0.064623261,1448,Domestic
Pagellus_bogaraveo-Atlantic_Northeast,Pagellus bogaraveo,Blackspot(=red) seabream,Miscellaneous coastal fishes,Atlantic Northeast,0.058258176,0.187929991,0.302461018,0.430913165,0.617825841,0.154067563,0.311365768,120254.2918,2010,0.129246522,227847.6542,7206.559321,0.064623261,1172,Domestic
Pagellus_bogaraveo-Atlantic_Northeast,Pagellus bogaraveo,Blackspot(=red) seabream,Miscellaneous coastal fishes,Atlantic Northeast,0.058514905,0.199607853,0.330066787,0.456574316,0.639694254,0.163611228,0.33172223,120254.2918,2011,0.129246522,227847.6542,7206.559321,0.064623261,984,Domestic
Pagellus_bogaraveo-Atlantic_Northeast,Pagellus bogaraveo,Blackspot(=red) seabream,Miscellaneous coastal fishes,Atlantic Northeast,0.056911175,0.218323731,0.357969809,0.493686315,0.654979356,0.174996944,0.354725061,120254.2918,2012,0.129246522,227847.6542,7206.559321,0.064623261,1041,Domestic
Pagellus_bogaraveo-Atlantic_Northeast,Pagellus bogaraveo,Blackspot(=red) seabream,Miscellaneous coastal fishes,Atlantic Northeast,0.053437885,0.227187286,0.389766539,0.533047618,0.695055381,0.187050442,0.379667158,120254.2918,2013,0.129246522,227847.6542,7206.559321,0.064623261,1027,Domestic
Pagellus_bogaraveo-Atlantic_Northeast,Pagellus bogaraveo,Blackspot(=red) seabream,Miscellaneous coastal fishes,Atlantic Northeast,0.049034271,0.237470311,0.421702021,0.573054919,0.733432651,0.200196778,0.405103712,120254.2918,2014,0.129246522,227847.6542,7206.559321,0.064623261,1174,Domestic
Pagellus_bogaraveo-Atlantic_Northeast,Pagellus bogaraveo,Blackspot(=red) seabream,Miscellaneous coastal fishes,Atlantic Northeast,0.046656995,0.260384954,0.450581828,0.614286321,0.756949881,0.213704482,0.433881554,120254.2918,2015,0.129246522,227847.6542,7206.559321,0.064623261,995,Domestic
Pagellus_bogaraveo-Atlantic_Northeast,Pagellus bogaraveo,Blackspot(=red) seabream,Miscellaneous coastal fishes,Atlantic Northeast,0.045172329,0.272031193,0.494025388,0.668846728,0.78755246,0.227304961,0.465063628,120254.2918,2016,0.129246522,227847.6542,7206.559321,0.064623261,850,Domestic
Pagellus_erythrinus-Atlantic_Eastern Central,Pagellus erythrinus,Common pandora,Miscellaneous coastal fishes,Atlantic Eastern Central,NA,NA,NA,NA,NA,NA,NA,NA,NA,NA,NA,NA,NA,NA,CBA
Pagellus_erythrinus-Atlantic_Northeast,Pagellus erythrinus,Common pandora,Miscellaneous coastal fishes,Atlantic Northeast,NA,NA,NA,NA,NA,NA,NA,NA,NA,NA,NA,NA,NA,NA,CBA
Pagellus_erythrinus-Mediterranean and Black Sea,Pagellus erythrinus,Common pandora,Miscellaneous coastal fishes,Mediterranean and Black Sea,1.055751158,1.27108139,1.438804584,1.630855769,1.906563151,0.233399848,1.453662467,50410.24389,1950,0.466033303,78460.49391,8747.132646,0.233016652,800,CBA
Pagellus_erythrinus-Mediterranean and Black Sea,Pagellus erythrinus,Common pandora,Miscellaneous coastal fishes,Mediterranean and Black Sea,1.187417698,1.43570874,1.593365237,1.749015314,1.940690657,0.204511116,1.585490778,50410.24389,1951,0.466033303,78460.49391,8747.132646,0.233016652,900,CBA
Pagellus_erythrinus-Mediterranean and Black Sea,Pagellus erythrinus,Common pandora,Miscellaneous coastal fishes,Mediterranean and Black Sea,1.303548439,1.562959166,1.705912034,1.821742429,1.963339804,0.176979799,1.684398283,50410.24389,1952,0.466033303,78460.49391,8747.132646,0.233016652,800,CBA
Pagellus_erythrinus-Mediterranean and Black Sea,Pagellus erythrinus,Common pandora,Miscellaneous coastal fishes,Mediterranean and Black Sea,1.415888029,1.658144326,1.768008449,1.85846167,1.975456418,0.148614349,1.747965643,50410.24389,1953,0.466033303,78460.49391,8747.132646,0.233016652,800,CBA
Pagellus_erythrinus-Mediterranean and Black Sea,Pagellus erythrinus,Common pandora,Miscellaneous coastal fishes,Mediterranean and Black Sea,1.490112587,1.709949195,1.802298429,1.883121103,1.983732555,0.128893686,1.787387026,50410.24389,1954,0.466033303,78460.49391,8747.132646,0.233016652,800,CBA
Pagellus_erythrinus-Mediterranean and Black Sea,Pagellus erythrinus,Common pandora,Miscellaneous coastal fishes,Mediterranean and Black Sea,1.551285206,1.736939073,1.82312025,1.896167862,1.982673133,0.115207223,1.808854574,50410.24389,1955,0.466033303,78460.49391,8747.132646,0.233016652,800,CBA
Pagellus_erythrinus-Mediterranean and Black Sea,Pagellus erythrinus,Common pandora,Miscellaneous coastal fishes,Mediterranean and Black Sea,1.585814525,1.761477087,1.841536538,1.907216455,1.984050704,0.105488907,1.826141385,50410.24389,1956,0.466033303,78460.49391,8747.132646,0.233016652,800,CBA
Pagellus_erythrinus-Mediterranean and Black Sea,Pagellus erythrinus,Common pandora,Miscellaneous coastal fishes,Mediterranean and Black Sea,1.620926208,1.777761783,1.846565745,1.913080082,1.989773583,0.098727931,1.8377872,50410.24389,1957,0.466033303,78460.49391,8747.132646,0.233016652,800,CBA
Pagellus_erythrinus-Mediterranean and Black Sea,Pagellus erythrinus,Common pandora,Miscellaneous coastal fishes,Mediterranean and Black Sea,1.63347007,1.78062834,1.85290549,1.913880163,1.988756131,0.093830856,1.842382648,50410.24389,1958,0.466033303,78460.49391,8747.132646,0.233016652,800,CBA
Pagellus_erythrinus-Mediterranean and Black Sea,Pagellus erythrinus,Common pandora,Miscellaneous coastal fishes,Mediterranean and Black Sea,1.633919979,1.782421139,1.852179702,1.911514526,1.986860863,0.092965817,1.840758778,50410.24389,1959,0.466033303,78460.49391,8747.132646,0.233016652,800,CBA
Pagellus_erythrinus-Mediterranean and Black Sea,Pagellus erythrinus,Common pandora,Miscellaneous coastal fishes,Mediterranean and Black Sea,1.645895245,1.783399155,1.853101929,1.916556044,1.989232733,0.093004857,1.844195992,50410.24389,1960,0.466033303,78460.49391,8747.132646,0.233016652,800,CBA
Pagellus_erythrinus-Mediterranean and Black Sea,Pagellus erythrinus,Common pandora,Miscellaneous coastal fishes,Mediterranean and Black Sea,1.641554162,1.78095884,1.848737776,1.910230814,1.987262015,0.092226048,1.840361959,50410.24389,1961,0.466033303,78460.49391,8747.132646,0.233016652,1000,CBA
Pagellus_erythrinus-Mediterranean and Black Sea,Pagellus erythrinus,Common pandora,Miscellaneous coastal fishes,Mediterranean and Black Sea,1.648102034,1.782148618,1.847871152,1.910405334,1.988930515,0.090391689,1.842056908,50410.24389,1962,0.466033303,78460.49391,8747.132646,0.233016652,900,CBA
Pagellus_erythrinus-Mediterranean and Black Sea,Pagellus erythrinus,Common pandora,Miscellaneous coastal fishes,Mediterranean and Black Sea,1.642144237,1.774668679,1.844161858,1.90840667,1.986125255,0.093596611,1.836898175,50410.24389,1963,0.466033303,78460.49391,8747.132646,0.233016652,1300,CBA
Pagellus_erythrinus-Mediterranean and Black Sea,Pagellus erythrinus,Common pandora,Miscellaneous coastal fishes,Mediterranean and Black Sea,1.635316186,1.778042217,1.841607587,1.904130503,1.984496622,0.090968588,1.835360718,50410.24389,1964,0.466033303,78460.49391,8747.132646,0.233016652,1200,CBA
Pagellus_erythrinus-Mediterranean and Black Sea,Pagellus erythrinus,Common pandora,Miscellaneous coastal fishes,Mediterranean and Black Sea,1.648314877,1.782717822,1.850251418,1.912370494,1.987644384,0.091353882,1.841542493,50410.24389,1965,0.466033303,78460.49391,8747.132646,0.233016652,900,CBA
Pagellus_erythrinus-Mediterranean and Black Sea,Pagellus erythrinus,Common pandora,Miscellaneous coastal fishes,Mediterranean and Black Sea,1.651780356,1.785212068,1.856219553,1.913852079,1.987427621,0.090435476,1.845278527,50410.24389,1966,0.466033303,78460.49391,8747.132646,0.233016652,1000,CBA
Pagellus_erythrinus-Mediterranean and Black Sea,Pagellus erythrinus,Common pandora,Miscellaneous coastal fishes,Mediterranean and Black Sea,1.661232228,1.791451713,1.856234032,1.914822398,1.98769787,0.088119648,1.847736532,50410.24389,1967,0.466033303,78460.49391,8747.132646,0.233016652,1000,CBA
Pagellus_erythrinus-Mediterranean and Black Sea,Pagellus erythrinus,Common pandora,Miscellaneous coastal fishes,Mediterranean and Black Sea,1.655377498,1.787885999,1.850738133,1.912912139,1.988267933,0.088615823,1.844699333,50410.24389,1968,0.466033303,78460.49391,8747.132646,0.233016652,1400,CBA
Pagellus_erythrinus-Mediterranean and Black Sea,Pagellus erythrinus,Common pandora,Miscellaneous coastal fishes,Mediterranean and Black Sea,1.649405774,1.78220156,1.851657995,1.913430828,1.988038743,0.090883622,1.842786986,50410.24389,1969,0.466033303,78460.49391,8747.132646,0.233016652,1500,CBA
Pagellus_erythrinus-Mediterranean and Black Sea,Pagellus erythrinus,Common pandora,Miscellaneous coastal fishes,Mediterranean and Black Sea,1.590083607,1.731521441,1.79741773,1.865071197,1.970674621,0.097307059,1.795274655,50410.24389,1970,0.466033303,78460.49391,8747.132646,0.233016652,3984,CBA
Pagellus_erythrinus-Mediterranean and Black Sea,Pagellus erythrinus,Common pandora,Miscellaneous coastal fishes,Mediterranean and Black Sea,1.57516511,1.711123411,1.783855905,1.854625057,1.96760285,0.102448442,1.78094384,50410.24389,1971,0.466033303,78460.49391,8747.132646,0.233016652,3408,CBA
Pagellus_erythrinus-Mediterranean and Black Sea,Pagellus erythrinus,Common pandora,Miscellaneous coastal fishes,Mediterranean and Black Sea,1.525728488,1.67192619,1.746482136,1.820510282,1.943965589,0.108735914,1.743736853,50410.24389,1972,0.466033303,78460.49391,8747.132646,0.233016652,4618,CBA
Pagellus_erythrinus-Mediterranean and Black Sea,Pagellus erythrinus,Common pandora,Miscellaneous coastal fishes,Mediterranean and Black Sea,1.489180132,1.641450783,1.720145679,1.794923276,1.934432507,0.113329686,1.717097789,50410.24389,1973,0.466033303,78460.49391,8747.132646,0.233016652,4838,CBA
Pagellus_erythrinus-Mediterranean and Black Sea,Pagellus erythrinus,Common pandora,Miscellaneous coastal fishes,Mediterranean and Black Sea,1.458616183,1.614470336,1.694365768,1.774150131,1.913419809,0.115171445,1.692512729,50410.24389,1974,0.466033303,78460.49391,8747.132646,0.233016652,5082,CBA
Pagellus_erythrinus-Mediterranean and Black Sea,Pagellus erythrinus,Common pandora,Miscellaneous coastal fishes,Mediterranean and Black Sea,1.441010985,1.60496344,1.689227161,1.770261477,1.914588047,0.120265225,1.686168602,50410.24389,1975,0.466033303,78460.49391,8747.132646,0.233016652,4692,CBA
Pagellus_erythrinus-Mediterranean and Black Sea,Pagellus erythrinus,Common pandora,Miscellaneous coastal fishes,Mediterranean and Black Sea,1.389992616,1.553909919,1.635629671,1.714473742,1.860285069,0.120557408,1.633100644,50410.24389,1976,0.466033303,78460.49391,8747.132646,0.233016652,6545,CBA
Pagellus_erythrinus-Mediterranean and Black Sea,Pagellus erythrinus,Common pandora,Miscellaneous coastal fishes,Mediterranean and Black Sea,1.349298213,1.515546809,1.598744507,1.683398898,1.852231534,0.127359313,1.59966782,50410.24389,1977,0.466033303,78460.49391,8747.132646,0.233016652,6417,CBA
Pagellus_erythrinus-Mediterranean and Black Sea,Pagellus erythrinus,Common pandora,Miscellaneous coastal fishes,Mediterranean and Black Sea,1.31980122,1.485735619,1.570977136,1.659800612,1.823954447,0.129538664,1.572019207,50410.24389,1978,0.466033303,78460.49391,8747.132646,0.233016652,6613,CBA
Pagellus_erythrinus-Mediterranean and Black Sea,Pagellus erythrinus,Common pandora,Miscellaneous coastal fishes,Mediterranean and Black Sea,1.307274497,1.472996233,1.566660566,1.656487174,1.826895719,0.13384899,1.565342433,50410.24389,1979,0.466033303,78460.49391,8747.132646,0.233016652,5970,CBA
Pagellus_erythrinus-Mediterranean and Black Sea,Pagellus erythrinus,Common pandora,Miscellaneous coastal fishes,Mediterranean and Black Sea,1.245815182,1.422237721,1.51327579,1.605142578,1.768080541,0.133770159,1.511370726,50410.24389,1980,0.466033303,78460.49391,8747.132646,0.233016652,7874,CBA
Pagellus_erythrinus-Mediterranean and Black Sea,Pagellus erythrinus,Common pandora,Miscellaneous coastal fishes,Mediterranean and Black Sea,1.169176427,1.345307688,1.440240414,1.533207772,1.696377169,0.136570918,1.439575831,50410.24389,1981,0.466033303,78460.49391,8747.132646,0.233016652,9075,CBA
Pagellus_erythrinus-Mediterranean and Black Sea,Pagellus erythrinus,Common pandora,Miscellaneous coastal fishes,Mediterranean and Black Sea,1.06676587,1.243060512,1.342983673,1.439868598,1.633688469,0.145820342,1.341929229,50410.24389,1982,0.466033303,78460.49391,8747.132646,0.233016652,10720,CBA
Pagellus_erythrinus-Mediterranean and Black Sea,Pagellus erythrinus,Common pandora,Miscellaneous coastal fishes,Mediterranean and Black Sea,0.970708362,1.165270019,1.270917952,1.374945541,1.578211299,0.155392541,1.271918887,50410.24389,1983,0.466033303,78460.49391,8747.132646,0.233016652,10317,CBA
Pagellus_erythrinus-Mediterranean and Black Sea,Pagellus erythrinus,Common pandora,Miscellaneous coastal fishes,Mediterranean and Black Sea,0.858213977,1.077589186,1.18895259,1.303232104,1.516925157,0.167128257,1.188607631,50410.24389,1984,0.466033303,78460.49391,8747.132646,0.233016652,11095,CBA
Pagellus_erythrinus-Mediterranean and Black Sea,Pagellus erythrinus,Common pandora,Miscellaneous coastal fishes,Mediterranean and Black Sea,0.738495216,0.98161476,1.103876903,1.232815365,1.46472141,0.184480909,1.104879563,50410.24389,1985,0.466033303,78460.49391,8747.132646,0.233016652,11400,CBA
Pagellus_erythrinus-Mediterranean and Black Sea,Pagellus erythrinus,Common pandora,Miscellaneous coastal fishes,Mediterranean and Black Sea,0.76691757,1.051012487,1.1949159,1.339772546,1.585353285,0.210787638,1.19115863,50410.24389,1986,0.466033303,78460.49391,8747.132646,0.233016652,5156,CBA
Pagellus_erythrinus-Mediterranean and Black Sea,Pagellus erythrinus,Common pandora,Miscellaneous coastal fishes,Mediterranean and Black Sea,0.807370684,1.131006339,1.289861669,1.444300789,1.704473212,0.228710024,1.280868244,50410.24389,1987,0.466033303,78460.49391,8747.132646,0.233016652,4635,CBA
Pagellus_erythrinus-Mediterranean and Black Sea,Pagellus erythrinus,Common pandora,Miscellaneous coastal fishes,Mediterranean and Black Sea,0.859448011,1.207342823,1.385361264,1.542473323,1.782994707,0.239970925,1.368423898,50410.24389,1988,0.466033303,78460.49391,8747.132646,0.233016652,4193,CBA
Pagellus_erythrinus-Mediterranean and Black Sea,Pagellus erythrinus,Common pandora,Miscellaneous coastal fishes,Mediterranean and Black Sea,0.928047986,1.301412295,1.478455679,1.633523452,1.859367312,0.241672453,1.457989721,50410.24389,1989,0.466033303,78460.49391,8747.132646,0.233016652,3370,CBA
Pagellus_erythrinus-Mediterranean and Black Sea,Pagellus erythrinus,Common pandora,Miscellaneous coastal fishes,Mediterranean and Black Sea,0.980604573,1.381224317,1.555056944,1.694648934,1.882107003,0.231287925,1.522028545,50410.24389,1990,0.466033303,78460.49391,8747.132646,0.233016652,3634,CBA
Pagellus_erythrinus-Mediterranean and Black Sea,Pagellus erythrinus,Common pandora,Miscellaneous coastal fishes,Mediterranean and Black Sea,1.052935131,1.453741084,1.616610864,1.740024198,1.92042729,0.220023313,1.581517466,50410.24389,1991,0.466033303,78460.49391,8747.132646,0.233016652,3172,CBA
Pagellus_erythrinus-Mediterranean and Black Sea,Pagellus erythrinus,Common pandora,Miscellaneous coastal fishes,Mediterranean and Black Sea,1.116652818,1.504217584,1.654157367,1.762521403,1.918400532,0.202616591,1.615109563,50410.24389,1992,0.466033303,78460.49391,8747.132646,0.233016652,3609,CBA
Pagellus_erythrinus-Mediterranean and Black Sea,Pagellus erythrinus,Common pandora,Miscellaneous coastal fishes,Mediterranean and Black Sea,1.193138152,1.561262306,1.686435951,1.790357673,1.944363977,0.188586712,1.656764844,50410.24389,1993,0.466033303,78460.49391,8747.132646,0.233016652,3173,CBA
Pagellus_erythrinus-Mediterranean and Black Sea,Pagellus erythrinus,Common pandora,Miscellaneous coastal fishes,Mediterranean and Black Sea,1.28452142,1.614738016,1.739285663,1.833871011,1.964880163,0.173795014,1.708777446,50410.24389,1994,0.466033303,78460.49391,8747.132646,0.233016652,2282,CBA
Pagellus_erythrinus-Mediterranean and Black Sea,Pagellus erythrinus,Common pandora,Miscellaneous coastal fishes,Mediterranean and Black Sea,1.313973925,1.621514772,1.732371013,1.821323748,1.956058975,0.159497978,1.707566006,50410.24389,1995,0.466033303,78460.49391,8747.132646,0.233016652,3693,CBA
Pagellus_erythrinus-Mediterranean and Black Sea,Pagellus erythrinus,Common pandora,Miscellaneous coastal fishes,Mediterranean and Black Sea,1.336042109,1.610892137,1.707149181,1.792199594,1.940718156,0.150873252,1.690091331,50410.24389,1996,0.466033303,78460.49391,8747.132646,0.233016652,4592,CBA
Pagellus_erythrinus-Mediterranean and Black Sea,Pagellus erythrinus,Common pandora,Miscellaneous coastal fishes,Mediterranean and Black Sea,1.325666686,1.574866829,1.666855681,1.751342088,1.902881632,0.14363022,1.653358495,50410.24389,1997,0.466033303,78460.49391,8747.132646,0.233016652,5553,CBA
Pagellus_erythrinus-Mediterranean and Black Sea,Pagellus erythrinus,Common pandora,Miscellaneous coastal fishes,Mediterranean and Black Sea,1.333220315,1.567839451,1.662768926,1.74707135,1.90260826,0.14060337,1.652079723,50410.24389,1998,0.466033303,78460.49391,8747.132646,0.233016652,4803,CBA
Pagellus_erythrinus-Mediterranean and Black Sea,Pagellus erythrinus,Common pandora,Miscellaneous coastal fishes,Mediterranean and Black Sea,1.341809513,1.575960628,1.666749754,1.753340491,1.907054591,0.139693381,1.657857285,50410.24389,1999,0.466033303,78460.49391,8747.132646,0.233016652,4622,CBA
Pagellus_erythrinus-Mediterranean and Black Sea,Pagellus erythrinus,Common pandora,Miscellaneous coastal fishes,Mediterranean and Black Sea,1.347910496,1.552738374,1.642299435,1.727483492,1.892316416,0.136561676,1.636313339,50410.24389,2000,0.466033303,78460.49391,8747.132646,0.233016652,5673,CBA
Pagellus_erythrinus-Mediterranean and Black Sea,Pagellus erythrinus,Common pandora,Miscellaneous coastal fishes,Mediterranean and Black Sea,1.346410688,1.549720344,1.647634371,1.733475166,1.891544184,0.136853526,1.638908548,50410.24389,2001,0.466033303,78460.49391,8747.132646,0.233016652,4995,CBA
Pagellus_erythrinus-Mediterranean and Black Sea,Pagellus erythrinus,Common pandora,Miscellaneous coastal fishes,Mediterranean and Black Sea,1.347194975,1.556567465,1.652844376,1.734469764,1.884899958,0.134091574,1.641749845,50410.24389,2002,0.466033303,78460.49391,8747.132646,0.233016652,4937,CBA
Pagellus_erythrinus-Mediterranean and Black Sea,Pagellus erythrinus,Common pandora,Miscellaneous coastal fishes,Mediterranean and Black Sea,1.351087696,1.537174019,1.629971233,1.717652547,1.868749321,0.131553107,1.624625429,50410.24389,2003,0.466033303,78460.49391,8747.132646,0.233016652,5750,CBA
Pagellus_erythrinus-Mediterranean and Black Sea,Pagellus erythrinus,Common pandora,Miscellaneous coastal fishes,Mediterranean and Black Sea,1.353625887,1.537382282,1.627733768,1.712307708,1.864552724,0.130637079,1.622560554,50410.24389,2004,0.466033303,78460.49391,8747.132646,0.233016652,5258,CBA
Pagellus_erythrinus-Mediterranean and Black Sea,Pagellus erythrinus,Common pandora,Miscellaneous coastal fishes,Mediterranean and Black Sea,1.359505218,1.538063194,1.624045785,1.708577436,1.869551332,0.129098057,1.622332248,50410.24389,2005,0.466033303,78460.49391,8747.132646,0.233016652,5226,CBA
Pagellus_erythrinus-Mediterranean and Black Sea,Pagellus erythrinus,Common pandora,Miscellaneous coastal fishes,Mediterranean and Black Sea,1.378654147,1.556256557,1.646300809,1.733995268,1.888583414,0.129533244,1.643248582,50410.24389,2006,0.466033303,78460.49391,8747.132646,0.233016652,4644,CBA
Pagellus_erythrinus-Mediterranean and Black Sea,Pagellus erythrinus,Common pandora,Miscellaneous coastal fishes,Mediterranean and Black Sea,1.387940112,1.550437747,1.635603917,1.719477344,1.876468211,0.124376014,1.635377606,50410.24389,2007,0.466033303,78460.49391,8747.132646,0.233016652,5413,CBA
Pagellus_erythrinus-Mediterranean and Black Sea,Pagellus erythrinus,Common pandora,Miscellaneous coastal fishes,Mediterranean and Black Sea,1.376191306,1.521461729,1.604190786,1.685669998,1.844877628,0.120773811,1.604409103,50410.24389,2008,0.466033303,78460.49391,8747.132646,0.233016652,6620,CBA
Pagellus_erythrinus-Mediterranean and Black Sea,Pagellus erythrinus,Common pandora,Miscellaneous coastal fishes,Mediterranean and Black Sea,1.21975164,1.348420556,1.423414699,1.503855863,1.663726431,0.114012242,1.428881819,50410.24389,2009,0.466033303,78460.49391,8747.132646,0.233016652,12473,CBA
Pagellus_erythrinus-Mediterranean and Black Sea,Pagellus erythrinus,Common pandora,Miscellaneous coastal fishes,Mediterranean and Black Sea,1.062181262,1.187835542,1.266225017,1.349023541,1.519309288,0.118631391,1.272551243,50410.24389,2010,0.466033303,78460.49391,8747.132646,0.233016652,13311,CBA
Pagellus_erythrinus-Mediterranean and Black Sea,Pagellus erythrinus,Common pandora,Miscellaneous coastal fishes,Mediterranean and Black Sea,1.030396044,1.15098811,1.22995605,1.321889155,1.511166738,0.124556607,1.242389591,50410.24389,2011,0.466033303,78460.49391,8747.132646,0.233016652,9509,CBA
Pagellus_erythrinus-Mediterranean and Black Sea,Pagellus erythrinus,Common pandora,Miscellaneous coastal fishes,Mediterranean and Black Sea,0.956033711,1.069142107,1.154575442,1.252226112,1.465844434,0.13339094,1.169957295,50410.24389,2012,0.466033303,78460.49391,8747.132646,0.233016652,11229,CBA
Pagellus_erythrinus-Mediterranean and Black Sea,Pagellus erythrinus,Common pandora,Miscellaneous coastal fishes,Mediterranean and Black Sea,0.873379769,0.987575843,1.080946541,1.192294978,1.404287882,0.143969157,1.098852381,50410.24389,2013,0.466033303,78460.49391,8747.132646,0.233016652,11292,CBA
Pagellus_erythrinus-Mediterranean and Black Sea,Pagellus erythrinus,Common pandora,Miscellaneous coastal fishes,Mediterranean and Black Sea,0.819028113,0.931892754,1.038533451,1.170363333,1.403754123,0.160147606,1.060311162,50410.24389,2014,0.466033303,78460.49391,8747.132646,0.233016652,10167,CBA
Pagellus_erythrinus-Mediterranean and Black Sea,Pagellus erythrinus,Common pandora,Miscellaneous coastal fishes,Mediterranean and Black Sea,0.739638149,0.850831129,0.97348916,1.124962491,1.382330724,0.179733034,0.999717375,50410.24389,2015,0.466033303,78460.49391,8747.132646,0.233016652,10975,CBA
Pagellus_erythrinus-Mediterranean and Black Sea,Pagellus erythrinus,Common pandora,Miscellaneous coastal fishes,Mediterranean and Black Sea,0.611683682,0.734323325,0.872677128,1.047425614,1.336169324,0.202550495,0.901822395,50410.24389,2016,0.466033303,78460.49391,8747.132646,0.233016652,12254,CBA
Pagrus_auratus-Indian Ocean_Eastern,Pagrus auratus,Silver seabream,Miscellaneous coastal fishes,Indian Ocean Eastern,0.379255026,0.523012151,0.714461968,0.960160819,1.329082171,0.276030237,0.757746887,14073.94074,1950,0.23411768,39842.53062,2012.296996,0.11705884,1000,Domestic
Pagrus_auratus-Indian Ocean_Eastern,Pagrus auratus,Silver seabream,Miscellaneous coastal fishes,Indian Ocean Eastern,0.389717358,0.555825081,0.759081677,1.02405916,1.41298635,0.29513184,0.804160911,14073.94074,1951,0.23411768,39842.53062,2012.296996,0.11705884,1000,Domestic
Pagrus_auratus-Indian Ocean_Eastern,Pagrus auratus,Silver seabream,Miscellaneous coastal fishes,Indian Ocean Eastern,0.397633669,0.589820369,0.807746208,1.083857748,1.496128256,0.314241777,0.852202499,14073.94074,1952,0.23411768,39842.53062,2012.296996,0.11705884,1000,Domestic
Pagrus_auratus-Indian Ocean_Eastern,Pagrus auratus,Silver seabream,Miscellaneous coastal fishes,Indian Ocean Eastern,0.405681626,0.624380336,0.862583917,1.145226251,1.590302495,0.332674329,0.901150042,14073.94074,1953,0.23411768,39842.53062,2012.296996,0.11705884,1000,Domestic
Pagrus_auratus-Indian Ocean_Eastern,Pagrus auratus,Silver seabream,Miscellaneous coastal fishes,Indian Ocean Eastern,0.418960039,0.659266116,0.91557762,1.204688929,1.650296798,0.34738129,0.948606003,14073.94074,1954,0.23411768,39842.53062,2012.296996,0.11705884,1000,Domestic
Pagrus_auratus-Indian Ocean_Eastern,Pagrus auratus,Silver seabream,Miscellaneous coastal fishes,Indian Ocean Eastern,0.434830523,0.699382419,0.968960725,1.272781715,1.719292407,0.361944965,1.00149374,14073.94074,1955,0.23411768,39842.53062,2012.296996,0.11705884,900,Domestic
Pagrus_auratus-Indian Ocean_Eastern,Pagrus auratus,Silver seabream,Miscellaneous coastal fishes,Indian Ocean Eastern,0.45086737,0.740808748,1.023807143,1.334639404,1.765532169,0.371634656,1.050305141,14073.94074,1956,0.23411768,39842.53062,2012.296996,0.11705884,900,Domestic
Pagrus_auratus-Indian Ocean_Eastern,Pagrus auratus,Silver seabream,Miscellaneous coastal fishes,Indian Ocean Eastern,0.468680135,0.77970318,1.070964714,1.3916572,1.790778725,0.377497276,1.092411991,14073.94074,1957,0.23411768,39842.53062,2012.296996,0.11705884,1000,Domestic
Pagrus_auratus-Indian Ocean_Eastern,Pagrus auratus,Silver seabream,Miscellaneous coastal fishes,Indian Ocean Eastern,0.484202132,0.819783402,1.119600676,1.442683978,1.805918175,0.379662198,1.132856312,14073.94074,1958,0.23411768,39842.53062,2012.296996,0.11705884,1000,Domestic
Pagrus_auratus-Indian Ocean_Eastern,Pagrus auratus,Silver seabream,Miscellaneous coastal fishes,Indian Ocean Eastern,0.501606876,0.860056345,1.166380166,1.485093314,1.826579288,0.380679962,1.169810324,14073.94074,1959,0.23411768,39842.53062,2012.296996,0.11705884,1000,Domestic
Pagrus_auratus-Indian Ocean_Eastern,Pagrus auratus,Silver seabream,Miscellaneous coastal fishes,Indian Ocean Eastern,0.518044403,0.899163147,1.212473386,1.521693723,1.837365188,0.378523364,1.203370411,14073.94074,1960,0.23411768,39842.53062,2012.296996,0.11705884,1000,Domestic
Pagrus_auratus-Indian Ocean_Eastern,Pagrus auratus,Silver seabream,Miscellaneous coastal fishes,Indian Ocean Eastern,0.543213075,0.933896124,1.255615636,1.555028228,1.85235232,0.376467796,1.236412935,14073.94074,1961,0.23411768,39842.53062,2012.296996,0.11705884,1000,Domestic
Pagrus_auratus-Indian Ocean_Eastern,Pagrus auratus,Silver seabream,Miscellaneous coastal fishes,Indian Ocean Eastern,0.56309686,0.972308483,1.2952001,1.577855157,1.853567914,0.370628387,1.265869327,14073.94074,1962,0.23411768,39842.53062,2012.296996,0.11705884,1000,Domestic
Pagrus_auratus-Indian Ocean_Eastern,Pagrus auratus,Silver seabream,Miscellaneous coastal fishes,Indian Ocean Eastern,0.586793202,1.009590459,1.33110074,1.604554551,1.861979879,0.365829133,1.294412115,14073.94074,1963,0.23411768,39842.53062,2012.296996,0.11705884,1000,Domestic
Pagrus_auratus-Indian Ocean_Eastern,Pagrus auratus,Silver seabream,Miscellaneous coastal fishes,Indian Ocean Eastern,0.60345625,1.04613883,1.363318253,1.624254368,1.866865733,0.359040509,1.319465525,14073.94074,1964,0.23411768,39842.53062,2012.296996,0.11705884,1000,Domestic
Pagrus_auratus-Indian Ocean_Eastern,Pagrus auratus,Silver seabream,Miscellaneous coastal fishes,Indian Ocean Eastern,0.620671432,1.079240228,1.396655627,1.634857764,1.876384988,0.351922918,1.343717012,14073.94074,1965,0.23411768,39842.53062,2012.296996,0.11705884,1000,Domestic
Pagrus_auratus-Indian Ocean_Eastern,Pagrus auratus,Silver seabream,Miscellaneous coastal fishes,Indian Ocean Eastern,0.661136333,1.120274048,1.437661017,1.667530848,1.900276717,0.347419859,1.381694335,14073.94074,1966,0.23411768,39842.53062,2012.296996,0.11705884,700,Domestic
Pagrus_auratus-Indian Ocean_Eastern,Pagrus auratus,Silver seabream,Miscellaneous coastal fishes,Indian Ocean Eastern,0.683094576,1.163931744,1.465115474,1.680934024,1.900666269,0.336869571,1.405656783,14073.94074,1967,0.23411768,39842.53062,2012.296996,0.11705884,900,Domestic
Pagrus_auratus-Indian Ocean_Eastern,Pagrus auratus,Silver seabream,Miscellaneous coastal fishes,Indian Ocean Eastern,0.721273159,1.207689214,1.498166341,1.700528593,1.908693376,0.327803851,1.43371007,14073.94074,1968,0.23411768,39842.53062,2012.296996,0.11705884,800,Domestic
Pagrus_auratus-Indian Ocean_Eastern,Pagrus auratus,Silver seabream,Miscellaneous coastal fishes,Indian Ocean Eastern,0.762905603,1.246350192,1.526959163,1.717554368,1.919600205,0.317854709,1.46334637,14073.94074,1969,0.23411768,39842.53062,2012.296996,0.11705884,700,Domestic
Pagrus_auratus-Indian Ocean_Eastern,Pagrus auratus,Silver seabream,Miscellaneous coastal fishes,Indian Ocean Eastern,0.788750781,1.276301072,1.546030937,1.723444959,1.912706201,0.305831369,1.481171961,14073.94074,1970,0.23411768,39842.53062,2012.296996,0.11705884,900,Domestic
Pagrus_auratus-Indian Ocean_Eastern,Pagrus auratus,Silver seabream,Miscellaneous coastal fishes,Indian Ocean Eastern,0.823272735,1.308423349,1.562185694,1.728066865,1.91741465,0.294145011,1.498321178,14073.94074,1971,0.23411768,39842.53062,2012.296996,0.11705884,900,Domestic
Pagrus_auratus-Indian Ocean_Eastern,Pagrus auratus,Silver seabream,Miscellaneous coastal fishes,Indian Ocean Eastern,0.859487678,1.331709615,1.567660435,1.718153716,1.904722043,0.280969511,1.504589222,14073.94074,1972,0.23411768,39842.53062,2012.296996,0.11705884,1100,Domestic
Pagrus_auratus-Indian Ocean_Eastern,Pagrus auratus,Silver seabream,Miscellaneous coastal fishes,Indian Ocean Eastern,0.8909256,1.354565642,1.582055179,1.727755034,1.915273612,0.272501626,1.521577186,14073.94074,1973,0.23411768,39842.53062,2012.296996,0.11705884,900,Domestic
Pagrus_auratus-Indian Ocean_Eastern,Pagrus auratus,Silver seabream,Miscellaneous coastal fishes,Indian Ocean Eastern,0.93007037,1.383061972,1.59637488,1.737691998,1.917249757,0.262094004,1.540824867,14073.94074,1974,0.23411768,39842.53062,2012.296996,0.11705884,833,Domestic
Pagrus_auratus-Indian Ocean_Eastern,Pagrus auratus,Silver seabream,Miscellaneous coastal fishes,Indian Ocean Eastern,0.96180031,1.411929915,1.617890964,1.755024723,1.932471221,0.255829401,1.56449449,14073.94074,1975,0.23411768,39842.53062,2012.296996,0.11705884,708,Domestic
Pagrus_auratus-Indian Ocean_Eastern,Pagrus auratus,Silver seabream,Miscellaneous coastal fishes,Indian Ocean Eastern,1.003220366,1.438950918,1.633217493,1.766426641,1.938325493,0.245924781,1.583495811,14073.94074,1976,0.23411768,39842.53062,2012.296996,0.11705884,771,Domestic
Pagrus_auratus-Indian Ocean_Eastern,Pagrus auratus,Silver seabream,Miscellaneous coastal fishes,Indian Ocean Eastern,1.027083746,1.44705906,1.624338832,1.750904644,1.92737369,0.232457362,1.580189239,14073.94074,1977,0.23411768,39842.53062,2012.296996,0.11705884,1149,Domestic
Pagrus_auratus-Indian Ocean_Eastern,Pagrus auratus,Silver seabream,Miscellaneous coastal fishes,Indian Ocean Eastern,1.053160734,1.458959493,1.624168596,1.745500047,1.91893592,0.222791263,1.58444719,14073.94074,1978,0.23411768,39842.53062,2012.296996,0.11705884,1088,Domestic
Pagrus_auratus-Indian Ocean_Eastern,Pagrus auratus,Silver seabream,Miscellaneous coastal fishes,Indian Ocean Eastern,1.083786685,1.473870628,1.633644606,1.753712052,1.927348656,0.217332098,1.596958739,14073.94074,1979,0.23411768,39842.53062,2012.296996,0.11705884,956,Domestic
Pagrus_auratus-Indian Ocean_Eastern,Pagrus auratus,Silver seabream,Miscellaneous coastal fishes,Indian Ocean Eastern,1.096559193,1.475220193,1.621660714,1.735541286,1.904308481,0.206752858,1.587248969,14073.94074,1980,0.23411768,39842.53062,2012.296996,0.11705884,1332,Domestic
Pagrus_auratus-Indian Ocean_Eastern,Pagrus auratus,Silver seabream,Miscellaneous coastal fishes,Indian Ocean Eastern,1.11159024,1.472019312,1.611639186,1.724164471,1.901628354,0.200891201,1.582203497,14073.94074,1981,0.23411768,39842.53062,2012.296996,0.11705884,1322,Domestic
Pagrus_auratus-Indian Ocean_Eastern,Pagrus auratus,Silver seabream,Miscellaneous coastal fishes,Indian Ocean Eastern,1.131463949,1.479005489,1.61272999,1.722951763,1.904379078,0.195742956,1.58692517,14073.94074,1982,0.23411768,39842.53062,2012.296996,0.11705884,1175,Domestic
Pagrus_auratus-Indian Ocean_Eastern,Pagrus auratus,Silver seabream,Miscellaneous coastal fishes,Indian Ocean Eastern,1.141957835,1.476464681,1.60934539,1.720301307,1.893371766,0.189204797,1.58571052,14073.94074,1983,0.23411768,39842.53062,2012.296996,0.11705884,1300,Domestic
Pagrus_auratus-Indian Ocean_Eastern,Pagrus auratus,Silver seabream,Miscellaneous coastal fishes,Indian Ocean Eastern,1.143948869,1.466573939,1.594868087,1.701967785,1.884454553,0.185148684,1.57321282,14073.94074,1984,0.23411768,39842.53062,2012.296996,0.11705884,1502,Domestic
Pagrus_auratus-Indian Ocean_Eastern,Pagrus auratus,Silver seabream,Miscellaneous coastal fishes,Indian Ocean Eastern,1.143456301,1.457406445,1.579631112,1.683591328,1.870938193,0.179058128,1.560804695,14073.94074,1985,0.23411768,39842.53062,2012.296996,0.11705884,1583,Domestic
Pagrus_auratus-Indian Ocean_Eastern,Pagrus auratus,Silver seabream,Miscellaneous coastal fishes,Indian Ocean Eastern,1.131053369,1.41624524,1.528191532,1.630755474,1.820369681,0.171075108,1.514384192,14073.94074,1986,0.23411768,39842.53062,2012.296996,0.11705884,2230,Domestic
Pagrus_auratus-Indian Ocean_Eastern,Pagrus auratus,Silver seabream,Miscellaneous coastal fishes,Indian Ocean Eastern,1.097404727,1.342737453,1.446964161,1.546707937,1.747571131,0.161767789,1.440359858,14073.94074,1987,0.23411768,39842.53062,2012.296996,0.11705884,2847,Domestic
Pagrus_auratus-Indian Ocean_Eastern,Pagrus auratus,Silver seabream,Miscellaneous coastal fishes,Indian Ocean Eastern,1.04505829,1.270223204,1.369394744,1.471117942,1.679571222,0.156909188,1.368577385,14073.94074,1988,0.23411768,39842.53062,2012.296996,0.11705884,2987,Domestic
Pagrus_auratus-Indian Ocean_Eastern,Pagrus auratus,Silver seabream,Miscellaneous coastal fishes,Indian Ocean Eastern,1.033623671,1.247864944,1.346104607,1.445394169,1.653950151,0.154409719,1.345841464,14073.94074,1989,0.23411768,39842.53062,2012.296996,0.11705884,2242,Domestic
Pagrus_auratus-Indian Ocean_Eastern,Pagrus auratus,Silver seabream,Miscellaneous coastal fishes,Indian Ocean Eastern,1.018843571,1.229053914,1.32657482,1.426969138,1.622025359,0.153022226,1.326901432,14073.94074,1990,0.23411768,39842.53062,2012.296996,0.11705884,2189,Domestic
Pagrus_auratus-Indian Ocean_Eastern,Pagrus auratus,Silver seabream,Miscellaneous coastal fishes,Indian Ocean Eastern,1.020379725,1.230748406,1.329047681,1.429672903,1.629353997,0.153871464,1.327833859,14073.94074,1991,0.23411768,39842.53062,2012.296996,0.11705884,1897,Domestic
Pagrus_auratus-Indian Ocean_Eastern,Pagrus auratus,Silver seabream,Miscellaneous coastal fishes,Indian Ocean Eastern,1.018520941,1.231674715,1.336399987,1.437290788,1.636156191,0.155704939,1.333588761,14073.94074,1992,0.23411768,39842.53062,2012.296996,0.11705884,1776,Domestic
Pagrus_auratus-Indian Ocean_Eastern,Pagrus auratus,Silver seabream,Miscellaneous coastal fishes,Indian Ocean Eastern,1.004260827,1.210279622,1.308925286,1.406447567,1.614099429,0.152484603,1.308618608,14073.94074,1993,0.23411768,39842.53062,2012.296996,0.11705884,2321,Domestic
Pagrus_auratus-Indian Ocean_Eastern,Pagrus auratus,Silver seabream,Miscellaneous coastal fishes,Indian Ocean Eastern,0.979530992,1.172053603,1.268574811,1.365591047,1.554069965,0.147064499,1.268659426,14073.94074,1994,0.23411768,39842.53062,2012.296996,0.11705884,2611,Domestic
Pagrus_auratus-Indian Ocean_Eastern,Pagrus auratus,Silver seabream,Miscellaneous coastal fishes,Indian Ocean Eastern,0.935006974,1.116817926,1.2079776,1.299971348,1.489010345,0.139851932,1.208641592,14073.94074,1995,0.23411768,39842.53062,2012.296996,0.11705884,3025,Domestic
Pagrus_auratus-Indian Ocean_Eastern,Pagrus auratus,Silver seabream,Miscellaneous coastal fishes,Indian Ocean Eastern,0.880764723,1.047261746,1.13424387,1.223977787,1.407479182,0.132946277,1.137076681,14073.94074,1996,0.23411768,39842.53062,2012.296996,0.11705884,3293,Domestic
Pagrus_auratus-Indian Ocean_Eastern,Pagrus auratus,Silver seabream,Miscellaneous coastal fishes,Indian Ocean Eastern,0.832258525,0.987535146,1.067943573,1.152162221,1.336028579,0.12684289,1.072285001,14073.94074,1997,0.23411768,39842.53062,2012.296996,0.11705884,3213,Domestic
Pagrus_auratus-Indian Ocean_Eastern,Pagrus auratus,Silver seabream,Miscellaneous coastal fishes,Indian Ocean Eastern,0.813988528,0.967343564,1.047253621,1.129071163,1.303786752,0.124100482,1.049507067,14073.94074,1998,0.23411768,39842.53062,2012.296996,0.11705884,2487,Domestic
Pagrus_auratus-Indian Ocean_Eastern,Pagrus auratus,Silver seabream,Miscellaneous coastal fishes,Indian Ocean Eastern,0.786303669,0.939425047,1.021044801,1.098177152,1.266945851,0.120770261,1.020454953,14073.94074,1999,0.23411768,39842.53062,2012.296996,0.11705884,2588,Domestic
Pagrus_auratus-Indian Ocean_Eastern,Pagrus auratus,Silver seabream,Miscellaneous coastal fishes,Indian Ocean Eastern,0.764848449,0.917963645,0.996655241,1.074985127,1.229466053,0.118352281,0.99652829,14073.94074,2000,0.23411768,39842.53062,2012.296996,0.11705884,2501,Domestic
Pagrus_auratus-Indian Ocean_Eastern,Pagrus auratus,Silver seabream,Miscellaneous coastal fishes,Indian Ocean Eastern,0.709406938,0.848828976,0.920964363,0.993141098,1.145770564,0.110039319,0.921893386,14073.94074,2001,0.23411768,39842.53062,2012.296996,0.11705884,3391,Domestic
Pagrus_auratus-Indian Ocean_Eastern,Pagrus auratus,Silver seabream,Miscellaneous coastal fishes,Indian Ocean Eastern,0.648178317,0.776031722,0.841365817,0.907224916,1.053964697,0.102333826,0.843554283,14073.94074,2002,0.23411768,39842.53062,2012.296996,0.11705884,3453,Domestic
Pagrus_auratus-Indian Ocean_Eastern,Pagrus auratus,Silver seabream,Miscellaneous coastal fishes,Indian Ocean Eastern,0.565416842,0.668799343,0.725790574,0.787443159,0.946371817,0.096008575,0.733023852,14073.94074,2003,0.23411768,39842.53062,2012.296996,0.11705884,3987,Domestic
Pagrus_auratus-Indian Ocean_Eastern,Pagrus auratus,Silver seabream,Miscellaneous coastal fishes,Indian Ocean Eastern,0.492266858,0.585941062,0.637559256,0.700896033,0.875981652,0.095130339,0.649934757,14073.94074,2004,0.23411768,39842.53062,2012.296996,0.11705884,3379,Domestic
Pagrus_auratus-Indian Ocean_Eastern,Pagrus auratus,Silver seabream,Miscellaneous coastal fishes,Indian Ocean Eastern,0.444129823,0.534766275,0.586228315,0.651430167,0.833383681,0.09593154,0.599822731,14073.94074,2005,0.23411768,39842.53062,2012.296996,0.11705884,2673,Domestic
Pagrus_auratus-Indian Ocean_Eastern,Pagrus auratus,Silver seabream,Miscellaneous coastal fishes,Indian Ocean Eastern,0.387297894,0.47021452,0.522649795,0.595056415,0.77861359,0.099593253,0.540477468,14073.94074,2006,0.23411768,39842.53062,2012.296996,0.11705884,2748,Domestic
Pagrus_auratus-Indian Ocean_Eastern,Pagrus auratus,Silver seabream,Miscellaneous coastal fishes,Indian Ocean Eastern,0.331053192,0.405881534,0.46598433,0.547419834,0.736755711,0.106354005,0.485316723,14073.94074,2007,0.23411768,39842.53062,2012.296996,0.11705884,2563,Domestic
Pagrus_auratus-Indian Ocean_Eastern,Pagrus auratus,Silver seabream,Miscellaneous coastal fishes,Indian Ocean Eastern,0.298614773,0.375864169,0.442058076,0.530843563,0.725495526,0.112791265,0.461989517,14073.94074,2008,0.23411768,39842.53062,2012.296996,0.11705884,1869,Domestic
Pagrus_auratus-Indian Ocean_Eastern,Pagrus auratus,Silver seabream,Miscellaneous coastal fishes,Indian Ocean Eastern,0.28041531,0.36844131,0.441637285,0.533389701,0.724116131,0.118131091,0.458989705,14073.94074,2009,0.23411768,39842.53062,2012.296996,0.11705884,1442,Domestic
Pagrus_auratus-Indian Ocean_Eastern,Pagrus auratus,Silver seabream,Miscellaneous coastal fishes,Indian Ocean Eastern,0.252224328,0.349130317,0.433530688,0.530610375,0.721076303,0.126209538,0.447501289,14073.94074,2010,0.23411768,39842.53062,2012.296996,0.11705884,1593,Domestic
Pagrus_auratus-Indian Ocean_Eastern,Pagrus auratus,Silver seabream,Miscellaneous coastal fishes,Indian Ocean Eastern,0.217095008,0.324507093,0.422029097,0.528329269,0.716895038,0.135769403,0.433302144,14073.94074,2011,0.23411768,39842.53062,2012.296996,0.11705884,1607,Domestic
Pagrus_auratus-Indian Ocean_Eastern,Pagrus auratus,Silver seabream,Miscellaneous coastal fishes,Indian Ocean Eastern,0.176874628,0.295470851,0.409336914,0.52483418,0.710156867,0.148252265,0.416118598,14073.94074,2012,0.23411768,39842.53062,2012.296996,0.11705884,1630,Domestic
Pagrus_auratus-Indian Ocean_Eastern,Pagrus auratus,Silver seabream,Miscellaneous coastal fishes,Indian Ocean Eastern,0.14665777,0.285815856,0.419871876,0.542838107,0.722088203,0.162538467,0.418900117,14073.94074,2013,0.23411768,39842.53062,2012.296996,0.11705884,1223,Domestic
Pagrus_auratus-Indian Ocean_Eastern,Pagrus auratus,Silver seabream,Miscellaneous coastal fishes,Indian Ocean Eastern,0.11299609,0.273347387,0.428348721,0.565664614,0.735482538,0.17978827,0.421540005,14073.94074,2014,0.23411768,39842.53062,2012.296996,0.11705884,1229,Domestic
Pagrus_auratus-Indian Ocean_Eastern,Pagrus auratus,Silver seabream,Miscellaneous coastal fishes,Indian Ocean Eastern,0.074699653,0.262134745,0.442949583,0.599617452,0.748341052,0.200591233,0.429217547,14073.94074,2015,0.23411768,39842.53062,2012.296996,0.11705884,1134,Domestic
Pagrus_auratus-Indian Ocean_Eastern,Pagrus auratus,Silver seabream,Miscellaneous coastal fishes,Indian Ocean Eastern,0.043468809,0.266309703,0.477063131,0.653588412,0.786676484,0.226391633,0.454215571,14073.94074,2016,0.23411768,39842.53062,2012.296996,0.11705884,842,Domestic
Pagrus_auratus-Pacific_Northwest,Pagrus auratus,Silver seabream,Miscellaneous coastal fishes,Pacific Northwest,0.600331044,0.903072365,1.052987334,1.186288972,1.386074619,0.2027207,1.03818035,323581.5945,1950,0.135300928,639697.6531,20289.24913,0.067650464,20300,Domestic
Pagrus_auratus-Pacific_Northwest,Pagrus auratus,Silver seabream,Miscellaneous coastal fishes,Pacific Northwest,0.599902563,0.906625185,1.049547693,1.186956118,1.407253855,0.203999163,1.042641676,323581.5945,1951,0.135300928,639697.6531,20289.24913,0.067650464,21200,Domestic
Pagrus_auratus-Pacific_Northwest,Pagrus auratus,Silver seabream,Miscellaneous coastal fishes,Pacific Northwest,0.609822701,0.908445501,1.056391284,1.186951321,1.417560358,0.203515081,1.042710073,323581.5945,1952,0.135300928,639697.6531,20289.24913,0.067650464,22000,Domestic
Pagrus_auratus-Pacific_Northwest,Pagrus auratus,Silver seabream,Miscellaneous coastal fishes,Pacific Northwest,0.611320734,0.901081372,1.037994183,1.177095583,1.394876657,0.201723398,1.032762557,323581.5945,1953,0.135300928,639697.6531,20289.24913,0.067650464,24900,Domestic
Pagrus_auratus-Pacific_Northwest,Pagrus auratus,Silver seabream,Miscellaneous coastal fishes,Pacific Northwest,0.60072112,0.885820514,1.02015723,1.160486553,1.380482637,0.199335237,1.018226294,323581.5945,1954,0.135300928,639697.6531,20289.24913,0.067650464,26100,Domestic
Pagrus_auratus-Pacific_Northwest,Pagrus auratus,Silver seabream,Miscellaneous coastal fishes,Pacific Northwest,0.594078273,0.873599351,1.009415241,1.143418104,1.36868477,0.195856744,1.00747404,323581.5945,1955,0.135300928,639697.6531,20289.24913,0.067650464,24500,Domestic
Pagrus_auratus-Pacific_Northwest,Pagrus auratus,Silver seabream,Miscellaneous coastal fishes,Pacific Northwest,0.599404749,0.87237399,1.007519953,1.142106197,1.365173559,0.194567103,1.004702951,323581.5945,1956,0.135300928,639697.6531,20289.24913,0.067650464,22900,Domestic
Pagrus_auratus-Pacific_Northwest,Pagrus auratus,Silver seabream,Miscellaneous coastal fishes,Pacific Northwest,0.603101119,0.868759361,1.00513063,1.128178478,1.362317028,0.193750601,1.000042958,323581.5945,1957,0.135300928,639697.6531,20289.24913,0.067650464,22700,Domestic
Pagrus_auratus-Pacific_Northwest,Pagrus auratus,Silver seabream,Miscellaneous coastal fishes,Pacific Northwest,0.602610933,0.861630069,0.991583241,1.1187238,1.355431339,0.192429969,0.990400289,323581.5945,1958,0.135300928,639697.6531,20289.24913,0.067650464,24699,Domestic
Pagrus_auratus-Pacific_Northwest,Pagrus auratus,Silver seabream,Miscellaneous coastal fishes,Pacific Northwest,0.59180126,0.836635095,0.962833006,1.091408777,1.335765707,0.188945766,0.965539698,323581.5945,1959,0.135300928,639697.6531,20289.24913,0.067650464,28998,Domestic
Pagrus_auratus-Pacific_Northwest,Pagrus auratus,Silver seabream,Miscellaneous coastal fishes,Pacific Northwest,0.582141533,0.820377697,0.944049271,1.071119807,1.327143785,0.186161528,0.947858873,323581.5945,1960,0.135300928,639697.6531,20289.24913,0.067650464,27295,Domestic
Pagrus_auratus-Pacific_Northwest,Pagrus auratus,Silver seabream,Miscellaneous coastal fishes,Pacific Northwest,0.582360987,0.813628928,0.93809412,1.057808186,1.29731739,0.18386208,0.9389248,323581.5945,1961,0.135300928,639697.6531,20289.24913,0.067650464,24091,Domestic
Pagrus_auratus-Pacific_Northwest,Pagrus auratus,Silver seabream,Miscellaneous coastal fishes,Pacific Northwest,0.565691985,0.780192862,0.899440806,1.024560088,1.283562648,0.182419468,0.90527454,323581.5945,1962,0.135300928,639697.6531,20289.24913,0.067650464,30965,Domestic
Pagrus_auratus-Pacific_Northwest,Pagrus auratus,Silver seabream,Miscellaneous coastal fishes,Pacific Northwest,0.540142283,0.759565376,0.876001109,1.003792586,1.275704063,0.18084286,0.884006837,323581.5945,1963,0.135300928,639697.6531,20289.24913,0.067650464,27248,Domestic
Pagrus_auratus-Pacific_Northwest,Pagrus auratus,Silver seabream,Miscellaneous coastal fishes,Pacific Northwest,0.519106505,0.731444085,0.839892244,0.970957968,1.231457959,0.17941209,0.853094579,323581.5945,1964,0.135300928,639697.6531,20289.24913,0.067650464,29893,Domestic
Pagrus_auratus-Pacific_Northwest,Pagrus auratus,Silver seabream,Miscellaneous coastal fishes,Pacific Northwest,0.501524252,0.705471415,0.808597303,0.935756965,1.199517999,0.176836407,0.823012632,323581.5945,1965,0.135300928,639697.6531,20289.24913,0.067650464,28919,Domestic
Pagrus_auratus-Pacific_Northwest,Pagrus auratus,Silver seabream,Miscellaneous coastal fishes,Pacific Northwest,0.487170887,0.678884623,0.787411429,0.912563821,1.169543866,0.175881904,0.800087289,323581.5945,1966,0.135300928,639697.6531,20289.24913,0.067650464,26943,Domestic
Pagrus_auratus-Pacific_Northwest,Pagrus auratus,Silver seabream,Miscellaneous coastal fishes,Pacific Northwest,0.467650457,0.650780173,0.758467972,0.883696385,1.150168598,0.176569425,0.772287328,323581.5945,1967,0.135300928,639697.6531,20289.24913,0.067650464,27742,Domestic
Pagrus_auratus-Pacific_Northwest,Pagrus auratus,Silver seabream,Miscellaneous coastal fishes,Pacific Northwest,0.443984993,0.626500618,0.735725082,0.869484866,1.124726688,0.176011031,0.752566902,323581.5945,1968,0.135300928,639697.6531,20289.24913,0.067650464,24864,Domestic
Pagrus_auratus-Pacific_Northwest,Pagrus auratus,Silver seabream,Miscellaneous coastal fishes,Pacific Northwest,0.44172822,0.617920936,0.724524478,0.85334947,1.118951408,0.176319601,0.742187211,323581.5945,1969,0.135300928,639697.6531,20289.24913,0.067650464,21976,Domestic
Pagrus_auratus-Pacific_Northwest,Pagrus auratus,Silver seabream,Miscellaneous coastal fishes,Pacific Northwest,0.435702364,0.609517418,0.718890712,0.84537511,1.122134,0.178339784,0.735809002,323581.5945,1970,0.135300928,639697.6531,20289.24913,0.067650464,20484,Domestic
Pagrus_auratus-Pacific_Northwest,Pagrus auratus,Silver seabream,Miscellaneous coastal fishes,Pacific Northwest,0.43558738,0.606092842,0.715634422,0.845051963,1.117999966,0.178423816,0.735057615,323581.5945,1971,0.135300928,639697.6531,20289.24913,0.067650464,18826,Domestic
Pagrus_auratus-Pacific_Northwest,Pagrus auratus,Silver seabream,Miscellaneous coastal fishes,Pacific Northwest,0.423325208,0.594952546,0.706664591,0.83090024,1.114060754,0.178828814,0.724268953,323581.5945,1972,0.135300928,639697.6531,20289.24913,0.067650464,21509,Domestic
Pagrus_auratus-Pacific_Northwest,Pagrus auratus,Silver seabream,Miscellaneous coastal fishes,Pacific Northwest,0.419292959,0.589099765,0.697160545,0.826644296,1.112009258,0.180137746,0.717421746,323581.5945,1973,0.135300928,639697.6531,20289.24913,0.067650464,20393,Domestic
Pagrus_auratus-Pacific_Northwest,Pagrus auratus,Silver seabream,Miscellaneous coastal fishes,Pacific Northwest,0.418602544,0.589534795,0.693767439,0.821487591,1.101138939,0.177896471,0.713983113,323581.5945,1974,0.135300928,639697.6531,20289.24913,0.067650464,18495,Domestic
Pagrus_auratus-Pacific_Northwest,Pagrus auratus,Silver seabream,Miscellaneous coastal fishes,Pacific Northwest,0.419449989,0.587220124,0.694084421,0.820476194,1.114410031,0.178944312,0.713755631,323581.5945,1975,0.135300928,639697.6531,20289.24913,0.067650464,17747,Domestic
Pagrus_auratus-Pacific_Northwest,Pagrus auratus,Silver seabream,Miscellaneous coastal fishes,Pacific Northwest,0.416529517,0.586832838,0.691065685,0.815945248,1.104425647,0.179065291,0.711214736,323581.5945,1976,0.135300928,639697.6531,20289.24913,0.067650464,18684,Domestic
Pagrus_auratus-Pacific_Northwest,Pagrus auratus,Silver seabream,Miscellaneous coastal fishes,Pacific Northwest,0.418179749,0.583485822,0.687616987,0.81368416,1.106681969,0.17828518,0.707847014,323581.5945,1977,0.135300928,639697.6531,20289.24913,0.067650464,18669,Domestic
Pagrus_auratus-Pacific_Northwest,Pagrus auratus,Silver seabream,Miscellaneous coastal fishes,Pacific Northwest,0.415419106,0.580428797,0.684900055,0.804454824,1.099951587,0.177510822,0.703716804,323581.5945,1978,0.135300928,639697.6531,20289.24913,0.067650464,18574,Domestic
Pagrus_auratus-Pacific_Northwest,Pagrus auratus,Silver seabream,Miscellaneous coastal fishes,Pacific Northwest,0.414216599,0.579295369,0.681656695,0.804692185,1.107474257,0.178480504,0.70269294,323581.5945,1979,0.135300928,639697.6531,20289.24913,0.067650464,18125,Domestic
Pagrus_auratus-Pacific_Northwest,Pagrus auratus,Silver seabream,Miscellaneous coastal fishes,Pacific Northwest,0.411535438,0.574752297,0.676393767,0.79615343,1.108116365,0.176852041,0.69695145,323581.5945,1980,0.135300928,639697.6531,20289.24913,0.067650464,18982,Domestic
Pagrus_auratus-Pacific_Northwest,Pagrus auratus,Silver seabream,Miscellaneous coastal fishes,Pacific Northwest,0.405626087,0.573301889,0.67665013,0.790798084,1.110665668,0.176532661,0.695110899,323581.5945,1981,0.135300928,639697.6531,20289.24913,0.067650464,17509,Domestic
Pagrus_auratus-Pacific_Northwest,Pagrus auratus,Silver seabream,Miscellaneous coastal fishes,Pacific Northwest,0.410724644,0.57069576,0.674537835,0.791376737,1.103861616,0.176580458,0.692839333,323581.5945,1982,0.135300928,639697.6531,20289.24913,0.067650464,18094,Domestic
Pagrus_auratus-Pacific_Northwest,Pagrus auratus,Silver seabream,Miscellaneous coastal fishes,Pacific Northwest,0.411715951,0.57150858,0.673944336,0.787996348,1.111365318,0.176152215,0.69283635,323581.5945,1983,0.135300928,639697.6531,20289.24913,0.067650464,17461,Domestic
Pagrus_auratus-Pacific_Northwest,Pagrus auratus,Silver seabream,Miscellaneous coastal fishes,Pacific Northwest,0.402260489,0.566801152,0.666872217,0.783438429,1.117693599,0.176448512,0.687438262,323581.5945,1984,0.135300928,639697.6531,20289.24913,0.067650464,18999,Domestic
Pagrus_auratus-Pacific_Northwest,Pagrus auratus,Silver seabream,Miscellaneous coastal fishes,Pacific Northwest,0.394162269,0.557566187,0.659688643,0.774913711,1.090754071,0.176008092,0.679715924,323581.5945,1985,0.135300928,639697.6531,20289.24913,0.067650464,18673,Domestic
Pagrus_auratus-Pacific_Northwest,Pagrus auratus,Silver seabream,Miscellaneous coastal fishes,Pacific Northwest,0.393332459,0.561856426,0.661204382,0.776570876,1.092523669,0.175538108,0.680352824,323581.5945,1986,0.135300928,639697.6531,20289.24913,0.067650464,17074,Domestic
Pagrus_auratus-Pacific_Northwest,Pagrus auratus,Silver seabream,Miscellaneous coastal fishes,Pacific Northwest,0.397391455,0.562468473,0.662317818,0.776206269,1.091757443,0.174598411,0.681435169,323581.5945,1987,0.135300928,639697.6531,20289.24913,0.067650464,16735,Domestic
Pagrus_auratus-Pacific_Northwest,Pagrus auratus,Silver seabream,Miscellaneous coastal fishes,Pacific Northwest,0.403951237,0.570686172,0.668439692,0.781481986,1.092091944,0.174336366,0.686759488,323581.5945,1988,0.135300928,639697.6531,20289.24913,0.067650464,15551,Domestic
Pagrus_auratus-Pacific_Northwest,Pagrus auratus,Silver seabream,Miscellaneous coastal fishes,Pacific Northwest,0.408742885,0.575139093,0.672082924,0.78545781,1.088486402,0.172910139,0.690521451,323581.5945,1989,0.135300928,639697.6531,20289.24913,0.067650464,15860,Domestic
Pagrus_auratus-Pacific_Northwest,Pagrus auratus,Silver seabream,Miscellaneous coastal fishes,Pacific Northwest,0.41031362,0.576873537,0.673758948,0.79135807,1.087444574,0.172060684,0.694185819,323581.5945,1990,0.135300928,639697.6531,20289.24913,0.067650464,15791,Domestic
Pagrus_auratus-Pacific_Northwest,Pagrus auratus,Silver seabream,Miscellaneous coastal fishes,Pacific Northwest,0.420972878,0.584759252,0.678114383,0.78981997,1.081657667,0.169480697,0.698888184,323581.5945,1991,0.135300928,639697.6531,20289.24913,0.067650464,15036,Domestic
Pagrus_auratus-Pacific_Northwest,Pagrus auratus,Silver seabream,Miscellaneous coastal fishes,Pacific Northwest,0.422867478,0.586485722,0.678656669,0.790816802,1.088211954,0.167849099,0.699913515,323581.5945,1992,0.135300928,639697.6531,20289.24913,0.067650464,16554,Domestic
Pagrus_auratus-Pacific_Northwest,Pagrus auratus,Silver seabream,Miscellaneous coastal fishes,Pacific Northwest,0.429392785,0.589230853,0.683232245,0.793088492,1.070401963,0.165877087,0.701211774,323581.5945,1993,0.135300928,639697.6531,20289.24913,0.067650464,16723,Domestic
Pagrus_auratus-Pacific_Northwest,Pagrus auratus,Silver seabream,Miscellaneous coastal fishes,Pacific Northwest,0.432106531,0.59168206,0.685792681,0.792038235,1.078930751,0.165462874,0.703756754,323581.5945,1994,0.135300928,639697.6531,20289.24913,0.067650464,16168,Domestic
Pagrus_auratus-Pacific_Northwest,Pagrus auratus,Silver seabream,Miscellaneous coastal fishes,Pacific Northwest,0.434562916,0.594088966,0.68417934,0.79219808,1.074282701,0.162375265,0.702978496,323581.5945,1995,0.135300928,639697.6531,20289.24913,0.067650464,17139,Domestic
Pagrus_auratus-Pacific_Northwest,Pagrus auratus,Silver seabream,Miscellaneous coastal fishes,Pacific Northwest,0.429550915,0.586294387,0.680652485,0.78646346,1.060611397,0.159334762,0.696482508,323581.5945,1996,0.135300928,639697.6531,20289.24913,0.067650464,19039,Domestic
Pagrus_auratus-Pacific_Northwest,Pagrus auratus,Silver seabream,Miscellaneous coastal fishes,Pacific Northwest,0.429927767,0.579539668,0.674462197,0.780102436,1.049421368,0.156931643,0.68937282,323581.5945,1997,0.135300928,639697.6531,20289.24913,0.067650464,19205,Domestic
Pagrus_auratus-Pacific_Northwest,Pagrus auratus,Silver seabream,Miscellaneous coastal fishes,Pacific Northwest,0.433295584,0.575595418,0.667112205,0.773561279,1.03132532,0.154424377,0.682384929,323581.5945,1998,0.135300928,639697.6531,20289.24913,0.067650464,19105,Domestic
Pagrus_auratus-Pacific_Northwest,Pagrus auratus,Silver seabream,Miscellaneous coastal fishes,Pacific Northwest,0.422352814,0.56454097,0.658348367,0.75778124,1.011199631,0.152332984,0.671809679,323581.5945,1999,0.135300928,639697.6531,20289.24913,0.067650464,19988,Domestic
Pagrus_auratus-Pacific_Northwest,Pagrus auratus,Silver seabream,Miscellaneous coastal fishes,Pacific Northwest,0.405899552,0.552771903,0.643813561,0.745854253,1.000926757,0.150234566,0.658016415,323581.5945,2000,0.135300928,639697.6531,20289.24913,0.067650464,20753,Domestic
Pagrus_auratus-Pacific_Northwest,Pagrus auratus,Silver seabream,Miscellaneous coastal fishes,Pacific Northwest,0.390381254,0.532524531,0.622386212,0.732400108,0.979077749,0.148722972,0.639192603,323581.5945,2001,0.135300928,639697.6531,20289.24913,0.067650464,22268,Domestic
Pagrus_auratus-Pacific_Northwest,Pagrus auratus,Silver seabream,Miscellaneous coastal fishes,Pacific Northwest,0.370474767,0.506334574,0.602700513,0.705824133,0.94365542,0.147351918,0.615333612,323581.5945,2002,0.135300928,639697.6531,20289.24913,0.067650464,23348,Domestic
Pagrus_auratus-Pacific_Northwest,Pagrus auratus,Silver seabream,Miscellaneous coastal fishes,Pacific Northwest,0.352360499,0.491877147,0.587014822,0.690950089,0.924277108,0.146459727,0.599186103,323581.5945,2003,0.135300928,639697.6531,20289.24913,0.067650464,20817,Domestic
Pagrus_auratus-Pacific_Northwest,Pagrus auratus,Silver seabream,Miscellaneous coastal fishes,Pacific Northwest,0.338541688,0.472893395,0.56827707,0.673790572,0.90567157,0.146566738,0.581986814,323581.5945,2004,0.135300928,639697.6531,20289.24913,0.067650464,20438,Domestic
Pagrus_auratus-Pacific_Northwest,Pagrus auratus,Silver seabream,Miscellaneous coastal fishes,Pacific Northwest,0.318455332,0.456616837,0.554138828,0.660264625,0.890311555,0.146765374,0.566346275,323581.5945,2005,0.135300928,639697.6531,20289.24913,0.067650464,20170,Domestic
Pagrus_auratus-Pacific_Northwest,Pagrus auratus,Silver seabream,Miscellaneous coastal fishes,Pacific Northwest,0.298795516,0.440704098,0.542759802,0.652710099,0.866975042,0.150153718,0.552526632,323581.5945,2006,0.135300928,639697.6531,20289.24913,0.067650464,19624,Domestic
Pagrus_auratus-Pacific_Northwest,Pagrus auratus,Silver seabream,Miscellaneous coastal fishes,Pacific Northwest,0.283483134,0.427944456,0.53602664,0.643714745,0.855263742,0.152901848,0.542851914,323581.5945,2007,0.135300928,639697.6531,20289.24913,0.067650464,17943,Domestic
Pagrus_auratus-Pacific_Northwest,Pagrus auratus,Silver seabream,Miscellaneous coastal fishes,Pacific Northwest,0.265902879,0.414592792,0.529660712,0.639047838,0.854983839,0.156664252,0.53368792,323581.5945,2008,0.135300928,639697.6531,20289.24913,0.067650464,17261,Domestic
Pagrus_auratus-Pacific_Northwest,Pagrus auratus,Silver seabream,Miscellaneous coastal fishes,Pacific Northwest,0.245725679,0.40282459,0.525034985,0.638963465,0.845017754,0.160463374,0.525822082,323581.5945,2009,0.135300928,639697.6531,20289.24913,0.067650464,17113,Domestic
Pagrus_auratus-Pacific_Northwest,Pagrus auratus,Silver seabream,Miscellaneous coastal fishes,Pacific Northwest,0.224389158,0.389943844,0.520538379,0.638733028,0.840899036,0.166185108,0.520213711,323581.5945,2010,0.135300928,639697.6531,20289.24913,0.067650464,16102,Domestic
Pagrus_auratus-Pacific_Northwest,Pagrus auratus,Silver seabream,Miscellaneous coastal fishes,Pacific Northwest,0.198685236,0.370464699,0.509340857,0.632379825,0.827343733,0.172356952,0.50618472,323581.5945,2011,0.135300928,639697.6531,20289.24913,0.067650464,18371,Domestic
Pagrus_auratus-Pacific_Northwest,Pagrus auratus,Silver seabream,Miscellaneous coastal fishes,Pacific Northwest,0.175406385,0.359164254,0.508908676,0.639676453,0.812118841,0.179610858,0.500510385,323581.5945,2012,0.135300928,639697.6531,20289.24913,0.067650464,15709,Domestic
Pagrus_auratus-Pacific_Northwest,Pagrus auratus,Silver seabream,Miscellaneous coastal fishes,Pacific Northwest,0.152936744,0.351617702,0.509218666,0.65016644,0.814047882,0.187412439,0.498269071,323581.5945,2013,0.135300928,639697.6531,20289.24913,0.067650464,14510,Domestic
Pagrus_auratus-Pacific_Northwest,Pagrus auratus,Silver seabream,Miscellaneous coastal fishes,Pacific Northwest,0.124322723,0.338726837,0.51110457,0.660604455,0.803158606,0.196419615,0.493914847,323581.5945,2014,0.135300928,639697.6531,20289.24913,0.067650464,14989,Domestic
Pagrus_auratus-Pacific_Northwest,Pagrus auratus,Silver seabream,Miscellaneous coastal fishes,Pacific Northwest,0.094891762,0.322131189,0.513252806,0.669693916,0.795987568,0.206872716,0.488456557,323581.5945,2015,0.135300928,639697.6531,20289.24913,0.067650464,15183,Domestic
Pagrus_auratus-Pacific_Northwest,Pagrus auratus,Silver seabream,Miscellaneous coastal fishes,Pacific Northwest,0.062917176,0.308665141,0.517048179,0.678067417,0.789793127,0.219260591,0.483314881,323581.5945,2016,0.135300928,639697.6531,20289.24913,0.067650464,15137,Domestic
Pagrus_auratus-Pacific_Southwest,Pagrus auratus,Silver seabream,Miscellaneous coastal fishes,Pacific Southwest,0.482420949,0.785889684,0.979036759,1.140853719,1.386240663,0.240371668,0.960766395,135473.5276,1950,0.1428825,292151.0481,9651.623762,0.07144125,6200,Domestic
Pagrus_auratus-Pacific_Southwest,Pagrus auratus,Silver seabream,Miscellaneous coastal fishes,Pacific Southwest,0.513779563,0.81837952,1.012715057,1.16751518,1.416901749,0.24217766,0.992568596,135473.5276,1951,0.1428825,292151.0481,9651.623762,0.07144125,5500,Domestic
Pagrus_auratus-Pacific_Southwest,Pagrus auratus,Silver seabream,Miscellaneous coastal fishes,Pacific Southwest,0.536998547,0.8586089,1.043582399,1.199116867,1.475382574,0.244573186,1.029421431,135473.5276,1952,0.1428825,292151.0481,9651.623762,0.07144125,5100,Domestic
Pagrus_auratus-Pacific_Southwest,Pagrus auratus,Silver seabream,Miscellaneous coastal fishes,Pacific Southwest,0.562262066,0.884956343,1.06959003,1.23221585,1.499962461,0.246293608,1.056015731,135473.5276,1953,0.1428825,292151.0481,9651.623762,0.07144125,6200,Domestic
Pagrus_auratus-Pacific_Southwest,Pagrus auratus,Silver seabream,Miscellaneous coastal fishes,Pacific Southwest,0.587252117,0.910442482,1.097470841,1.257335878,1.53588818,0.248444054,1.079844192,135473.5276,1954,0.1428825,292151.0481,9651.623762,0.07144125,6600,Domestic
Pagrus_auratus-Pacific_Southwest,Pagrus auratus,Silver seabream,Miscellaneous coastal fishes,Pacific Southwest,0.60947687,0.930855977,1.114558573,1.276263823,1.580621278,0.250530491,1.101709662,135473.5276,1955,0.1428825,292151.0481,9651.623762,0.07144125,7100,Domestic
Pagrus_auratus-Pacific_Southwest,Pagrus auratus,Silver seabream,Miscellaneous coastal fishes,Pacific Southwest,0.625507503,0.950624825,1.124323534,1.292009556,1.596620492,0.250739703,1.119025929,135473.5276,1956,0.1428825,292151.0481,9651.623762,0.07144125,7500,Domestic
Pagrus_auratus-Pacific_Southwest,Pagrus auratus,Silver seabream,Miscellaneous coastal fishes,Pacific Southwest,0.636128503,0.962457827,1.130272922,1.298985893,1.602324418,0.250643404,1.127421614,135473.5276,1957,0.1428825,292151.0481,9651.623762,0.07144125,8800,Domestic
Pagrus_auratus-Pacific_Southwest,Pagrus auratus,Silver seabream,Miscellaneous coastal fishes,Pacific Southwest,0.652234357,0.978378538,1.147252446,1.307762883,1.607283634,0.24584947,1.142194379,135473.5276,1958,0.1428825,292151.0481,9651.623762,0.07144125,7800,Domestic
Pagrus_auratus-Pacific_Southwest,Pagrus auratus,Silver seabream,Miscellaneous coastal fishes,Pacific Southwest,0.670627837,0.990476733,1.160548887,1.314971631,1.612723363,0.242911606,1.15208728,135473.5276,1959,0.1428825,292151.0481,9651.623762,0.07144125,8300,Domestic
Pagrus_auratus-Pacific_Southwest,Pagrus auratus,Silver seabream,Miscellaneous coastal fishes,Pacific Southwest,0.688164427,0.998282303,1.167032186,1.326637504,1.640663957,0.241563001,1.162421193,135473.5276,1960,0.1428825,292151.0481,9651.623762,0.07144125,8489,Domestic
Pagrus_auratus-Pacific_Southwest,Pagrus auratus,Silver seabream,Miscellaneous coastal fishes,Pacific Southwest,0.711083008,1.014151226,1.177824389,1.328824063,1.620552103,0.237092972,1.170700749,135473.5276,1961,0.1428825,292151.0481,9651.623762,0.07144125,8534,Domestic
Pagrus_auratus-Pacific_Southwest,Pagrus auratus,Silver seabream,Miscellaneous coastal fishes,Pacific Southwest,0.721044973,1.021582326,1.181041696,1.338459804,1.624310316,0.233232568,1.177610672,135473.5276,1962,0.1428825,292151.0481,9651.623762,0.07144125,8715,Domestic
Pagrus_auratus-Pacific_Southwest,Pagrus auratus,Silver seabream,Miscellaneous coastal fishes,Pacific Southwest,0.735373274,1.030807406,1.185259494,1.345543023,1.62168128,0.229974723,1.183779616,135473.5276,1963,0.1428825,292151.0481,9651.623762,0.07144125,8946,Domestic
Pagrus_auratus-Pacific_Southwest,Pagrus auratus,Silver seabream,Miscellaneous coastal fishes,Pacific Southwest,0.745293369,1.038531015,1.191265333,1.350935429,1.624242487,0.227867886,1.191021493,135473.5276,1964,0.1428825,292151.0481,9651.623762,0.07144125,8757,Domestic
Pagrus_auratus-Pacific_Southwest,Pagrus auratus,Silver seabream,Miscellaneous coastal fishes,Pacific Southwest,0.757179681,1.037598748,1.193637276,1.344895807,1.622411957,0.22401324,1.191252592,135473.5276,1965,0.1428825,292151.0481,9651.623762,0.07144125,9407,Domestic
Pagrus_auratus-Pacific_Southwest,Pagrus auratus,Silver seabream,Miscellaneous coastal fishes,Pacific Southwest,0.746178116,1.032405207,1.176683126,1.330374514,1.593600406,0.218742029,1.179871587,135473.5276,1966,0.1428825,292151.0481,9651.623762,0.07144125,11418,Domestic
Pagrus_auratus-Pacific_Southwest,Pagrus auratus,Silver seabream,Miscellaneous coastal fishes,Pacific Southwest,0.748157988,1.021248591,1.159353355,1.310239144,1.583263399,0.21325965,1.164647357,135473.5276,1967,0.1428825,292151.0481,9651.623762,0.07144125,12166,Domestic
Pagrus_auratus-Pacific_Southwest,Pagrus auratus,Silver seabream,Miscellaneous coastal fishes,Pacific Southwest,0.747239472,1.017004956,1.15096786,1.292408601,1.552812133,0.204976708,1.153338086,135473.5276,1968,0.1428825,292151.0481,9651.623762,0.07144125,11337,Domestic
Pagrus_auratus-Pacific_Southwest,Pagrus auratus,Silver seabream,Miscellaneous coastal fishes,Pacific Southwest,0.75404717,0.992482455,1.130215392,1.266974287,1.530488045,0.198721908,1.131235361,135473.5276,1969,0.1428825,292151.0481,9651.623762,0.07144125,12543,Domestic
Pagrus_auratus-Pacific_Southwest,Pagrus auratus,Silver seabream,Miscellaneous coastal fishes,Pacific Southwest,0.733440934,0.972113466,1.09882344,1.226719711,1.48723086,0.190676234,1.100211881,135473.5276,1970,0.1428825,292151.0481,9651.623762,0.07144125,14053,Domestic
Pagrus_auratus-Pacific_Southwest,Pagrus auratus,Silver seabream,Miscellaneous coastal fishes,Pacific Southwest,0.714123918,0.93442603,1.05435253,1.185930045,1.420262544,0.182311172,1.059342341,135473.5276,1971,0.1428825,292151.0481,9651.623762,0.07144125,15400,Domestic
Pagrus_auratus-Pacific_Southwest,Pagrus auratus,Silver seabream,Miscellaneous coastal fishes,Pacific Southwest,0.691051158,0.900028686,1.012239115,1.138485247,1.369658693,0.175101073,1.02089068,135473.5276,1972,0.1428825,292151.0481,9651.623762,0.07144125,15300,Domestic
Pagrus_auratus-Pacific_Southwest,Pagrus auratus,Silver seabream,Miscellaneous coastal fishes,Pacific Southwest,0.660396436,0.863739948,0.976107874,1.087754985,1.322094936,0.168695741,0.980368717,135473.5276,1973,0.1428825,292151.0481,9651.623762,0.07144125,15500,Domestic
Pagrus_auratus-Pacific_Southwest,Pagrus auratus,Silver seabream,Miscellaneous coastal fishes,Pacific Southwest,0.630276367,0.828472828,0.935283884,1.047132539,1.281144527,0.163182361,0.942509352,135473.5276,1974,0.1428825,292151.0481,9651.623762,0.07144125,15139,Domestic
Pagrus_auratus-Pacific_Southwest,Pagrus auratus,Silver seabream,Miscellaneous coastal fishes,Pacific Southwest,0.613897222,0.806126437,0.906711035,1.009835967,1.24648746,0.156156965,0.912871916,135473.5276,1975,0.1428825,292151.0481,9651.623762,0.07144125,13648,Domestic
Pagrus_auratus-Pacific_Southwest,Pagrus auratus,Silver seabream,Miscellaneous coastal fishes,Pacific Southwest,0.586841429,0.764780564,0.859443671,0.959458437,1.192953058,0.149589507,0.866473995,135473.5276,1976,0.1428825,292151.0481,9651.623762,0.07144125,16093,Domestic
Pagrus_auratus-Pacific_Southwest,Pagrus auratus,Silver seabream,Miscellaneous coastal fishes,Pacific Southwest,0.566256363,0.736047174,0.823353208,0.915684872,1.146219952,0.143207008,0.831510351,135473.5276,1977,0.1428825,292151.0481,9651.623762,0.07144125,14264,Domestic
Pagrus_auratus-Pacific_Southwest,Pagrus auratus,Silver seabream,Miscellaneous coastal fishes,Pacific Southwest,0.525122597,0.672560253,0.755250119,0.839987739,1.078065957,0.137041024,0.764444559,135473.5276,1978,0.1428825,292151.0481,9651.623762,0.07144125,18567,Domestic
Pagrus_auratus-Pacific_Southwest,Pagrus auratus,Silver seabream,Miscellaneous coastal fishes,Pacific Southwest,0.479447747,0.61214859,0.689870214,0.779328714,1.016360446,0.134133321,0.703355335,135473.5276,1979,0.1428825,292151.0481,9651.623762,0.07144125,17416,Domestic
Pagrus_auratus-Pacific_Southwest,Pagrus auratus,Silver seabream,Miscellaneous coastal fishes,Pacific Southwest,0.456850705,0.581454719,0.654002535,0.74213447,0.982434621,0.13170302,0.670398091,135473.5276,1980,0.1428825,292151.0481,9651.623762,0.07144125,13157,Domestic
Pagrus_auratus-Pacific_Southwest,Pagrus auratus,Silver seabream,Miscellaneous coastal fishes,Pacific Southwest,0.432039606,0.546858764,0.616147813,0.705769502,0.948187765,0.13069471,0.635597557,135473.5276,1981,0.1428825,292151.0481,9651.623762,0.07144125,13114,Domestic
Pagrus_auratus-Pacific_Southwest,Pagrus auratus,Silver seabream,Miscellaneous coastal fishes,Pacific Southwest,0.412321445,0.516173588,0.590429299,0.677602524,0.917544854,0.129202013,0.608159663,135473.5276,1982,0.1428825,292151.0481,9651.623762,0.07144125,11853,Domestic
Pagrus_auratus-Pacific_Southwest,Pagrus auratus,Silver seabream,Miscellaneous coastal fishes,Pacific Southwest,0.397377691,0.50489241,0.575184998,0.659892058,0.902070407,0.127367872,0.593457074,135473.5276,1983,0.1428825,292151.0481,9651.623762,0.07144125,9752,Domestic
Pagrus_auratus-Pacific_Southwest,Pagrus auratus,Silver seabream,Miscellaneous coastal fishes,Pacific Southwest,0.383317369,0.489532131,0.555872425,0.641527069,0.887400311,0.126960004,0.576520879,135473.5276,1984,0.1428825,292151.0481,9651.623762,0.07144125,9968,Domestic
Pagrus_auratus-Pacific_Southwest,Pagrus auratus,Silver seabream,Miscellaneous coastal fishes,Pacific Southwest,0.365996731,0.471932629,0.542167621,0.62442873,0.864072716,0.127723529,0.560432578,135473.5276,1985,0.1428825,292151.0481,9651.623762,0.07144125,9888,Domestic
Pagrus_auratus-Pacific_Southwest,Pagrus auratus,Silver seabream,Miscellaneous coastal fishes,Pacific Southwest,0.360896243,0.472091256,0.53965182,0.623327546,0.869564623,0.128027712,0.559037395,135473.5276,1986,0.1428825,292151.0481,9651.623762,0.07144125,7605,Domestic
Pagrus_auratus-Pacific_Southwest,Pagrus auratus,Silver seabream,Miscellaneous coastal fishes,Pacific Southwest,0.366342707,0.472757467,0.541722318,0.623610601,0.869280648,0.126649116,0.560149705,135473.5276,1987,0.1428825,292151.0481,9651.623762,0.07144125,7257,Domestic
Pagrus_auratus-Pacific_Southwest,Pagrus auratus,Silver seabream,Miscellaneous coastal fishes,Pacific Southwest,0.362308706,0.465164984,0.533128026,0.618260712,0.862036397,0.127123054,0.552850722,135473.5276,1988,0.1428825,292151.0481,9651.623762,0.07144125,8480,Domestic
Pagrus_auratus-Pacific_Southwest,Pagrus auratus,Silver seabream,Miscellaneous coastal fishes,Pacific Southwest,0.355954711,0.458131655,0.524651906,0.610534944,0.854638228,0.126411219,0.545219949,135473.5276,1989,0.1428825,292151.0481,9651.623762,0.07144125,8443,Domestic
Pagrus_auratus-Pacific_Southwest,Pagrus auratus,Silver seabream,Miscellaneous coastal fishes,Pacific Southwest,0.349280881,0.446196118,0.514957936,0.599983217,0.851368072,0.126457986,0.534481551,135473.5276,1990,0.1428825,292151.0481,9651.623762,0.07144125,8581,Domestic
Pagrus_auratus-Pacific_Southwest,Pagrus auratus,Silver seabream,Miscellaneous coastal fishes,Pacific Southwest,0.343253032,0.437043031,0.505063155,0.590411125,0.826560399,0.125362849,0.525993985,135473.5276,1991,0.1428825,292151.0481,9651.623762,0.07144125,8323,Domestic
Pagrus_auratus-Pacific_Southwest,Pagrus auratus,Silver seabream,Miscellaneous coastal fishes,Pacific Southwest,0.331847223,0.426599732,0.494542689,0.582173064,0.816349544,0.124908935,0.514843674,135473.5276,1992,0.1428825,292151.0481,9651.623762,0.07144125,8364,Domestic
Pagrus_auratus-Pacific_Southwest,Pagrus auratus,Silver seabream,Miscellaneous coastal fishes,Pacific Southwest,0.322778323,0.42016416,0.487675231,0.571620313,0.814184671,0.124073811,0.507371008,135473.5276,1993,0.1428825,292151.0481,9651.623762,0.07144125,7810,Domestic
Pagrus_auratus-Pacific_Southwest,Pagrus auratus,Silver seabream,Miscellaneous coastal fishes,Pacific Southwest,0.322148154,0.416010358,0.484715832,0.56860675,0.80368624,0.124192107,0.50386846,135473.5276,1994,0.1428825,292151.0481,9651.623762,0.07144125,7233,Domestic
Pagrus_auratus-Pacific_Southwest,Pagrus auratus,Silver seabream,Miscellaneous coastal fishes,Pacific Southwest,0.324002043,0.415703947,0.486985858,0.569914596,0.805144091,0.124351264,0.505311614,135473.5276,1995,0.1428825,292151.0481,9651.623762,0.07144125,6568,Domestic
Pagrus_auratus-Pacific_Southwest,Pagrus auratus,Silver seabream,Miscellaneous coastal fishes,Pacific Southwest,0.329279101,0.417940023,0.492935337,0.573710796,0.810382243,0.125626251,0.510253546,135473.5276,1996,0.1428825,292151.0481,9651.623762,0.07144125,6138,Domestic
Pagrus_auratus-Pacific_Southwest,Pagrus auratus,Silver seabream,Miscellaneous coastal fishes,Pacific Southwest,0.332288649,0.422098355,0.49301688,0.578773529,0.822718881,0.125342826,0.512695009,135473.5276,1997,0.1428825,292151.0481,9651.623762,0.07144125,6551,Domestic
Pagrus_auratus-Pacific_Southwest,Pagrus auratus,Silver seabream,Miscellaneous coastal fishes,Pacific Southwest,0.335226528,0.424108667,0.496613046,0.583988002,0.818200932,0.125800933,0.515298096,135473.5276,1998,0.1428825,292151.0481,9651.623762,0.07144125,6550,Domestic
Pagrus_auratus-Pacific_Southwest,Pagrus auratus,Silver seabream,Miscellaneous coastal fishes,Pacific Southwest,0.32145658,0.409615357,0.484990298,0.57315654,0.809822889,0.126555738,0.503933767,135473.5276,1999,0.1428825,292151.0481,9651.623762,0.07144125,8494,Domestic
Pagrus_auratus-Pacific_Southwest,Pagrus auratus,Silver seabream,Miscellaneous coastal fishes,Pacific Southwest,0.310554455,0.401759786,0.476708149,0.567655314,0.796548864,0.127079745,0.496033233,135473.5276,2000,0.1428825,292151.0481,9651.623762,0.07144125,7845,Domestic
Pagrus_auratus-Pacific_Southwest,Pagrus auratus,Silver seabream,Miscellaneous coastal fishes,Pacific Southwest,0.304028447,0.39830856,0.475637213,0.567774671,0.794370354,0.127759199,0.494249815,135473.5276,2001,0.1428825,292151.0481,9651.623762,0.07144125,7020,Domestic
Pagrus_auratus-Pacific_Southwest,Pagrus auratus,Silver seabream,Miscellaneous coastal fishes,Pacific Southwest,0.296717755,0.392812978,0.472773044,0.568244966,0.796590124,0.129771962,0.490753279,135473.5276,2002,0.1428825,292151.0481,9651.623762,0.07144125,7147,Domestic
Pagrus_auratus-Pacific_Southwest,Pagrus auratus,Silver seabream,Miscellaneous coastal fishes,Pacific Southwest,0.289416247,0.386978499,0.470934026,0.569015714,0.790487494,0.132151054,0.48831147,135473.5276,2003,0.1428825,292151.0481,9651.623762,0.07144125,7037,Domestic
Pagrus_auratus-Pacific_Southwest,Pagrus auratus,Silver seabream,Miscellaneous coastal fishes,Pacific Southwest,0.28187946,0.384479386,0.470804693,0.570328146,0.784153666,0.13432598,0.487013308,135473.5276,2004,0.1428825,292151.0481,9651.623762,0.07144125,6740,Domestic
Pagrus_auratus-Pacific_Southwest,Pagrus auratus,Silver seabream,Miscellaneous coastal fishes,Pacific Southwest,0.267548669,0.372348997,0.466146249,0.568651785,0.779579285,0.137480342,0.480329756,135473.5276,2005,0.1428825,292151.0481,9651.623762,0.07144125,7475,Domestic
Pagrus_auratus-Pacific_Southwest,Pagrus auratus,Silver seabream,Miscellaneous coastal fishes,Pacific Southwest,0.259045838,0.368932267,0.469529285,0.572863815,0.777888933,0.140634523,0.479173551,135473.5276,2006,0.1428825,292151.0481,9651.623762,0.07144125,6679,Domestic
Pagrus_auratus-Pacific_Southwest,Pagrus auratus,Silver seabream,Miscellaneous coastal fishes,Pacific Southwest,0.250480134,0.365579871,0.473840148,0.579527097,0.78566325,0.145106414,0.481480016,135473.5276,2007,0.1428825,292151.0481,9651.623762,0.07144125,6134,Domestic
Pagrus_auratus-Pacific_Southwest,Pagrus auratus,Silver seabream,Miscellaneous coastal fishes,Pacific Southwest,0.235630989,0.362313563,0.477961239,0.5868917,0.783790437,0.150227411,0.480983743,135473.5276,2008,0.1428825,292151.0481,9651.623762,0.07144125,6614,Domestic
Pagrus_auratus-Pacific_Southwest,Pagrus auratus,Silver seabream,Miscellaneous coastal fishes,Pacific Southwest,0.221799252,0.353178848,0.48156122,0.593222206,0.791028178,0.156163375,0.480845986,135473.5276,2009,0.1428825,292151.0481,9651.623762,0.07144125,6544,Domestic
Pagrus_auratus-Pacific_Southwest,Pagrus auratus,Silver seabream,Miscellaneous coastal fishes,Pacific Southwest,0.207450709,0.347500167,0.484971627,0.597081015,0.78905285,0.162005566,0.480350019,135473.5276,2010,0.1428825,292151.0481,9651.623762,0.07144125,6515,Domestic
Pagrus_auratus-Pacific_Southwest,Pagrus auratus,Silver seabream,Miscellaneous coastal fishes,Pacific Southwest,0.190097884,0.342765923,0.487010636,0.6078896,0.779689252,0.169737905,0.478759551,135473.5276,2011,0.1428825,292151.0481,9651.623762,0.07144125,6712,Domestic
Pagrus_auratus-Pacific_Southwest,Pagrus auratus,Silver seabream,Miscellaneous coastal fishes,Pacific Southwest,0.167498808,0.330658075,0.487427163,0.616576053,0.784091181,0.178339183,0.475689316,135473.5276,2012,0.1428825,292151.0481,9651.623762,0.07144125,6809,Domestic
Pagrus_auratus-Pacific_Southwest,Pagrus auratus,Silver seabream,Miscellaneous coastal fishes,Pacific Southwest,0.143157266,0.321295617,0.48953913,0.627968925,0.78820587,0.18850947,0.474359206,135473.5276,2013,0.1428825,292151.0481,9651.623762,0.07144125,6542,Domestic
Pagrus_auratus-Pacific_Southwest,Pagrus auratus,Silver seabream,Miscellaneous coastal fishes,Pacific Southwest,0.117395114,0.310341247,0.495946274,0.642085327,0.795071981,0.200279349,0.473808781,135473.5276,2014,0.1428825,292151.0481,9651.623762,0.07144125,6463,Domestic
Pagrus_auratus-Pacific_Southwest,Pagrus auratus,Silver seabream,Miscellaneous coastal fishes,Pacific Southwest,0.086519907,0.30234021,0.499308247,0.65572061,0.786764566,0.212371928,0.472888502,135473.5276,2015,0.1428825,292151.0481,9651.623762,0.07144125,6412,Domestic
Pagrus_auratus-Pacific_Southwest,Pagrus auratus,Silver seabream,Miscellaneous coastal fishes,Pacific Southwest,0.051951447,0.288491425,0.504232015,0.671815646,0.789064293,0.226288137,0.471705584,135473.5276,2016,0.1428825,292151.0481,9651.623762,0.07144125,6471,Domestic
Pagrus_pagrus-Atlantic_Southwest,Pagrus pagrus,Red porgy,Miscellaneous coastal fishes,Atlantic Southwest,1.02020127,1.218692774,1.386035778,1.575544442,1.863614394,0.230122183,1.40491871,45953.39586,1950,0.306577841,71121.89748,5397.601194,0.15328892,300,Domestic
Pagrus_pagrus-Atlantic_Southwest,Pagrus pagrus,Red porgy,Miscellaneous coastal fishes,Atlantic Southwest,1.131443198,1.351951987,1.498460993,1.664710648,1.913817351,0.209578103,1.509554418,45953.39586,1951,0.306577841,71121.89748,5397.601194,0.15328892,200,Domestic
Pagrus_pagrus-Atlantic_Southwest,Pagrus pagrus,Red porgy,Miscellaneous coastal fishes,Atlantic Southwest,1.229700924,1.453736171,1.599600274,1.735558674,1.924438164,0.186318855,1.592078125,45953.39586,1952,0.306577841,71121.89748,5397.601194,0.15328892,400,Domestic
Pagrus_pagrus-Atlantic_Southwest,Pagrus pagrus,Red porgy,Miscellaneous coastal fishes,Atlantic Southwest,1.323971349,1.545121558,1.66670801,1.781758045,1.941916417,0.163993241,1.658532783,45953.39586,1953,0.306577841,71121.89748,5397.601194,0.15328892,500,Domestic
Pagrus_pagrus-Atlantic_Southwest,Pagrus pagrus,Red porgy,Miscellaneous coastal fishes,Atlantic Southwest,1.386233943,1.609569827,1.71008595,1.814862684,1.955497009,0.146752873,1.703629272,45953.39586,1954,0.306577841,71121.89748,5397.601194,0.15328892,700,Domestic
Pagrus_pagrus-Atlantic_Southwest,Pagrus pagrus,Red porgy,Miscellaneous coastal fishes,Atlantic Southwest,1.447168108,1.653336904,1.745025819,1.840642281,1.971842338,0.132984177,1.740642816,45953.39586,1955,0.306577841,71121.89748,5397.601194,0.15328892,600,Domestic
Pagrus_pagrus-Atlantic_Southwest,Pagrus pagrus,Red porgy,Miscellaneous coastal fishes,Atlantic Southwest,1.498314235,1.683891843,1.773031166,1.854414231,1.967633868,0.121929333,1.764164187,45953.39586,1956,0.306577841,71121.89748,5397.601194,0.15328892,800,Domestic
Pagrus_pagrus-Atlantic_Southwest,Pagrus pagrus,Red porgy,Miscellaneous coastal fishes,Atlantic Southwest,1.52358208,1.699770799,1.785536122,1.860867288,1.971208868,0.116398548,1.775395192,45953.39586,1957,0.306577841,71121.89748,5397.601194,0.15328892,1000,Domestic
Pagrus_pagrus-Atlantic_Southwest,Pagrus pagrus,Red porgy,Miscellaneous coastal fishes,Atlantic Southwest,1.53901918,1.693449695,1.779020141,1.852678046,1.968483686,0.113342212,1.771942802,45953.39586,1958,0.306577841,71121.89748,5397.601194,0.15328892,1600,Domestic
Pagrus_pagrus-Atlantic_Southwest,Pagrus pagrus,Red porgy,Miscellaneous coastal fishes,Atlantic Southwest,1.533639235,1.688092718,1.774647088,1.847030105,1.966355871,0.112877216,1.766803742,45953.39586,1959,0.306577841,71121.89748,5397.601194,0.15328892,1700,Domestic
Pagrus_pagrus-Atlantic_Southwest,Pagrus pagrus,Red porgy,Miscellaneous coastal fishes,Atlantic Southwest,1.528660467,1.69230447,1.773952751,1.849298987,1.96269692,0.111907606,1.767524845,45953.39586,1960,0.306577841,71121.89748,5397.601194,0.15328892,1500,Domestic
Pagrus_pagrus-Atlantic_Southwest,Pagrus pagrus,Red porgy,Miscellaneous coastal fishes,Atlantic Southwest,1.54551994,1.702211647,1.78110026,1.855261551,1.972119766,0.111448009,1.774808642,45953.39586,1961,0.306577841,71121.89748,5397.601194,0.15328892,1300,Domestic
Pagrus_pagrus-Atlantic_Southwest,Pagrus pagrus,Red porgy,Miscellaneous coastal fishes,Atlantic Southwest,1.542795964,1.701828178,1.781587817,1.857397427,1.967226568,0.111750623,1.775028119,45953.39586,1962,0.306577841,71121.89748,5397.601194,0.15328892,1400,Domestic
Pagrus_pagrus-Atlantic_Southwest,Pagrus pagrus,Red porgy,Miscellaneous coastal fishes,Atlantic Southwest,1.537203403,1.700268516,1.77696365,1.858493074,1.971191049,0.114109895,1.774171418,45953.39586,1963,0.306577841,71121.89748,5397.601194,0.15328892,1700,Domestic
Pagrus_pagrus-Atlantic_Southwest,Pagrus pagrus,Red porgy,Miscellaneous coastal fishes,Atlantic Southwest,1.513595336,1.678185224,1.769588483,1.846118888,1.964990371,0.117455285,1.760147082,45953.39586,1964,0.306577841,71121.89748,5397.601194,0.15328892,2200,Domestic
Pagrus_pagrus-Atlantic_Southwest,Pagrus pagrus,Red porgy,Miscellaneous coastal fishes,Atlantic Southwest,1.509942842,1.671183429,1.760153776,1.844046691,1.968121263,0.119632201,1.754221951,45953.39586,1965,0.306577841,71121.89748,5397.601194,0.15328892,2100,Domestic
Pagrus_pagrus-Atlantic_Southwest,Pagrus pagrus,Red porgy,Miscellaneous coastal fishes,Atlantic Southwest,1.476964963,1.639411555,1.722957478,1.810010042,1.943012318,0.120962007,1.722252518,45953.39586,1966,0.306577841,71121.89748,5397.601194,0.15328892,3100,Domestic
Pagrus_pagrus-Atlantic_Southwest,Pagrus pagrus,Red porgy,Miscellaneous coastal fishes,Atlantic Southwest,1.477048339,1.635558673,1.72287681,1.799179799,1.94245617,0.12059045,1.717419779,45953.39586,1967,0.306577841,71121.89748,5397.601194,0.15328892,2500,Domestic
Pagrus_pagrus-Atlantic_Southwest,Pagrus pagrus,Red porgy,Miscellaneous coastal fishes,Atlantic Southwest,1.460177822,1.625431713,1.711737058,1.790384314,1.935293709,0.120557316,1.706197381,45953.39586,1968,0.306577841,71121.89748,5397.601194,0.15328892,2700,Domestic
Pagrus_pagrus-Atlantic_Southwest,Pagrus pagrus,Red porgy,Miscellaneous coastal fishes,Atlantic Southwest,1.488121481,1.645304175,1.728799204,1.810265753,1.939273743,0.117650849,1.724655969,45953.39586,1969,0.306577841,71121.89748,5397.601194,0.15328892,1800,Domestic
Pagrus_pagrus-Atlantic_Southwest,Pagrus pagrus,Red porgy,Miscellaneous coastal fishes,Atlantic Southwest,1.493118395,1.649268038,1.733562,1.809818582,1.946563343,0.117326834,1.727304863,45953.39586,1970,0.306577841,71121.89748,5397.601194,0.15328892,2100,Domestic
Pagrus_pagrus-Atlantic_Southwest,Pagrus pagrus,Red porgy,Miscellaneous coastal fishes,Atlantic Southwest,1.486746058,1.663335009,1.745407051,1.828538963,1.952800486,0.119218207,1.74144266,45953.39586,1971,0.306577841,71121.89748,5397.601194,0.15328892,1900,Domestic
Pagrus_pagrus-Atlantic_Southwest,Pagrus pagrus,Red porgy,Miscellaneous coastal fishes,Atlantic Southwest,1.527627126,1.684670992,1.768369802,1.84731298,1.963642318,0.114874561,1.762584836,45953.39586,1972,0.306577841,71121.89748,5397.601194,0.15328892,1600,Domestic
Pagrus_pagrus-Atlantic_Southwest,Pagrus pagrus,Red porgy,Miscellaneous coastal fishes,Atlantic Southwest,1.495386879,1.648098263,1.729250323,1.808559386,1.940665948,0.114778389,1.72752058,45953.39586,1973,0.306577841,71121.89748,5397.601194,0.15328892,3600,Domestic
Pagrus_pagrus-Atlantic_Southwest,Pagrus pagrus,Red porgy,Miscellaneous coastal fishes,Atlantic Southwest,1.529030146,1.684734114,1.763975279,1.840557694,1.960397035,0.112078646,1.758967787,45953.39586,1974,0.306577841,71121.89748,5397.601194,0.15328892,1600,Domestic
Pagrus_pagrus-Atlantic_Southwest,Pagrus pagrus,Red porgy,Miscellaneous coastal fishes,Atlantic Southwest,1.554979358,1.70578796,1.783980994,1.856968842,1.971881344,0.108601019,1.779371213,45953.39586,1975,0.306577841,71121.89748,5397.601194,0.15328892,2109,Domestic
Pagrus_pagrus-Atlantic_Southwest,Pagrus pagrus,Red porgy,Miscellaneous coastal fishes,Atlantic Southwest,1.555146208,1.701797773,1.785103891,1.860596151,1.976105092,0.109796892,1.780221829,45953.39586,1976,0.306577841,71121.89748,5397.601194,0.15328892,3005,Domestic
Pagrus_pagrus-Atlantic_Southwest,Pagrus pagrus,Red porgy,Miscellaneous coastal fishes,Atlantic Southwest,1.414634734,1.557842596,1.636413546,1.712502414,1.85129402,0.111714327,1.636185614,45953.39586,1977,0.306577841,71121.89748,5397.601194,0.15328892,8293,Domestic
Pagrus_pagrus-Atlantic_Southwest,Pagrus pagrus,Red porgy,Miscellaneous coastal fishes,Atlantic Southwest,1.173161987,1.299767274,1.367669287,1.44091402,1.595871014,0.106515104,1.371753109,45953.39586,1978,0.306577841,71121.89748,5397.601194,0.15328892,13415,Domestic
Pagrus_pagrus-Atlantic_Southwest,Pagrus pagrus,Red porgy,Miscellaneous coastal fishes,Atlantic Southwest,1.043205377,1.166111247,1.227374365,1.29625554,1.443626536,0.101253471,1.232907742,45953.39586,1979,0.306577841,71121.89748,5397.601194,0.15328892,10300,Domestic
Pagrus_pagrus-Atlantic_Southwest,Pagrus pagrus,Red porgy,Miscellaneous coastal fishes,Atlantic Southwest,0.94753346,1.055819242,1.11643555,1.186693489,1.339695832,0.097856924,1.12404073,45953.39586,1980,0.306577841,71121.89748,5397.601194,0.15328892,9595,Domestic
Pagrus_pagrus-Atlantic_Southwest,Pagrus pagrus,Red porgy,Miscellaneous coastal fishes,Atlantic Southwest,0.662209249,0.758091288,0.818233791,0.883022261,1.034813591,0.095275212,0.824987287,45953.39586,1981,0.306577841,71121.89748,5397.601194,0.15328892,16220,Domestic
Pagrus_pagrus-Atlantic_Southwest,Pagrus pagrus,Red porgy,Miscellaneous coastal fishes,Atlantic Southwest,0.561921004,0.649413325,0.708931811,0.777678765,0.936806613,0.097006684,0.719920175,45953.39586,1982,0.306577841,71121.89748,5397.601194,0.15328892,9147,Domestic
Pagrus_pagrus-Atlantic_Southwest,Pagrus pagrus,Red porgy,Miscellaneous coastal fishes,Atlantic Southwest,0.484215841,0.579248399,0.639472206,0.711260746,0.888823666,0.101997413,0.651308994,45953.39586,1983,0.306577841,71121.89748,5397.601194,0.15328892,7495,Domestic
Pagrus_pagrus-Atlantic_Southwest,Pagrus pagrus,Red porgy,Miscellaneous coastal fishes,Atlantic Southwest,0.425184776,0.519502024,0.583108647,0.658104789,0.86008887,0.108585688,0.598039102,45953.39586,1984,0.306577841,71121.89748,5397.601194,0.15328892,6684,Domestic
Pagrus_pagrus-Atlantic_Southwest,Pagrus pagrus,Red porgy,Miscellaneous coastal fishes,Atlantic Southwest,0.366617923,0.460558811,0.528456082,0.608763226,0.818765344,0.116994987,0.54548276,45953.39586,1985,0.306577841,71121.89748,5397.601194,0.15328892,6376,Domestic
Pagrus_pagrus-Atlantic_Southwest,Pagrus pagrus,Red porgy,Miscellaneous coastal fishes,Atlantic Southwest,0.396009019,0.492067415,0.565361637,0.652590074,0.882502932,0.127132009,0.585018601,45953.39586,1986,0.306577841,71121.89748,5397.601194,0.15328892,2870,Domestic
Pagrus_pagrus-Atlantic_Southwest,Pagrus pagrus,Red porgy,Miscellaneous coastal fishes,Atlantic Southwest,0.3929265,0.492482496,0.571396685,0.668035532,0.922514998,0.138463105,0.595013985,45953.39586,1987,0.306577841,71121.89748,5397.601194,0.15328892,4106,Domestic
Pagrus_pagrus-Atlantic_Southwest,Pagrus pagrus,Red porgy,Miscellaneous coastal fishes,Atlantic Southwest,0.337978798,0.440717384,0.529583704,0.634139419,0.920661812,0.150999884,0.553816947,45953.39586,1988,0.306577841,71121.89748,5397.601194,0.15328892,5860,Domestic
Pagrus_pagrus-Atlantic_Southwest,Pagrus pagrus,Red porgy,Miscellaneous coastal fishes,Atlantic Southwest,0.265507062,0.383462356,0.479490689,0.600840361,0.923651129,0.167354237,0.507505743,45953.39586,1989,0.306577841,71121.89748,5397.601194,0.15328892,5807,Domestic
Pagrus_pagrus-Atlantic_Southwest,Pagrus pagrus,Red porgy,Miscellaneous coastal fishes,Atlantic Southwest,0.26488038,0.397023013,0.503005738,0.646319836,0.994304833,0.188944654,0.536742143,45953.39586,1990,0.306577841,71121.89748,5397.601194,0.15328892,2928,Domestic
Pagrus_pagrus-Atlantic_Southwest,Pagrus pagrus,Red porgy,Miscellaneous coastal fishes,Atlantic Southwest,0.25817872,0.405580101,0.525659581,0.683878735,1.062583703,0.210780015,0.56292527,45953.39586,1991,0.306577841,71121.89748,5397.601194,0.15328892,3122,Domestic
Pagrus_pagrus-Atlantic_Southwest,Pagrus pagrus,Red porgy,Miscellaneous coastal fishes,Atlantic Southwest,0.243085359,0.416085006,0.552393807,0.72826058,1.115296199,0.232071331,0.589199882,45953.39586,1992,0.306577841,71121.89748,5397.601194,0.15328892,3131,Domestic
Pagrus_pagrus-Atlantic_Southwest,Pagrus pagrus,Red porgy,Miscellaneous coastal fishes,Atlantic Southwest,0.275354222,0.467777588,0.620639495,0.81888515,1.233261517,0.255234161,0.659515787,45953.39586,1993,0.306577841,71121.89748,5397.601194,0.15328892,1694,Domestic
Pagrus_pagrus-Atlantic_Southwest,Pagrus pagrus,Red porgy,Miscellaneous coastal fishes,Atlantic Southwest,0.313089461,0.527388129,0.698701813,0.912414019,1.353335387,0.274362634,0.73773118,45953.39586,1994,0.306577841,71121.89748,5397.601194,0.15328892,1633,Domestic
Pagrus_pagrus-Atlantic_Southwest,Pagrus pagrus,Red porgy,Miscellaneous coastal fishes,Atlantic Southwest,0.375899152,0.611345597,0.792554835,1.020804302,1.47619035,0.289007529,0.829206646,45953.39586,1995,0.306577841,71121.89748,5397.601194,0.15328892,1298,Domestic
Pagrus_pagrus-Atlantic_Southwest,Pagrus pagrus,Red porgy,Miscellaneous coastal fishes,Atlantic Southwest,0.412464957,0.669086529,0.85683301,1.092959088,1.536362863,0.296858888,0.893358713,45953.39586,1996,0.306577841,71121.89748,5397.601194,0.15328892,2475,Domestic
Pagrus_pagrus-Atlantic_Southwest,Pagrus pagrus,Red porgy,Miscellaneous coastal fishes,Atlantic Southwest,0.449274926,0.72778591,0.922708773,1.156636839,1.593104765,0.301583366,0.952803054,45953.39586,1997,0.306577841,71121.89748,5397.601194,0.15328892,2743,Domestic
Pagrus_pagrus-Atlantic_Southwest,Pagrus pagrus,Red porgy,Miscellaneous coastal fishes,Atlantic Southwest,0.518581405,0.802712839,1.018051875,1.241245091,1.666672724,0.300915372,1.032875467,45953.39586,1998,0.306577841,71121.89748,5397.601194,0.15328892,2026,Domestic
Pagrus_pagrus-Atlantic_Southwest,Pagrus pagrus,Red porgy,Miscellaneous coastal fishes,Atlantic Southwest,0.544183738,0.839892481,1.048778559,1.269806667,1.634252722,0.292126895,1.062212615,45953.39586,1999,0.306577841,71121.89748,5397.601194,0.15328892,3747,Domestic
Pagrus_pagrus-Atlantic_Southwest,Pagrus pagrus,Red porgy,Miscellaneous coastal fishes,Atlantic Southwest,0.605799455,0.904030599,1.116612685,1.32626739,1.668877073,0.2832703,1.119063202,45953.39586,2000,0.306577841,71121.89748,5397.601194,0.15328892,2825,Domestic
Pagrus_pagrus-Atlantic_Southwest,Pagrus pagrus,Red porgy,Miscellaneous coastal fishes,Atlantic Southwest,0.697521874,0.980277231,1.18347224,1.380235686,1.701485752,0.267170617,1.18377884,45953.39586,2001,0.306577841,71121.89748,5397.601194,0.15328892,2385,Domestic
Pagrus_pagrus-Atlantic_Southwest,Pagrus pagrus,Red porgy,Miscellaneous coastal fishes,Atlantic Southwest,0.76299692,1.052981024,1.24238126,1.424453447,1.718842938,0.250681205,1.241201485,45953.39586,2002,0.306577841,71121.89748,5397.601194,0.15328892,2647,Domestic
Pagrus_pagrus-Atlantic_Southwest,Pagrus pagrus,Red porgy,Miscellaneous coastal fishes,Atlantic Southwest,0.82689792,1.098669613,1.265531997,1.432697802,1.705416212,0.230733758,1.264986162,45953.39586,2003,0.306577841,71121.89748,5397.601194,0.15328892,3700,Domestic
Pagrus_pagrus-Atlantic_Southwest,Pagrus pagrus,Red porgy,Miscellaneous coastal fishes,Atlantic Southwest,0.866113617,1.115447765,1.263957587,1.415757909,1.662412224,0.207943774,1.26631321,45953.39586,2004,0.306577841,71121.89748,5397.601194,0.15328892,4442,Domestic
Pagrus_pagrus-Atlantic_Southwest,Pagrus pagrus,Red porgy,Miscellaneous coastal fishes,Atlantic Southwest,0.88787517,1.109024727,1.243822277,1.372669391,1.591432028,0.184639712,1.24027723,45953.39586,2005,0.306577841,71121.89748,5397.601194,0.15328892,5287,Domestic
Pagrus_pagrus-Atlantic_Southwest,Pagrus pagrus,Red porgy,Miscellaneous coastal fishes,Atlantic Southwest,0.849874594,1.050899675,1.170849419,1.278766794,1.475055675,0.164826329,1.166237284,45953.39586,2006,0.306577841,71121.89748,5397.601194,0.15328892,7101,Domestic
Pagrus_pagrus-Atlantic_Southwest,Pagrus pagrus,Red porgy,Miscellaneous coastal fishes,Atlantic Southwest,0.831020179,1.007479635,1.115029138,1.21796671,1.405369564,0.149316528,1.114143209,45953.39586,2007,0.306577841,71121.89748,5397.601194,0.15328892,6559,Domestic
Pagrus_pagrus-Atlantic_Southwest,Pagrus pagrus,Red porgy,Miscellaneous coastal fishes,Atlantic Southwest,0.73009077,0.887277788,0.988633235,1.080892528,1.233686423,0.1350071,0.985097635,45953.39586,2008,0.306577841,71121.89748,5397.601194,0.15328892,9336,Domestic
Pagrus_pagrus-Atlantic_Southwest,Pagrus pagrus,Red porgy,Miscellaneous coastal fishes,Atlantic Southwest,0.606327246,0.747772705,0.849884294,0.939706374,1.086553625,0.129274795,0.844734744,45953.39586,2009,0.306577841,71121.89748,5397.601194,0.15328892,9967,Domestic
Pagrus_pagrus-Atlantic_Southwest,Pagrus pagrus,Red porgy,Miscellaneous coastal fishes,Atlantic Southwest,0.507044494,0.649550663,0.755847081,0.840478438,0.990360962,0.129712744,0.747620802,45953.39586,2010,0.306577841,71121.89748,5397.601194,0.15328892,8339,Domestic
Pagrus_pagrus-Atlantic_Southwest,Pagrus pagrus,Red porgy,Miscellaneous coastal fishes,Atlantic Southwest,0.455624306,0.610470752,0.72227488,0.80942107,0.944752349,0.133993974,0.709702122,45953.39586,2011,0.306577841,71121.89748,5397.601194,0.15328892,6058,Domestic
Pagrus_pagrus-Atlantic_Southwest,Pagrus pagrus,Red porgy,Miscellaneous coastal fishes,Atlantic Southwest,0.409798177,0.587317298,0.709443155,0.800669887,0.928497969,0.141543963,0.690260476,45953.39586,2012,0.306577841,71121.89748,5397.601194,0.15328892,5311,Domestic
Pagrus_pagrus-Atlantic_Southwest,Pagrus pagrus,Red porgy,Miscellaneous coastal fishes,Atlantic Southwest,0.333223283,0.531061571,0.666573235,0.75685529,0.873739542,0.150406339,0.639227794,45953.39586,2013,0.306577841,71121.89748,5397.601194,0.15328892,6375,Domestic
Pagrus_pagrus-Atlantic_Southwest,Pagrus pagrus,Red porgy,Miscellaneous coastal fishes,Atlantic Southwest,0.259336378,0.494941612,0.647958163,0.742005366,0.843763208,0.165124064,0.610454655,45953.39586,2014,0.306577841,71121.89748,5397.601194,0.15328892,5419,Domestic
Pagrus_pagrus-Atlantic_Southwest,Pagrus pagrus,Red porgy,Miscellaneous coastal fishes,Atlantic Southwest,0.168967916,0.448386906,0.621289907,0.725164025,0.817618075,0.183775327,0.573730991,45953.39586,2015,0.306577841,71121.89748,5397.601194,0.15328892,5584,Domestic
Pagrus_pagrus-Atlantic_Southwest,Pagrus pagrus,Red porgy,Miscellaneous coastal fishes,Atlantic Southwest,0.073908622,0.410422135,0.608650597,0.719854122,0.791334001,0.208649051,0.54693759,45953.39586,2016,0.306577841,71121.89748,5397.601194,0.15328892,5053,Domestic
Pagrus_pagrus-Mediterranean and Black Sea,Pagrus pagrus,Red porgy,Miscellaneous coastal fishes,Mediterranean and Black Sea,1.039511325,1.254554437,1.414149639,1.60275024,1.90113546,0.234546913,1.433867828,21115.38206,1950,0.418641208,33223.67838,3290.071052,0.209320604,200,Domestic
Pagrus_pagrus-Mediterranean and Black Sea,Pagrus pagrus,Red porgy,Miscellaneous coastal fishes,Mediterranean and Black Sea,1.161374715,1.418663965,1.572174765,1.719017945,1.932519941,0.207467825,1.564981872,21115.38206,1951,0.418641208,33223.67838,3290.071052,0.209320604,200,Domestic
Pagrus_pagrus-Mediterranean and Black Sea,Pagrus pagrus,Red porgy,Miscellaneous coastal fishes,Mediterranean and Black Sea,1.284519511,1.532650832,1.67494928,1.792558504,1.960086779,0.177875512,1.657437678,21115.38206,1952,0.418641208,33223.67838,3290.071052,0.209320604,300,Domestic
Pagrus_pagrus-Mediterranean and Black Sea,Pagrus pagrus,Red porgy,Miscellaneous coastal fishes,Mediterranean and Black Sea,1.389225106,1.621881345,1.737163768,1.841343441,1.975239146,0.153800878,1.723806686,21115.38206,1953,0.418641208,33223.67838,3290.071052,0.209320604,300,Domestic
Pagrus_pagrus-Mediterranean and Black Sea,Pagrus pagrus,Red porgy,Miscellaneous coastal fishes,Mediterranean and Black Sea,1.484853201,1.677755738,1.785446837,1.872903284,1.979184053,0.133481789,1.76897134,21115.38206,1954,0.418641208,33223.67838,3290.071052,0.209320604,300,Domestic
Pagrus_pagrus-Mediterranean and Black Sea,Pagrus pagrus,Red porgy,Miscellaneous coastal fishes,Mediterranean and Black Sea,1.540184292,1.71838757,1.810067218,1.886113439,1.983088151,0.117191084,1.796481747,21115.38206,1955,0.418641208,33223.67838,3290.071052,0.209320604,300,Domestic
Pagrus_pagrus-Mediterranean and Black Sea,Pagrus pagrus,Red porgy,Miscellaneous coastal fishes,Mediterranean and Black Sea,1.574115929,1.752948502,1.829534597,1.897469957,1.984124537,0.10642348,1.817573556,21115.38206,1956,0.418641208,33223.67838,3290.071052,0.209320604,200,Domestic
Pagrus_pagrus-Mediterranean and Black Sea,Pagrus pagrus,Red porgy,Miscellaneous coastal fishes,Mediterranean and Black Sea,1.608499949,1.767177374,1.840963026,1.90671274,1.987137501,0.100624758,1.830174177,21115.38206,1957,0.418641208,33223.67838,3290.071052,0.209320604,200,Domestic
Pagrus_pagrus-Mediterranean and Black Sea,Pagrus pagrus,Red porgy,Miscellaneous coastal fishes,Mediterranean and Black Sea,1.600154255,1.753463039,1.831428762,1.89103198,1.982474846,0.099086658,1.818800888,21115.38206,1958,0.418641208,33223.67838,3290.071052,0.209320604,700,Domestic
Pagrus_pagrus-Mediterranean and Black Sea,Pagrus pagrus,Red porgy,Miscellaneous coastal fishes,Mediterranean and Black Sea,1.609726492,1.754293438,1.830602637,1.891866944,1.981756077,0.098152232,1.819929157,21115.38206,1959,0.418641208,33223.67838,3290.071052,0.209320604,600,Domestic
Pagrus_pagrus-Mediterranean and Black Sea,Pagrus pagrus,Red porgy,Miscellaneous coastal fishes,Mediterranean and Black Sea,1.617469918,1.770130728,1.842716524,1.909839766,1.986874187,0.098836108,1.833165739,21115.38206,1960,0.418641208,33223.67838,3290.071052,0.209320604,400,Domestic
Pagrus_pagrus-Mediterranean and Black Sea,Pagrus pagrus,Red porgy,Miscellaneous coastal fishes,Mediterranean and Black Sea,1.609388144,1.755162914,1.829925051,1.89505569,1.984828393,0.099151392,1.821504995,21115.38206,1961,0.418641208,33223.67838,3290.071052,0.209320604,800,Domestic
Pagrus_pagrus-Mediterranean and Black Sea,Pagrus pagrus,Red porgy,Miscellaneous coastal fishes,Mediterranean and Black Sea,1.547705862,1.689773505,1.762961351,1.831224377,1.95067858,0.103748117,1.759057088,21115.38206,1962,0.418641208,33223.67838,3290.071052,0.209320604,1800,Domestic
Pagrus_pagrus-Mediterranean and Black Sea,Pagrus pagrus,Red porgy,Miscellaneous coastal fishes,Mediterranean and Black Sea,1.558216255,1.708360861,1.780165964,1.853062598,1.964078721,0.105237981,1.77632026,21115.38206,1963,0.418641208,33223.67838,3290.071052,0.209320604,800,Domestic
Pagrus_pagrus-Mediterranean and Black Sea,Pagrus pagrus,Red porgy,Miscellaneous coastal fishes,Mediterranean and Black Sea,1.57673723,1.726353133,1.798821823,1.873164305,1.973698089,0.104393924,1.794019882,21115.38206,1964,0.418641208,33223.67838,3290.071052,0.209320604,700,Domestic
Pagrus_pagrus-Mediterranean and Black Sea,Pagrus pagrus,Red porgy,Miscellaneous coastal fishes,Mediterranean and Black Sea,1.586188041,1.73654168,1.809687205,1.877540777,1.976745065,0.102794439,1.802200106,21115.38206,1965,0.418641208,33223.67838,3290.071052,0.209320604,700,Domestic
Pagrus_pagrus-Mediterranean and Black Sea,Pagrus pagrus,Red porgy,Miscellaneous coastal fishes,Mediterranean and Black Sea,1.583930336,1.729399999,1.805413052,1.87415053,1.973619573,0.102580532,1.797483248,21115.38206,1966,0.418641208,33223.67838,3290.071052,0.209320604,900,Domestic
Pagrus_pagrus-Mediterranean and Black Sea,Pagrus pagrus,Red porgy,Miscellaneous coastal fishes,Mediterranean and Black Sea,1.573848649,1.725191447,1.802121678,1.872405055,1.975968931,0.105067861,1.796086744,21115.38206,1967,0.418641208,33223.67838,3290.071052,0.209320604,900,Domestic
Pagrus_pagrus-Mediterranean and Black Sea,Pagrus pagrus,Red porgy,Miscellaneous coastal fishes,Mediterranean and Black Sea,1.559555417,1.71661449,1.789745898,1.862964574,1.972944862,0.105847641,1.785904013,21115.38206,1968,0.418641208,33223.67838,3290.071052,0.209320604,1100,Domestic
Pagrus_pagrus-Mediterranean and Black Sea,Pagrus pagrus,Red porgy,Miscellaneous coastal fishes,Mediterranean and Black Sea,1.52184997,1.668999086,1.743816696,1.814787469,1.94087431,0.106853074,1.738917161,21115.38206,1969,0.418641208,33223.67838,3290.071052,0.209320604,1800,Domestic
Pagrus_pagrus-Mediterranean and Black Sea,Pagrus pagrus,Red porgy,Miscellaneous coastal fishes,Mediterranean and Black Sea,1.534739281,1.675889385,1.754911301,1.836642981,1.965424695,0.113374356,1.753960742,21115.38206,1970,0.418641208,33223.67838,3290.071052,0.209320604,1065,Domestic
Pagrus_pagrus-Mediterranean and Black Sea,Pagrus pagrus,Red porgy,Miscellaneous coastal fishes,Mediterranean and Black Sea,1.524431879,1.679902101,1.765812684,1.842810493,1.960753697,0.114844384,1.758409899,21115.38206,1971,0.418641208,33223.67838,3290.071052,0.209320604,1100,Domestic
Pagrus_pagrus-Mediterranean and Black Sea,Pagrus pagrus,Red porgy,Miscellaneous coastal fishes,Mediterranean and Black Sea,1.522127907,1.685323193,1.762357872,1.83653522,1.965407267,0.113010517,1.757139202,21115.38206,1972,0.418641208,33223.67838,3290.071052,0.209320604,1091,Domestic
Pagrus_pagrus-Mediterranean and Black Sea,Pagrus pagrus,Red porgy,Miscellaneous coastal fishes,Mediterranean and Black Sea,1.550941651,1.719787934,1.799119154,1.871099127,1.975260136,0.110466124,1.789869014,21115.38206,1973,0.418641208,33223.67838,3290.071052,0.209320604,611,Domestic
Pagrus_pagrus-Mediterranean and Black Sea,Pagrus pagrus,Red porgy,Miscellaneous coastal fishes,Mediterranean and Black Sea,1.555934934,1.721418902,1.794820297,1.868210516,1.976855404,0.110068905,1.787970207,21115.38206,1974,0.418641208,33223.67838,3290.071052,0.209320604,936,Domestic
Pagrus_pagrus-Mediterranean and Black Sea,Pagrus pagrus,Red porgy,Miscellaneous coastal fishes,Mediterranean and Black Sea,1.564766169,1.725621806,1.800810911,1.86993201,1.973169944,0.105494389,1.793101491,21115.38206,1975,0.418641208,33223.67838,3290.071052,0.209320604,813,Domestic
Pagrus_pagrus-Mediterranean and Black Sea,Pagrus pagrus,Red porgy,Miscellaneous coastal fishes,Mediterranean and Black Sea,1.588205162,1.737794854,1.817796514,1.883149194,1.984048895,0.103769678,1.807638442,21115.38206,1976,0.418641208,33223.67838,3290.071052,0.209320604,676,Domestic
Pagrus_pagrus-Mediterranean and Black Sea,Pagrus pagrus,Red porgy,Miscellaneous coastal fishes,Mediterranean and Black Sea,1.574506903,1.736292245,1.806852791,1.882105578,1.979110841,0.106008012,1.802386906,21115.38206,1977,0.418641208,33223.67838,3290.071052,0.209320604,994,Domestic
Pagrus_pagrus-Mediterranean and Black Sea,Pagrus pagrus,Red porgy,Miscellaneous coastal fishes,Mediterranean and Black Sea,1.500758518,1.633743124,1.705106691,1.781014872,1.914065711,0.1060639,1.706524796,21115.38206,1978,0.418641208,33223.67838,3290.071052,0.209320604,2634,Domestic
Pagrus_pagrus-Mediterranean and Black Sea,Pagrus pagrus,Red porgy,Miscellaneous coastal fishes,Mediterranean and Black Sea,1.479267834,1.631006272,1.703506176,1.783305578,1.916513992,0.111585929,1.704039138,21115.38206,1979,0.418641208,33223.67838,3290.071052,0.209320604,1673,Domestic
Pagrus_pagrus-Mediterranean and Black Sea,Pagrus pagrus,Red porgy,Miscellaneous coastal fishes,Mediterranean and Black Sea,1.483587418,1.633616272,1.71575495,1.796811272,1.934174693,0.114311974,1.715363032,21115.38206,1980,0.418641208,33223.67838,3290.071052,0.209320604,1391,Domestic
Pagrus_pagrus-Mediterranean and Black Sea,Pagrus pagrus,Red porgy,Miscellaneous coastal fishes,Mediterranean and Black Sea,1.473338538,1.639595719,1.717286071,1.793852507,1.935969624,0.115216911,1.715531769,21115.38206,1981,0.418641208,33223.67838,3290.071052,0.209320604,1437,Domestic
Pagrus_pagrus-Mediterranean and Black Sea,Pagrus pagrus,Red porgy,Miscellaneous coastal fishes,Mediterranean and Black Sea,1.510913559,1.670886538,1.752290337,1.834163087,1.95948702,0.11718987,1.748468542,21115.38206,1982,0.418641208,33223.67838,3290.071052,0.209320604,892,Domestic
Pagrus_pagrus-Mediterranean and Black Sea,Pagrus pagrus,Red porgy,Miscellaneous coastal fishes,Mediterranean and Black Sea,1.522280933,1.687524938,1.766513784,1.840271775,1.962964729,0.112795218,1.759863135,21115.38206,1983,0.418641208,33223.67838,3290.071052,0.209320604,1040,Domestic
Pagrus_pagrus-Mediterranean and Black Sea,Pagrus pagrus,Red porgy,Miscellaneous coastal fishes,Mediterranean and Black Sea,1.5235089,1.693605594,1.770560668,1.847339231,1.964577859,0.113855981,1.764869488,21115.38206,1984,0.418641208,33223.67838,3290.071052,0.209320604,1131,Domestic
Pagrus_pagrus-Mediterranean and Black Sea,Pagrus pagrus,Red porgy,Miscellaneous coastal fishes,Mediterranean and Black Sea,1.502970175,1.653977316,1.738401992,1.813120874,1.948951705,0.115120109,1.732689837,21115.38206,1985,0.418641208,33223.67838,3290.071052,0.209320604,1823,Domestic
Pagrus_pagrus-Mediterranean and Black Sea,Pagrus pagrus,Red porgy,Miscellaneous coastal fishes,Mediterranean and Black Sea,1.463407723,1.608872907,1.691115427,1.765037551,1.908282034,0.115075494,1.686405436,21115.38206,1986,0.418641208,33223.67838,3290.071052,0.209320604,2230,Domestic
Pagrus_pagrus-Mediterranean and Black Sea,Pagrus pagrus,Red porgy,Miscellaneous coastal fishes,Mediterranean and Black Sea,1.443472363,1.605475039,1.678920498,1.759661011,1.912791537,0.116575842,1.680015524,21115.38206,1987,0.418641208,33223.67838,3290.071052,0.209320604,1815,Domestic
Pagrus_pagrus-Mediterranean and Black Sea,Pagrus pagrus,Red porgy,Miscellaneous coastal fishes,Mediterranean and Black Sea,1.427994726,1.580155514,1.656649686,1.730729008,1.886017592,0.114339266,1.655004151,21115.38206,1988,0.418641208,33223.67838,3290.071052,0.209320604,2127,Domestic
Pagrus_pagrus-Mediterranean and Black Sea,Pagrus pagrus,Red porgy,Miscellaneous coastal fishes,Mediterranean and Black Sea,1.387992019,1.540070215,1.615410553,1.692385288,1.837805097,0.116060078,1.616424171,21115.38206,1989,0.418641208,33223.67838,3290.071052,0.209320604,2509,Domestic
Pagrus_pagrus-Mediterranean and Black Sea,Pagrus pagrus,Red porgy,Miscellaneous coastal fishes,Mediterranean and Black Sea,1.356501408,1.506204484,1.587362539,1.665515395,1.825111148,0.117955839,1.587108184,21115.38206,1990,0.418641208,33223.67838,3290.071052,0.209320604,2552,Domestic
Pagrus_pagrus-Mediterranean and Black Sea,Pagrus pagrus,Red porgy,Miscellaneous coastal fishes,Mediterranean and Black Sea,1.347514803,1.50627749,1.585372991,1.664759028,1.823581656,0.118972733,1.587182018,21115.38206,1991,0.418641208,33223.67838,3290.071052,0.209320604,2198,Domestic
Pagrus_pagrus-Mediterranean and Black Sea,Pagrus pagrus,Red porgy,Miscellaneous coastal fishes,Mediterranean and Black Sea,1.267313499,1.412165263,1.489471636,1.567822095,1.726387326,0.117829797,1.492219489,21115.38206,1992,0.418641208,33223.67838,3290.071052,0.209320604,3712,Domestic
Pagrus_pagrus-Mediterranean and Black Sea,Pagrus pagrus,Red porgy,Miscellaneous coastal fishes,Mediterranean and Black Sea,1.177991519,1.316709284,1.391124348,1.475157717,1.637748249,0.1179078,1.398342374,21115.38206,1993,0.418641208,33223.67838,3290.071052,0.209320604,4145,Domestic
Pagrus_pagrus-Mediterranean and Black Sea,Pagrus pagrus,Red porgy,Miscellaneous coastal fishes,Mediterranean and Black Sea,1.101673067,1.239954371,1.315408248,1.39878727,1.564176467,0.118455495,1.321680681,21115.38206,1994,0.418641208,33223.67838,3290.071052,0.209320604,4072,Domestic
Pagrus_pagrus-Mediterranean and Black Sea,Pagrus pagrus,Red porgy,Miscellaneous coastal fishes,Mediterranean and Black Sea,1.039225362,1.187490419,1.265703165,1.34966518,1.515931531,0.121621351,1.270229803,21115.38206,1995,0.418641208,33223.67838,3290.071052,0.209320604,3892,Domestic
Pagrus_pagrus-Mediterranean and Black Sea,Pagrus pagrus,Red porgy,Miscellaneous coastal fishes,Mediterranean and Black Sea,1.011919459,1.169190081,1.251594246,1.329649278,1.501091071,0.123891717,1.252233371,21115.38206,1996,0.418641208,33223.67838,3290.071052,0.209320604,3398,Domestic
Pagrus_pagrus-Mediterranean and Black Sea,Pagrus pagrus,Red porgy,Miscellaneous coastal fishes,Mediterranean and Black Sea,1.021540056,1.173495713,1.261891463,1.352087391,1.520123788,0.127966966,1.263508943,21115.38206,1997,0.418641208,33223.67838,3290.071052,0.209320604,2924,Domestic
Pagrus_pagrus-Mediterranean and Black Sea,Pagrus pagrus,Red porgy,Miscellaneous coastal fishes,Mediterranean and Black Sea,1.031354026,1.194459034,1.282262311,1.379405176,1.558348872,0.135981398,1.288271198,21115.38206,1998,0.418641208,33223.67838,3290.071052,0.209320604,2740,Domestic
Pagrus_pagrus-Mediterranean and Black Sea,Pagrus pagrus,Red porgy,Miscellaneous coastal fishes,Mediterranean and Black Sea,0.960958129,1.116523092,1.206203196,1.299958023,1.470932489,0.132379529,1.208591775,21115.38206,1999,0.418641208,33223.67838,3290.071052,0.209320604,4338,Domestic
Pagrus_pagrus-Mediterranean and Black Sea,Pagrus pagrus,Red porgy,Miscellaneous coastal fishes,Mediterranean and Black Sea,0.944908858,1.102400788,1.198190915,1.290575874,1.470643515,0.137434656,1.198114233,21115.38206,2000,0.418641208,33223.67838,3290.071052,0.209320604,3368,Domestic
Pagrus_pagrus-Mediterranean and Black Sea,Pagrus pagrus,Red porgy,Miscellaneous coastal fishes,Mediterranean and Black Sea,1.004848432,1.181214658,1.28452216,1.395113502,1.588381067,0.152515953,1.289660447,21115.38206,2001,0.418641208,33223.67838,3290.071052,0.209320604,1741,Domestic
Pagrus_pagrus-Mediterranean and Black Sea,Pagrus pagrus,Red porgy,Miscellaneous coastal fishes,Mediterranean and Black Sea,1.033607363,1.209817161,1.319592435,1.432622148,1.630249106,0.157241467,1.323067141,21115.38206,2002,0.418641208,33223.67838,3290.071052,0.209320604,2453,Domestic
Pagrus_pagrus-Mediterranean and Black Sea,Pagrus pagrus,Red porgy,Miscellaneous coastal fishes,Mediterranean and Black Sea,1.067908061,1.250714843,1.362152737,1.476770068,1.669346144,0.156870183,1.365056982,21115.38206,2003,0.418641208,33223.67838,3290.071052,0.209320604,2269,Domestic
Pagrus_pagrus-Mediterranean and Black Sea,Pagrus pagrus,Red porgy,Miscellaneous coastal fishes,Mediterranean and Black Sea,1.098814711,1.281508047,1.394219776,1.502253754,1.688881844,0.153156022,1.393546057,21115.38206,2004,0.418641208,33223.67838,3290.071052,0.209320604,2387,Domestic
Pagrus_pagrus-Mediterranean and Black Sea,Pagrus pagrus,Red porgy,Miscellaneous coastal fishes,Mediterranean and Black Sea,1.109415404,1.273551475,1.372645445,1.468486458,1.635293711,0.137376172,1.371973705,21115.38206,2005,0.418641208,33223.67838,3290.071052,0.209320604,3090,Domestic
Pagrus_pagrus-Mediterranean and Black Sea,Pagrus pagrus,Red porgy,Miscellaneous coastal fishes,Mediterranean and Black Sea,1.062715505,1.207705494,1.293828752,1.374824494,1.514044189,0.119845594,1.290752673,21115.38206,2006,0.418641208,33223.67838,3290.071052,0.209320604,4168,Domestic
Pagrus_pagrus-Mediterranean and Black Sea,Pagrus pagrus,Red porgy,Miscellaneous coastal fishes,Mediterranean and Black Sea,0.992624252,1.132808976,1.215345432,1.289459911,1.42333569,0.111523534,1.212384346,21115.38206,2007,0.418641208,33223.67838,3290.071052,0.209320604,4312,Domestic
Pagrus_pagrus-Mediterranean and Black Sea,Pagrus pagrus,Red porgy,Miscellaneous coastal fishes,Mediterranean and Black Sea,0.911124075,1.035060665,1.103700422,1.17201529,1.308053978,0.100346606,1.106075125,21115.38206,2008,0.418641208,33223.67838,3290.071052,0.209320604,4872,Domestic
Pagrus_pagrus-Mediterranean and Black Sea,Pagrus pagrus,Red porgy,Miscellaneous coastal fishes,Mediterranean and Black Sea,0.820642491,0.937110744,1.003163376,1.067711919,1.204573521,0.095581984,1.004050539,21115.38206,2009,0.418641208,33223.67838,3290.071052,0.209320604,4925,Domestic
Pagrus_pagrus-Mediterranean and Black Sea,Pagrus pagrus,Red porgy,Miscellaneous coastal fishes,Mediterranean and Black Sea,0.713757279,0.819401213,0.883748646,0.945594201,1.076081416,0.092384935,0.884882114,21115.38206,2010,0.418641208,33223.67838,3290.071052,0.209320604,5199,Domestic
Pagrus_pagrus-Mediterranean and Black Sea,Pagrus pagrus,Red porgy,Miscellaneous coastal fishes,Mediterranean and Black Sea,0.540800165,0.62842797,0.691445239,0.764372471,0.894038901,0.09359902,0.69934517,21115.38206,2011,0.418641208,33223.67838,3290.071052,0.209320604,6242,Domestic
Pagrus_pagrus-Mediterranean and Black Sea,Pagrus pagrus,Red porgy,Miscellaneous coastal fishes,Mediterranean and Black Sea,0.410627206,0.495577076,0.570671222,0.657234014,0.78998648,0.104142881,0.579481528,21115.38206,2012,0.418641208,33223.67838,3290.071052,0.209320604,4890,Domestic
Pagrus_pagrus-Mediterranean and Black Sea,Pagrus pagrus,Red porgy,Miscellaneous coastal fishes,Mediterranean and Black Sea,0.32049477,0.41450114,0.506365555,0.610260611,0.750095831,0.122072875,0.515065576,21115.38206,2013,0.418641208,33223.67838,3290.071052,0.209320604,3708,Domestic
Pagrus_pagrus-Mediterranean and Black Sea,Pagrus pagrus,Red porgy,Miscellaneous coastal fishes,Mediterranean and Black Sea,0.23833421,0.352319839,0.474749247,0.596284043,0.750499474,0.147430315,0.477547877,21115.38206,2014,0.418641208,33223.67838,3290.071052,0.209320604,3084,Domestic
Pagrus_pagrus-Mediterranean and Black Sea,Pagrus pagrus,Red porgy,Miscellaneous coastal fishes,Mediterranean and Black Sea,0.16190429,0.30998029,0.467587907,0.61448212,0.772157234,0.180700671,0.462764063,21115.38206,2015,0.418641208,33223.67838,3290.071052,0.209320604,2576,Domestic
Pagrus_pagrus-Mediterranean and Black Sea,Pagrus pagrus,Red porgy,Miscellaneous coastal fishes,Mediterranean and Black Sea,0.041738474,0.239815376,0.438293332,0.624002733,0.782552673,0.222933235,0.427472809,21115.38206,2016,0.418641208,33223.67838,3290.071052,0.209320604,2809,Domestic
Panopea_generosa-Pacific_Northeast,Panopea generosa,Pacific geoduck,"Clams, cockles, arkshells",Pacific Northeast,1.060777904,1.257214518,1.40488128,1.593546603,1.914234288,0.229348908,1.433588562,24898.25227,1971,0.654740154,43512.50154,6464.083509,0.327370077,300,Domestic
Panopea_generosa-Pacific_Northeast,Panopea generosa,Pacific geoduck,"Clams, cockles, arkshells",Pacific Northeast,1.226362434,1.483131895,1.654988913,1.818807102,1.975854876,0.211509739,1.642446309,24898.25227,1972,0.654740154,43512.50154,6464.083509,0.327370077,200,Domestic
Panopea_generosa-Pacific_Northeast,Panopea generosa,Pacific geoduck,"Clams, cockles, arkshells",Pacific Northeast,1.370156077,1.651220136,1.796788657,1.897574287,1.988654634,0.170718835,1.760301948,24898.25227,1973,0.654740154,43512.50154,6464.083509,0.327370077,200,Domestic
Panopea_generosa-Pacific_Northeast,Panopea generosa,Pacific geoduck,"Clams, cockles, arkshells",Pacific Northeast,1.487662892,1.748503505,1.849364617,1.921824406,1.990237287,0.134082178,1.819506202,24898.25227,1974,0.654740154,43512.50154,6464.083509,0.327370077,364,Domestic
Panopea_generosa-Pacific_Northeast,Panopea generosa,Pacific geoduck,"Clams, cockles, arkshells",Pacific Northeast,1.556154231,1.770111641,1.850785619,1.91529372,1.989532559,0.112465613,1.831836661,24898.25227,1975,0.654740154,43512.50154,6464.083509,0.327370077,1076,Domestic
Panopea_generosa-Pacific_Northeast,Panopea generosa,Pacific geoduck,"Clams, cockles, arkshells",Pacific Northeast,1.552906508,1.727035023,1.799822546,1.867529364,1.971348276,0.106031591,1.791277055,24898.25227,1976,0.654740154,43512.50154,6464.083509,0.327370077,2444,Domestic
Panopea_generosa-Pacific_Northeast,Panopea generosa,Pacific geoduck,"Clams, cockles, arkshells",Pacific Northeast,1.49172193,1.633994181,1.703090769,1.77506606,1.909656101,0.106125133,1.703346499,24898.25227,1977,0.654740154,43512.50154,6464.083509,0.327370077,4013,Domestic
Panopea_generosa-Pacific_Northeast,Panopea generosa,Pacific geoduck,"Clams, cockles, arkshells",Pacific Northeast,1.474948061,1.618050272,1.689763283,1.763272523,1.899467112,0.108472689,1.689505065,24898.25227,1978,0.654740154,43512.50154,6464.083509,0.327370077,3480,Domestic
Panopea_generosa-Pacific_Northeast,Panopea generosa,Pacific geoduck,"Clams, cockles, arkshells",Pacific Northeast,1.485992006,1.641789968,1.716897828,1.790510473,1.926641621,0.111936215,1.71401201,24898.25227,1979,0.654740154,43512.50154,6464.083509,0.327370077,2792,Domestic
Panopea_generosa-Pacific_Northeast,Panopea generosa,Pacific geoduck,"Clams, cockles, arkshells",Pacific Northeast,1.486867223,1.65372622,1.729346016,1.80344818,1.934701827,0.11274356,1.725648138,24898.25227,1982,0.654740154,43512.50154,6464.083509,0.327370077,2775,Domestic
Panopea_generosa-Pacific_Northeast,Panopea generosa,Pacific geoduck,"Clams, cockles, arkshells",Pacific Northeast,1.495608163,1.663577354,1.740741247,1.813049392,1.944912942,0.113110309,1.735004674,24898.25227,1983,0.654740154,43512.50154,6464.083509,0.327370077,2717,Domestic
Panopea_generosa-Pacific_Northeast,Panopea generosa,Pacific geoduck,"Clams, cockles, arkshells",Pacific Northeast,1.470747424,1.628346252,1.701724051,1.775379347,1.915229746,0.111664855,1.70041728,24898.25227,1984,0.654740154,43512.50154,6464.083509,0.327370077,3483,Domestic
Panopea_generosa-Pacific_Northeast,Panopea generosa,Pacific geoduck,"Clams, cockles, arkshells",Pacific Northeast,1.381138334,1.525357204,1.600265289,1.676418281,1.833877891,0.114001337,1.601695108,24898.25227,1985,0.654740154,43512.50154,6464.083509,0.327370077,5167,Domestic
Panopea_generosa-Pacific_Northeast,Panopea generosa,Pacific geoduck,"Clams, cockles, arkshells",Pacific Northeast,1.325516165,1.476491215,1.554205483,1.634147275,1.791977339,0.118456705,1.555890883,24898.25227,1986,0.654740154,43512.50154,6464.083509,0.327370077,5006,Domestic
Panopea_generosa-Pacific_Northeast,Panopea generosa,Pacific geoduck,"Clams, cockles, arkshells",Pacific Northeast,1.250837629,1.409120235,1.489155011,1.572430522,1.741673404,0.124262119,1.491033015,24898.25227,1987,0.654740154,43512.50154,6464.083509,0.327370077,5734,Domestic
Panopea_generosa-Pacific_Northeast,Panopea generosa,Pacific geoduck,"Clams, cockles, arkshells",Pacific Northeast,1.248078511,1.422788278,1.509185406,1.594473373,1.757034875,0.130320596,1.507581673,24898.25227,1988,0.654740154,43512.50154,6464.083509,0.327370077,4567,Domestic
Panopea_generosa-Pacific_Northeast,Panopea generosa,Pacific geoduck,"Clams, cockles, arkshells",Pacific Northeast,1.259685885,1.45859486,1.552083708,1.638147809,1.794897677,0.135781924,1.545380442,24898.25227,1989,0.654740154,43512.50154,6464.083509,0.327370077,3964,Domestic
Panopea_generosa-Pacific_Northeast,Panopea generosa,Pacific geoduck,"Clams, cockles, arkshells",Pacific Northeast,1.268386286,1.478409123,1.572854126,1.658278259,1.813741885,0.137367941,1.56424373,24898.25227,1990,0.654740154,43512.50154,6464.083509,0.327370077,3992,Domestic
Panopea_generosa-Pacific_Northeast,Panopea generosa,Pacific geoduck,"Clams, cockles, arkshells",Pacific Northeast,1.30229777,1.52644258,1.620801375,1.706888217,1.861835848,0.140135298,1.610831115,24898.25227,1991,0.654740154,43512.50154,6464.083509,0.327370077,3298,Domestic
Panopea_generosa-Pacific_Northeast,Panopea generosa,Pacific geoduck,"Clams, cockles, arkshells",Pacific Northeast,1.34310727,1.573479718,1.669217612,1.753699056,1.899962127,0.139847693,1.656786211,24898.25227,1992,0.654740154,43512.50154,6464.083509,0.327370077,2874,Domestic
Panopea_generosa-Pacific_Northeast,Panopea generosa,Pacific geoduck,"Clams, cockles, arkshells",Pacific Northeast,1.391585631,1.622457145,1.715492992,1.797697469,1.936111952,0.136837825,1.702389049,24898.25227,1993,0.654740154,43512.50154,6464.083509,0.327370077,2455,Domestic
Panopea_generosa-Pacific_Northeast,Panopea generosa,Pacific geoduck,"Clams, cockles, arkshells",Pacific Northeast,1.441509423,1.659978136,1.748371748,1.827569462,1.95272732,0.129269718,1.736214499,24898.25227,1994,0.654740154,43512.50154,6464.083509,0.327370077,2235,Domestic
Panopea_generosa-Pacific_Northeast,Panopea generosa,Pacific geoduck,"Clams, cockles, arkshells",Pacific Northeast,1.487037621,1.690771532,1.774815301,1.850707146,1.964253591,0.1218276,1.762965084,24898.25227,1995,0.654740154,43512.50154,6464.083509,0.327370077,2056,Domestic
Panopea_generosa-Pacific_Northeast,Panopea generosa,Pacific geoduck,"Clams, cockles, arkshells",Pacific Northeast,1.53073999,1.721176588,1.80279418,1.874014581,1.976629236,0.114523659,1.790776573,24898.25227,1996,0.654740154,43512.50154,6464.083509,0.327370077,1768,Domestic
Panopea_generosa-Pacific_Northeast,Panopea generosa,Pacific geoduck,"Clams, cockles, arkshells",Pacific Northeast,1.491890433,1.644427326,1.715648915,1.787891353,1.922979159,0.109098007,1.713998495,24898.25227,1997,0.654740154,43512.50154,6464.083509,0.327370077,3719,Domestic
Panopea_generosa-Pacific_Northeast,Panopea generosa,Pacific geoduck,"Clams, cockles, arkshells",Pacific Northeast,1.450618132,1.596753345,1.668409115,1.742846922,1.886712418,0.110171835,1.66896066,24898.25227,1998,0.654740154,43512.50154,6464.083509,0.327370077,4027,Domestic
Panopea_generosa-Pacific_Northeast,Panopea generosa,Pacific geoduck,"Clams, cockles, arkshells",Pacific Northeast,1.421204393,1.567326484,1.640012935,1.714170382,1.861998505,0.11171435,1.640870389,24898.25227,1999,0.654740154,43512.50154,6464.083509,0.327370077,4139,Domestic
Panopea_generosa-Pacific_Northeast,Panopea generosa,Pacific geoduck,"Clams, cockles, arkshells",Pacific Northeast,1.417913172,1.566257213,1.640398018,1.716209657,1.865797025,0.112717598,1.640526291,24898.25227,2000,0.654740154,43512.50154,6464.083509,0.327370077,3821,Domestic
Panopea_generosa-Pacific_Northeast,Panopea generosa,Pacific geoduck,"Clams, cockles, arkshells",Pacific Northeast,1.408853565,1.560156174,1.636408376,1.712835693,1.862566858,0.114033156,1.636231171,24898.25227,2001,0.654740154,43512.50154,6464.083509,0.327370077,3894,Domestic
Panopea_generosa-Pacific_Northeast,Panopea generosa,Pacific geoduck,"Clams, cockles, arkshells",Pacific Northeast,1.368097768,1.513181772,1.587344979,1.663441337,1.816826722,0.113576753,1.588553537,24898.25227,2002,0.654740154,43512.50154,6464.083509,0.327370077,4767,Domestic
Panopea_generosa-Pacific_Northeast,Panopea generosa,Pacific geoduck,"Clams, cockles, arkshells",Pacific Northeast,1.323051281,1.458939359,1.535015129,1.613945114,1.769562958,0.11425765,1.537740836,24898.25227,2003,0.654740154,43512.50154,6464.083509,0.327370077,5262,Domestic
Panopea_generosa-Pacific_Northeast,Panopea generosa,Pacific geoduck,"Clams, cockles, arkshells",Pacific Northeast,1.249233008,1.382943479,1.460459966,1.54381273,1.713429381,0.11857515,1.465877843,24898.25227,2004,0.654740154,43512.50154,6464.083509,0.327370077,6079,Domestic
Panopea_generosa-Pacific_Northeast,Panopea generosa,Pacific geoduck,"Clams, cockles, arkshells",Pacific Northeast,1.202068342,1.334786544,1.413462222,1.499038367,1.674866619,0.121457539,1.420029365,24898.25227,2005,0.654740154,43512.50154,6464.083509,0.327370077,6053,Domestic
Panopea_generosa-Pacific_Northeast,Panopea generosa,Pacific geoduck,"Clams, cockles, arkshells",Pacific Northeast,1.144799783,1.277828291,1.359131129,1.451691203,1.633503002,0.126402344,1.367935717,24898.25227,2006,0.654740154,43512.50154,6464.083509,0.327370077,6437,Domestic
Panopea_generosa-Pacific_Northeast,Panopea generosa,Pacific geoduck,"Clams, cockles, arkshells",Pacific Northeast,1.116055117,1.248672807,1.333559992,1.43038967,1.614189648,0.12976179,1.343178997,24898.25227,2007,0.654740154,43512.50154,6464.083509,0.327370077,6141,Domestic
Panopea_generosa-Pacific_Northeast,Panopea generosa,Pacific geoduck,"Clams, cockles, arkshells",Pacific Northeast,1.012530585,1.137582257,1.228291368,1.33445364,1.531717703,0.138028073,1.241211756,24898.25227,2008,0.654740154,43512.50154,6464.083509,0.327370077,7744,Domestic
Panopea_generosa-Pacific_Northeast,Panopea generosa,Pacific geoduck,"Clams, cockles, arkshells",Pacific Northeast,0.806842244,0.951801527,1.061616185,1.188186115,1.414401434,0.162526333,1.076384839,24898.25227,2009,0.654740154,43512.50154,6464.083509,0.327370077,9349,Domestic
Panopea_generosa-Pacific_Northeast,Panopea generosa,Pacific geoduck,"Clams, cockles, arkshells",Pacific Northeast,0.776012065,0.936046596,1.061045003,1.2002839,1.436550857,0.178148877,1.074383995,24898.25227,2010,0.654740154,43512.50154,6464.083509,0.327370077,6370,Domestic
Panopea_generosa-Pacific_Northeast,Panopea generosa,Pacific geoduck,"Clams, cockles, arkshells",Pacific Northeast,0.75868779,0.929600401,1.074924903,1.228229756,1.46813734,0.194691131,1.084513476,24898.25227,2011,0.654740154,43512.50154,6464.083509,0.327370077,6069,Domestic
Panopea_generosa-Pacific_Northeast,Panopea generosa,Pacific geoduck,"Clams, cockles, arkshells",Pacific Northeast,0.772502147,0.948000618,1.119329345,1.27959131,1.517552359,0.208299704,1.120615624,24898.25227,2012,0.654740154,43512.50154,6464.083509,0.327370077,5463,Domestic
Panopea_generosa-Pacific_Northeast,Panopea generosa,Pacific geoduck,"Clams, cockles, arkshells",Pacific Northeast,0.760022285,0.949437109,1.142836802,1.302969267,1.526260318,0.218070916,1.132526514,24898.25227,2013,0.654740154,43512.50154,6464.083509,0.327370077,5813,Domestic
Panopea_generosa-Pacific_Northeast,Panopea generosa,Pacific geoduck,"Clams, cockles, arkshells",Pacific Northeast,0.710139533,0.917822727,1.133603732,1.290849362,1.485573286,0.224996264,1.108687068,24898.25227,2014,0.654740154,43512.50154,6464.083509,0.327370077,6415,Domestic
Panopea_generosa-Pacific_Northeast,Panopea generosa,Pacific geoduck,"Clams, cockles, arkshells",Pacific Northeast,0.672811565,0.912010369,1.151549981,1.298931718,1.466572411,0.233688004,1.107603636,24898.25227,2015,0.654740154,43512.50154,6464.083509,0.327370077,5908,Domestic
Panopea_generosa-Pacific_Northeast,Panopea generosa,Pacific geoduck,"Clams, cockles, arkshells",Pacific Northeast,0.628270562,0.912387236,1.171449135,1.313487016,1.392628309,0.238752398,1.103992034,24898.25227,2016,0.654740154,43512.50154,6464.083509,0.327370077,5818,Domestic
Panulirus_argus-Atlantic_Southwest,Panulirus argus,Caribbean spiny lobster,"Lobsters, spiny-rock lobsters",Atlantic Southwest,1.030741322,1.22503355,1.377193082,1.566299653,1.884904667,0.230966906,1.405304643,44730.93806,1950,0.460445792,73568.51132,7850.619275,0.230222896,500,CBA
Panulirus_argus-Atlantic_Southwest,Panulirus argus,Caribbean spiny lobster,"Lobsters, spiny-rock lobsters",Atlantic Southwest,1.15897386,1.387761053,1.547773847,1.716356359,1.934433921,0.211110726,1.550800085,44730.93806,1951,0.460445792,73568.51132,7850.619275,0.230222896,600,CBA
Panulirus_argus-Atlantic_Southwest,Panulirus argus,Caribbean spiny lobster,"Lobsters, spiny-rock lobsters",Atlantic Southwest,1.284366065,1.52674138,1.67540387,1.804458605,1.960304055,0.18686352,1.657491048,44730.93806,1952,0.460445792,73568.51132,7850.619275,0.230222896,500,CBA
Panulirus_argus-Atlantic_Southwest,Panulirus argus,Caribbean spiny lobster,"Lobsters, spiny-rock lobsters",Atlantic Southwest,1.384476049,1.626183572,1.751548887,1.85730191,1.977013357,0.160022339,1.73116368,44730.93806,1953,0.460445792,73568.51132,7850.619275,0.230222896,500,CBA
Panulirus_argus-Atlantic_Southwest,Panulirus argus,Caribbean spiny lobster,"Lobsters, spiny-rock lobsters",Atlantic Southwest,1.467705999,1.695191986,1.799379293,1.885221577,1.983519863,0.136781412,1.779876812,44730.93806,1954,0.460445792,73568.51132,7850.619275,0.230222896,500,CBA
Panulirus_argus-Atlantic_Southwest,Panulirus argus,Caribbean spiny lobster,"Lobsters, spiny-rock lobsters",Atlantic Southwest,1.536004576,1.7375412,1.825931354,1.89883315,1.985242951,0.11826298,1.809519999,44730.93806,1955,0.460445792,73568.51132,7850.619275,0.230222896,500,CBA
Panulirus_argus-Atlantic_Southwest,Panulirus argus,Caribbean spiny lobster,"Lobsters, spiny-rock lobsters",Atlantic Southwest,1.585618354,1.766964222,1.84460957,1.909604482,1.986379172,0.106412182,1.829453991,44730.93806,1956,0.460445792,73568.51132,7850.619275,0.230222896,500,CBA
Panulirus_argus-Atlantic_Southwest,Panulirus argus,Caribbean spiny lobster,"Lobsters, spiny-rock lobsters",Atlantic Southwest,1.610464736,1.767615035,1.841322355,1.907274924,1.984449951,0.098485597,1.831412337,44730.93806,1957,0.460445792,73568.51132,7850.619275,0.230222896,1000,CBA
Panulirus_argus-Atlantic_Southwest,Panulirus argus,Caribbean spiny lobster,"Lobsters, spiny-rock lobsters",Atlantic Southwest,1.625814172,1.77462194,1.845396194,1.907480976,1.985795481,0.095161213,1.835441795,44730.93806,1958,0.460445792,73568.51132,7850.619275,0.230222896,1000,CBA
Panulirus_argus-Atlantic_Southwest,Panulirus argus,Caribbean spiny lobster,"Lobsters, spiny-rock lobsters",Atlantic Southwest,1.64168228,1.786070612,1.85595995,1.916484517,1.989883428,0.092968394,1.845673099,44730.93806,1959,0.460445792,73568.51132,7850.619275,0.230222896,1000,CBA
Panulirus_argus-Atlantic_Southwest,Panulirus argus,Caribbean spiny lobster,"Lobsters, spiny-rock lobsters",Atlantic Southwest,1.605392593,1.744843095,1.813927588,1.881446732,1.979260858,0.096502564,1.809813629,44730.93806,1960,0.460445792,73568.51132,7850.619275,0.230222896,2900,CBA
Panulirus_argus-Atlantic_Southwest,Panulirus argus,Caribbean spiny lobster,"Lobsters, spiny-rock lobsters",Atlantic Southwest,1.572668375,1.720331678,1.792700998,1.862581443,1.970439194,0.102004896,1.788686963,44730.93806,1961,0.460445792,73568.51132,7850.619275,0.230222896,3000,CBA
Panulirus_argus-Atlantic_Southwest,Panulirus argus,Caribbean spiny lobster,"Lobsters, spiny-rock lobsters",Atlantic Southwest,1.53162591,1.669651438,1.74263224,1.816284687,1.940442513,0.106028825,1.741538371,44730.93806,1962,0.460445792,73568.51132,7850.619275,0.230222896,4300,CBA
Panulirus_argus-Atlantic_Southwest,Panulirus argus,Caribbean spiny lobster,"Lobsters, spiny-rock lobsters",Atlantic Southwest,1.528263283,1.675514896,1.74988272,1.821315006,1.950049143,0.107257479,1.747465875,44730.93806,1963,0.460445792,73568.51132,7850.619275,0.230222896,3000,CBA
Panulirus_argus-Atlantic_Southwest,Panulirus argus,Caribbean spiny lobster,"Lobsters, spiny-rock lobsters",Atlantic Southwest,1.52608126,1.670347417,1.744130195,1.818701824,1.946997338,0.108470668,1.742600739,44730.93806,1964,0.460445792,73568.51132,7850.619275,0.230222896,3300,CBA
Panulirus_argus-Atlantic_Southwest,Panulirus argus,Caribbean spiny lobster,"Lobsters, spiny-rock lobsters",Atlantic Southwest,1.517935313,1.667762856,1.739215243,1.814907634,1.942882196,0.107911691,1.738767978,44730.93806,1965,0.460445792,73568.51132,7850.619275,0.230222896,3400,CBA
Panulirus_argus-Atlantic_Southwest,Panulirus argus,Caribbean spiny lobster,"Lobsters, spiny-rock lobsters",Atlantic Southwest,1.529875059,1.679165471,1.756946973,1.828051791,1.949964925,0.108765766,1.751388028,44730.93806,1966,0.460445792,73568.51132,7850.619275,0.230222896,2800,CBA
Panulirus_argus-Atlantic_Southwest,Panulirus argus,Caribbean spiny lobster,"Lobsters, spiny-rock lobsters",Atlantic Southwest,1.54135463,1.695177921,1.77295244,1.847730289,1.964917348,0.109871721,1.768134965,44730.93806,1967,0.460445792,73568.51132,7850.619275,0.230222896,2500,CBA
Panulirus_argus-Atlantic_Southwest,Panulirus argus,Caribbean spiny lobster,"Lobsters, spiny-rock lobsters",Atlantic Southwest,1.538289973,1.688924957,1.764728982,1.840086441,1.960011924,0.109375719,1.761355289,44730.93806,1968,0.460445792,73568.51132,7850.619275,0.230222896,3200,CBA
Panulirus_argus-Atlantic_Southwest,Panulirus argus,Caribbean spiny lobster,"Lobsters, spiny-rock lobsters",Atlantic Southwest,1.451265317,1.594503304,1.670051626,1.747338725,1.897419199,0.112994712,1.67131005,44730.93806,1969,0.460445792,73568.51132,7850.619275,0.230222896,6300,CBA
Panulirus_argus-Atlantic_Southwest,Panulirus argus,Caribbean spiny lobster,"Lobsters, spiny-rock lobsters",Atlantic Southwest,1.378945262,1.518331636,1.597191761,1.678149427,1.836458011,0.118002482,1.600080006,44730.93806,1970,0.460445792,73568.51132,7850.619275,0.230222896,6800,CBA
Panulirus_argus-Atlantic_Southwest,Panulirus argus,Caribbean spiny lobster,"Lobsters, spiny-rock lobsters",Atlantic Southwest,1.355427898,1.495925271,1.578444874,1.661866782,1.825022526,0.121766667,1.580607971,44730.93806,1971,0.460445792,73568.51132,7850.619275,0.230222896,5800,CBA
Panulirus_argus-Atlantic_Southwest,Panulirus argus,Caribbean spiny lobster,"Lobsters, spiny-rock lobsters",Atlantic Southwest,1.298300559,1.444898685,1.528227336,1.616523058,1.788728871,0.126092185,1.532468759,44730.93806,1972,0.460445792,73568.51132,7850.619275,0.230222896,6900,CBA
Panulirus_argus-Atlantic_Southwest,Panulirus argus,Caribbean spiny lobster,"Lobsters, spiny-rock lobsters",Atlantic Southwest,1.26884782,1.42658602,1.506765934,1.595676309,1.773525455,0.127357094,1.51179712,44730.93806,1973,0.460445792,73568.51132,7850.619275,0.230222896,6400,CBA
Panulirus_argus-Atlantic_Southwest,Panulirus argus,Caribbean spiny lobster,"Lobsters, spiny-rock lobsters",Atlantic Southwest,1.206151416,1.359375859,1.44882372,1.538880574,1.715691581,0.13110314,1.451997624,44730.93806,1974,0.460445792,73568.51132,7850.619275,0.230222896,7859,CBA
Panulirus_argus-Atlantic_Southwest,Panulirus argus,Caribbean spiny lobster,"Lobsters, spiny-rock lobsters",Atlantic Southwest,1.224195162,1.381535317,1.46961337,1.558166889,1.739358828,0.132997835,1.472107617,44730.93806,1975,0.460445792,73568.51132,7850.619275,0.230222896,5606,CBA
Panulirus_argus-Atlantic_Southwest,Panulirus argus,Caribbean spiny lobster,"Lobsters, spiny-rock lobsters",Atlantic Southwest,1.277211396,1.45515844,1.542813167,1.633178272,1.8059112,0.133492432,1.543057822,44730.93806,1976,0.460445792,73568.51132,7850.619275,0.230222896,3583,CBA
Panulirus_argus-Atlantic_Southwest,Panulirus argus,Caribbean spiny lobster,"Lobsters, spiny-rock lobsters",Atlantic Southwest,1.288267457,1.461814323,1.547995264,1.639166933,1.803566579,0.131715067,1.548330918,44730.93806,1977,0.460445792,73568.51132,7850.619275,0.230222896,5268,CBA
Panulirus_argus-Atlantic_Southwest,Panulirus argus,Caribbean spiny lobster,"Lobsters, spiny-rock lobsters",Atlantic Southwest,1.265337056,1.435587865,1.521362944,1.609706303,1.782852454,0.130191906,1.522968371,44730.93806,1978,0.460445792,73568.51132,7850.619275,0.230222896,6268,CBA
Panulirus_argus-Atlantic_Southwest,Panulirus argus,Caribbean spiny lobster,"Lobsters, spiny-rock lobsters",Atlantic Southwest,1.209730812,1.371760889,1.458537757,1.545096404,1.721264541,0.130843917,1.460441325,44730.93806,1979,0.460445792,73568.51132,7850.619275,0.230222896,7826,CBA
Panulirus_argus-Atlantic_Southwest,Panulirus argus,Caribbean spiny lobster,"Lobsters, spiny-rock lobsters",Atlantic Southwest,1.210540581,1.37099007,1.45813564,1.54825908,1.726538003,0.131811778,1.46121766,44730.93806,1980,0.460445792,73568.51132,7850.619275,0.230222896,6218,CBA
Panulirus_argus-Atlantic_Southwest,Panulirus argus,Caribbean spiny lobster,"Lobsters, spiny-rock lobsters",Atlantic Southwest,1.181572366,1.336390057,1.425299234,1.515628204,1.69919725,0.134100513,1.42933213,44730.93806,1981,0.460445792,73568.51132,7850.619275,0.230222896,7331,CBA
Panulirus_argus-Atlantic_Southwest,Panulirus argus,Caribbean spiny lobster,"Lobsters, spiny-rock lobsters",Atlantic Southwest,1.1438796,1.306915931,1.394097869,1.488548332,1.67038167,0.134306872,1.400270622,44730.93806,1982,0.460445792,73568.51132,7850.619275,0.230222896,7426,CBA
Panulirus_argus-Atlantic_Southwest,Panulirus argus,Caribbean spiny lobster,"Lobsters, spiny-rock lobsters",Atlantic Southwest,1.211727768,1.382045431,1.474683129,1.565679964,1.743825092,0.13664097,1.47422445,44730.93806,1983,0.460445792,73568.51132,7850.619275,0.230222896,4057,CBA
Panulirus_argus-Atlantic_Southwest,Panulirus argus,Caribbean spiny lobster,"Lobsters, spiny-rock lobsters",Atlantic Southwest,1.161572013,1.317005368,1.408349258,1.499459066,1.685646796,0.135029592,1.410919416,44730.93806,1984,0.460445792,73568.51132,7850.619275,0.230222896,8189,CBA
Panulirus_argus-Atlantic_Southwest,Panulirus argus,Caribbean spiny lobster,"Lobsters, spiny-rock lobsters",Atlantic Southwest,1.144425377,1.307616248,1.395960579,1.489198474,1.676467163,0.135349208,1.400724859,44730.93806,1985,0.460445792,73568.51132,7850.619275,0.230222896,6929,CBA
Panulirus_argus-Atlantic_Southwest,Panulirus argus,Caribbean spiny lobster,"Lobsters, spiny-rock lobsters",Atlantic Southwest,1.156108257,1.325870092,1.413011308,1.509131664,1.685886143,0.134806357,1.417157649,44730.93806,1986,0.460445792,73568.51132,7850.619275,0.230222896,6176,CBA
Panulirus_argus-Atlantic_Southwest,Panulirus argus,Caribbean spiny lobster,"Lobsters, spiny-rock lobsters",Atlantic Southwest,1.158229109,1.316982968,1.405102895,1.494389325,1.675420931,0.133526414,1.407925792,44730.93806,1987,0.460445792,73568.51132,7850.619275,0.230222896,6930,CBA
Panulirus_argus-Atlantic_Southwest,Panulirus argus,Caribbean spiny lobster,"Lobsters, spiny-rock lobsters",Atlantic Southwest,1.14625545,1.304762297,1.391243797,1.480556352,1.668441564,0.132245488,1.395195626,44730.93806,1988,0.460445792,73568.51132,7850.619275,0.230222896,7087,CBA
Panulirus_argus-Atlantic_Southwest,Panulirus argus,Caribbean spiny lobster,"Lobsters, spiny-rock lobsters",Atlantic Southwest,1.144952184,1.292487852,1.377817968,1.469144476,1.664174986,0.13190925,1.384164472,44730.93806,1989,0.460445792,73568.51132,7850.619275,0.230222896,7090,CBA
Panulirus_argus-Atlantic_Southwest,Panulirus argus,Caribbean spiny lobster,"Lobsters, spiny-rock lobsters",Atlantic Southwest,1.079459981,1.224738754,1.305191277,1.397616815,1.59533735,0.130099105,1.314365975,44730.93806,1990,0.460445792,73568.51132,7850.619275,0.230222896,9223,CBA
Panulirus_argus-Atlantic_Southwest,Panulirus argus,Caribbean spiny lobster,"Lobsters, spiny-rock lobsters",Atlantic Southwest,0.975384311,1.103219676,1.187521343,1.285689011,1.50566355,0.135178501,1.201286042,44730.93806,1991,0.460445792,73568.51132,7850.619275,0.230222896,11059,CBA
Panulirus_argus-Atlantic_Southwest,Panulirus argus,Caribbean spiny lobster,"Lobsters, spiny-rock lobsters",Atlantic Southwest,0.924408841,1.056314216,1.143724619,1.246389622,1.467536916,0.140541277,1.157965794,44730.93806,1992,0.460445792,73568.51132,7850.619275,0.230222896,9127,CBA
Panulirus_argus-Atlantic_Southwest,Panulirus argus,Caribbean spiny lobster,"Lobsters, spiny-rock lobsters",Atlantic Southwest,0.877639727,1.009936109,1.101614001,1.211153837,1.447239906,0.148052313,1.118499454,44730.93806,1993,0.460445792,73568.51132,7850.619275,0.230222896,9100,CBA
Panulirus_argus-Atlantic_Southwest,Panulirus argus,Caribbean spiny lobster,"Lobsters, spiny-rock lobsters",Atlantic Southwest,0.827203912,0.963127396,1.061815258,1.180481864,1.425328567,0.156552908,1.080150845,44730.93806,1994,0.460445792,73568.51132,7850.619275,0.230222896,9120,CBA
Panulirus_argus-Atlantic_Southwest,Panulirus argus,Caribbean spiny lobster,"Lobsters, spiny-rock lobsters",Atlantic Southwest,0.707986083,0.86159243,0.972539864,1.102257033,1.373403279,0.173290589,0.991561727,44730.93806,1995,0.460445792,73568.51132,7850.619275,0.230222896,10817,CBA
Panulirus_argus-Atlantic_Southwest,Panulirus argus,Caribbean spiny lobster,"Lobsters, spiny-rock lobsters",Atlantic Southwest,0.675530815,0.844439325,0.96437499,1.106004661,1.387247691,0.186738244,0.98410956,44730.93806,1996,0.460445792,73568.51132,7850.619275,0.230222896,8026,CBA
Panulirus_argus-Atlantic_Southwest,Panulirus argus,Caribbean spiny lobster,"Lobsters, spiny-rock lobsters",Atlantic Southwest,0.657643792,0.839575547,0.968130912,1.12504994,1.412499532,0.199259669,0.988889789,44730.93806,1997,0.460445792,73568.51132,7850.619275,0.230222896,7502,CBA
Panulirus_argus-Atlantic_Southwest,Panulirus argus,Caribbean spiny lobster,"Lobsters, spiny-rock lobsters",Atlantic Southwest,0.686742049,0.875843856,1.013193697,1.177637702,1.478465787,0.209777847,1.035934485,44730.93806,1998,0.460445792,73568.51132,7850.619275,0.230222896,6002,CBA
Panulirus_argus-Atlantic_Southwest,Panulirus argus,Caribbean spiny lobster,"Lobsters, spiny-rock lobsters",Atlantic Southwest,0.713033335,0.909233596,1.050119735,1.224064723,1.53097822,0.216685967,1.072639059,44730.93806,1999,0.460445792,73568.51132,7850.619275,0.230222896,6334,CBA
Panulirus_argus-Atlantic_Southwest,Panulirus argus,Caribbean spiny lobster,"Lobsters, spiny-rock lobsters",Atlantic Southwest,0.734390482,0.931716983,1.081491127,1.263542244,1.558940036,0.222022832,1.102488352,44730.93806,2000,0.460445792,73568.51132,7850.619275,0.230222896,6469,CBA
Panulirus_argus-Atlantic_Southwest,Panulirus argus,Caribbean spiny lobster,"Lobsters, spiny-rock lobsters",Atlantic Southwest,0.734211663,0.937763943,1.093473433,1.274004917,1.571369541,0.225516632,1.111389008,44730.93806,2001,0.460445792,73568.51132,7850.619275,0.230222896,7139,CBA
Panulirus_argus-Atlantic_Southwest,Panulirus argus,Caribbean spiny lobster,"Lobsters, spiny-rock lobsters",Atlantic Southwest,0.738600461,0.950316734,1.112232218,1.297035625,1.582188701,0.2283539,1.128757203,44730.93806,2002,0.460445792,73568.51132,7850.619275,0.230222896,6807,CBA
Panulirus_argus-Atlantic_Southwest,Panulirus argus,Caribbean spiny lobster,"Lobsters, spiny-rock lobsters",Atlantic Southwest,0.765809863,0.977619013,1.151105621,1.329177734,1.603155678,0.229550057,1.158736304,44730.93806,2003,0.460445792,73568.51132,7850.619275,0.230222896,6320,CBA
Panulirus_argus-Atlantic_Southwest,Panulirus argus,Caribbean spiny lobster,"Lobsters, spiny-rock lobsters",Atlantic Southwest,0.710802084,0.935433545,1.115764421,1.28399729,1.550191162,0.228520848,1.116789747,44730.93806,2004,0.460445792,73568.51132,7850.619275,0.230222896,8689,CBA
Panulirus_argus-Atlantic_Southwest,Panulirus argus,Caribbean spiny lobster,"Lobsters, spiny-rock lobsters",Atlantic Southwest,0.708227497,0.946518611,1.132579428,1.300110715,1.564877116,0.232563119,1.128418958,44730.93806,2005,0.460445792,73568.51132,7850.619275,0.230222896,6927,CBA
Panulirus_argus-Atlantic_Southwest,Panulirus argus,Caribbean spiny lobster,"Lobsters, spiny-rock lobsters",Atlantic Southwest,0.71702285,0.959886007,1.15126043,1.320664267,1.575098215,0.234934471,1.14394144,44730.93806,2006,0.460445792,73568.51132,7850.619275,0.230222896,6724,CBA
Panulirus_argus-Atlantic_Southwest,Panulirus argus,Caribbean spiny lobster,"Lobsters, spiny-rock lobsters",Atlantic Southwest,0.726094241,0.985639478,1.176932451,1.347101319,1.59358542,0.237000783,1.166558215,44730.93806,2007,0.460445792,73568.51132,7850.619275,0.230222896,6479,CBA
Panulirus_argus-Atlantic_Southwest,Panulirus argus,Caribbean spiny lobster,"Lobsters, spiny-rock lobsters",Atlantic Southwest,0.735550392,1.005490012,1.192504277,1.360034593,1.607420005,0.235751395,1.181296795,44730.93806,2008,0.460445792,73568.51132,7850.619275,0.230222896,6589,CBA
Panulirus_argus-Atlantic_Southwest,Panulirus argus,Caribbean spiny lobster,"Lobsters, spiny-rock lobsters",Atlantic Southwest,0.72662691,0.999773526,1.18750086,1.346438724,1.582264088,0.232221032,1.173139483,44730.93806,2009,0.460445792,73568.51132,7850.619275,0.230222896,7268,CBA
Panulirus_argus-Atlantic_Southwest,Panulirus argus,Caribbean spiny lobster,"Lobsters, spiny-rock lobsters",Atlantic Southwest,0.718920651,1.01302977,1.198778621,1.348879624,1.586186992,0.23073763,1.178143136,44730.93806,2010,0.460445792,73568.51132,7850.619275,0.230222896,6866,CBA
Panulirus_argus-Atlantic_Southwest,Panulirus argus,Caribbean spiny lobster,"Lobsters, spiny-rock lobsters",Atlantic Southwest,0.723243566,1.0257317,1.210470039,1.353185602,1.577501306,0.228107504,1.184307899,44730.93806,2011,0.460445792,73568.51132,7850.619275,0.230222896,6776,CBA
Panulirus_argus-Atlantic_Southwest,Panulirus argus,Caribbean spiny lobster,"Lobsters, spiny-rock lobsters",Atlantic Southwest,0.698369697,1.018104831,1.19488585,1.333906036,1.546939467,0.223917108,1.167316539,44730.93806,2012,0.460445792,73568.51132,7850.619275,0.230222896,7451,CBA
Panulirus_argus-Atlantic_Southwest,Panulirus argus,Caribbean spiny lobster,"Lobsters, spiny-rock lobsters",Atlantic Southwest,0.689438611,1.029302639,1.208708401,1.330415563,1.527403516,0.220974307,1.171189295,44730.93806,2013,0.460445792,73568.51132,7850.619275,0.230222896,6726,CBA
Panulirus_argus-Atlantic_Southwest,Panulirus argus,Caribbean spiny lobster,"Lobsters, spiny-rock lobsters",Atlantic Southwest,0.67907933,1.043737777,1.214986204,1.325218774,1.502918446,0.215497623,1.171185378,44730.93806,2014,0.460445792,73568.51132,7850.619275,0.230222896,6787,CBA
Panulirus_argus-Atlantic_Southwest,Panulirus argus,Caribbean spiny lobster,"Lobsters, spiny-rock lobsters",Atlantic Southwest,0.680692671,1.074400733,1.239677095,1.336386998,1.477101989,0.20824018,1.186837272,44730.93806,2015,0.460445792,73568.51132,7850.619275,0.230222896,6100,CBA
Panulirus_argus-Atlantic_Southwest,Panulirus argus,Caribbean spiny lobster,"Lobsters, spiny-rock lobsters",Atlantic Southwest,0.6841039,1.104347567,1.267052988,1.345909665,1.395335765,0.194791836,1.196919545,44730.93806,2016,0.460445792,73568.51132,7850.619275,0.230222896,6100,CBA
Panulirus_argus-Atlantic_Western Central,Panulirus argus,Caribbean spiny lobster,"Lobsters, spiny-rock lobsters",Atlantic Western Central,1.060263849,1.27915971,1.447913488,1.646578777,1.933919366,0.24007154,1.466393899,139798.3797,1950,0.657857153,234587.9862,33518.33807,0.328928577,2557,CBA
Panulirus_argus-Atlantic_Western Central,Panulirus argus,Caribbean spiny lobster,"Lobsters, spiny-rock lobsters",Atlantic Western Central,1.204343951,1.47778601,1.672225036,1.8273319,1.974109061,0.218718431,1.644845732,139798.3797,1951,0.657857153,234587.9862,33518.33807,0.328928577,3105,CBA
Panulirus_argus-Atlantic_Western Central,Panulirus argus,Caribbean spiny lobster,"Lobsters, spiny-rock lobsters",Atlantic Western Central,1.328488885,1.629249116,1.788867163,1.892283575,1.987814497,0.181824142,1.746478827,139798.3797,1952,0.657857153,234587.9862,33518.33807,0.328928577,2581,CBA
Panulirus_argus-Atlantic_Western Central,Panulirus argus,Caribbean spiny lobster,"Lobsters, spiny-rock lobsters",Atlantic Western Central,1.435815353,1.723511237,1.836276448,1.913951888,1.98858627,0.148301818,1.801122213,139798.3797,1953,0.657857153,234587.9862,33518.33807,0.328928577,2705,CBA
Panulirus_argus-Atlantic_Western Central,Panulirus argus,Caribbean spiny lobster,"Lobsters, spiny-rock lobsters",Atlantic Western Central,1.517691963,1.762225263,1.85186094,1.919624697,1.989637565,0.123638188,1.826797858,139798.3797,1954,0.657857153,234587.9862,33518.33807,0.328928577,3583,CBA
Panulirus_argus-Atlantic_Western Central,Panulirus argus,Caribbean spiny lobster,"Lobsters, spiny-rock lobsters",Atlantic Western Central,1.570527651,1.779366797,1.854449628,1.918373812,1.98862307,0.108827732,1.83761111,139798.3797,1955,0.657857153,234587.9862,33518.33807,0.328928577,4841,CBA
Panulirus_argus-Atlantic_Western Central,Panulirus argus,Caribbean spiny lobster,"Lobsters, spiny-rock lobsters",Atlantic Western Central,1.599872907,1.770376201,1.840337876,1.903933724,1.985779005,0.101076307,1.829811124,139798.3797,1956,0.657857153,234587.9862,33518.33807,0.328928577,7312,CBA
Panulirus_argus-Atlantic_Western Central,Panulirus argus,Caribbean spiny lobster,"Lobsters, spiny-rock lobsters",Atlantic Western Central,1.590291373,1.74484145,1.81355229,1.876189918,1.975141991,0.099119304,1.80616829,139798.3797,1957,0.657857153,234587.9862,33518.33807,0.328928577,10532,CBA
Panulirus_argus-Atlantic_Western Central,Panulirus argus,Caribbean spiny lobster,"Lobsters, spiny-rock lobsters",Atlantic Western Central,1.597180837,1.74895468,1.817378943,1.884357318,1.978121138,0.09891355,1.811928889,139798.3797,1958,0.657857153,234587.9862,33518.33807,0.328928577,9190,CBA
Panulirus_argus-Atlantic_Western Central,Panulirus argus,Caribbean spiny lobster,"Lobsters, spiny-rock lobsters",Atlantic Western Central,1.57963221,1.724219878,1.793272222,1.858843845,1.965388079,0.099699548,1.788378584,139798.3797,1959,0.657857153,234587.9862,33518.33807,0.328928577,12192,CBA
Panulirus_argus-Atlantic_Western Central,Panulirus argus,Caribbean spiny lobster,"Lobsters, spiny-rock lobsters",Atlantic Western Central,1.571005524,1.712738117,1.783489074,1.851418913,1.961730871,0.100627709,1.779269371,139798.3797,1960,0.657857153,234587.9862,33518.33807,0.328928577,12442,CBA
Panulirus_argus-Atlantic_Western Central,Panulirus argus,Caribbean spiny lobster,"Lobsters, spiny-rock lobsters",Atlantic Western Central,1.563975156,1.707287212,1.776155688,1.845026002,1.962385133,0.10167047,1.773217472,139798.3797,1961,0.657857153,234587.9862,33518.33807,0.328928577,12622,CBA
Panulirus_argus-Atlantic_Western Central,Panulirus argus,Caribbean spiny lobster,"Lobsters, spiny-rock lobsters",Atlantic Western Central,1.56252158,1.706704922,1.776026498,1.844977693,1.961376757,0.102140597,1.77289046,139798.3797,1962,0.657857153,234587.9862,33518.33807,0.328928577,12424,CBA
Panulirus_argus-Atlantic_Western Central,Panulirus argus,Caribbean spiny lobster,"Lobsters, spiny-rock lobsters",Atlantic Western Central,1.554370617,1.70154139,1.771163255,1.839518583,1.958647307,0.102116014,1.768527183,139798.3797,1963,0.657857153,234587.9862,33518.33807,0.328928577,12826,CBA
Panulirus_argus-Atlantic_Western Central,Panulirus argus,Caribbean spiny lobster,"Lobsters, spiny-rock lobsters",Atlantic Western Central,1.560130975,1.702972056,1.77346516,1.843404002,1.959526501,0.102393684,1.770713068,139798.3797,1964,0.657857153,234587.9862,33518.33807,0.328928577,12447,CBA
Panulirus_argus-Atlantic_Western Central,Panulirus argus,Caribbean spiny lobster,"Lobsters, spiny-rock lobsters",Atlantic Western Central,1.538865103,1.674130693,1.7435987,1.813646941,1.939928543,0.102794637,1.742616198,139798.3797,1965,0.657857153,234587.9862,33518.33807,0.328928577,15658,CBA
Panulirus_argus-Atlantic_Western Central,Panulirus argus,Caribbean spiny lobster,"Lobsters, spiny-rock lobsters",Atlantic Western Central,1.524530378,1.662771888,1.733323472,1.803644492,1.934755301,0.104176245,1.732408819,139798.3797,1966,0.657857153,234587.9862,33518.33807,0.328928577,15427,CBA
Panulirus_argus-Atlantic_Western Central,Panulirus argus,Caribbean spiny lobster,"Lobsters, spiny-rock lobsters",Atlantic Western Central,1.525212571,1.670284689,1.741107425,1.813061128,1.939881108,0.105145428,1.739855922,139798.3797,1967,0.657857153,234587.9862,33518.33807,0.328928577,14202,CBA
Panulirus_argus-Atlantic_Western Central,Panulirus argus,Caribbean spiny lobster,"Lobsters, spiny-rock lobsters",Atlantic Western Central,1.503871903,1.646251335,1.717087344,1.787723838,1.923722564,0.10588192,1.716428634,139798.3797,1968,0.657857153,234587.9862,33518.33807,0.328928577,17097,CBA
Panulirus_argus-Atlantic_Western Central,Panulirus argus,Caribbean spiny lobster,"Lobsters, spiny-rock lobsters",Atlantic Western Central,1.469863694,1.606980513,1.67815693,1.750579925,1.894131176,0.107349744,1.679191298,139798.3797,1969,0.657857153,234587.9862,33518.33807,0.328928577,19739,CBA
Panulirus_argus-Atlantic_Western Central,Panulirus argus,Caribbean spiny lobster,"Lobsters, spiny-rock lobsters",Atlantic Western Central,1.462876825,1.600083112,1.671337191,1.745400099,1.887729574,0.108598574,1.672862029,139798.3797,1970,0.657857153,234587.9862,33518.33807,0.328928577,18600,CBA
Panulirus_argus-Atlantic_Western Central,Panulirus argus,Caribbean spiny lobster,"Lobsters, spiny-rock lobsters",Atlantic Western Central,1.446713978,1.59216698,1.665017893,1.740338425,1.887247486,0.111172979,1.666359849,139798.3797,1971,0.657857153,234587.9862,33518.33807,0.328928577,18700,CBA
Panulirus_argus-Atlantic_Western Central,Panulirus argus,Caribbean spiny lobster,"Lobsters, spiny-rock lobsters",Atlantic Western Central,1.44140407,1.584593456,1.657540728,1.734330866,1.874740059,0.111146756,1.658659627,139798.3797,1972,0.657857153,234587.9862,33518.33807,0.328928577,19000,CBA
Panulirus_argus-Atlantic_Western Central,Panulirus argus,Caribbean spiny lobster,"Lobsters, spiny-rock lobsters",Atlantic Western Central,1.430128656,1.577164792,1.653015298,1.727869039,1.879075502,0.112824535,1.653070136,139798.3797,1973,0.657857153,234587.9862,33518.33807,0.328928577,19300,CBA
Panulirus_argus-Atlantic_Western Central,Panulirus argus,Caribbean spiny lobster,"Lobsters, spiny-rock lobsters",Atlantic Western Central,1.411136843,1.554231188,1.629557957,1.704653591,1.856648381,0.112714269,1.629904945,139798.3797,1974,0.657857153,234587.9862,33518.33807,0.328928577,21254,CBA
Panulirus_argus-Atlantic_Western Central,Panulirus argus,Caribbean spiny lobster,"Lobsters, spiny-rock lobsters",Atlantic Western Central,1.393481875,1.541093576,1.618124176,1.695033049,1.848068694,0.114851286,1.618319562,139798.3797,1975,0.657857153,234587.9862,33518.33807,0.328928577,21274,CBA
Panulirus_argus-Atlantic_Western Central,Panulirus argus,Caribbean spiny lobster,"Lobsters, spiny-rock lobsters",Atlantic Western Central,1.382531207,1.530145471,1.60627875,1.683823797,1.838711754,0.115229654,1.606967148,139798.3797,1976,0.657857153,234587.9862,33518.33807,0.328928577,21643,CBA
Panulirus_argus-Atlantic_Western Central,Panulirus argus,Caribbean spiny lobster,"Lobsters, spiny-rock lobsters",Atlantic Western Central,1.385794913,1.541278395,1.618466329,1.696182349,1.849600256,0.116744895,1.618448465,139798.3797,1977,0.657857153,234587.9862,33518.33807,0.328928577,19822,CBA
Panulirus_argus-Atlantic_Western Central,Panulirus argus,Caribbean spiny lobster,"Lobsters, spiny-rock lobsters",Atlantic Western Central,1.356073206,1.507068013,1.583719968,1.661900769,1.817327372,0.116752928,1.584780545,139798.3797,1978,0.657857153,234587.9862,33518.33807,0.328928577,23752,CBA
Panulirus_argus-Atlantic_Western Central,Panulirus argus,Caribbean spiny lobster,"Lobsters, spiny-rock lobsters",Atlantic Western Central,1.323903372,1.474952479,1.551045235,1.632036033,1.79401997,0.11843737,1.553792479,139798.3797,1979,0.657857153,234587.9862,33518.33807,0.328928577,25029,CBA
Panulirus_argus-Atlantic_Western Central,Panulirus argus,Caribbean spiny lobster,"Lobsters, spiny-rock lobsters",Atlantic Western Central,1.321260068,1.474164134,1.553578712,1.633317687,1.791206394,0.119818799,1.554173228,139798.3797,1980,0.657857153,234587.9862,33518.33807,0.328928577,22947,CBA
Panulirus_argus-Atlantic_Western Central,Panulirus argus,Caribbean spiny lobster,"Lobsters, spiny-rock lobsters",Atlantic Western Central,1.324754164,1.482749675,1.563262021,1.643093339,1.80615413,0.121599575,1.563250235,139798.3797,1981,0.657857153,234587.9862,33518.33807,0.328928577,22022,CBA
Panulirus_argus-Atlantic_Western Central,Panulirus argus,Caribbean spiny lobster,"Lobsters, spiny-rock lobsters",Atlantic Western Central,1.323539066,1.485792964,1.567478436,1.647694533,1.80499428,0.122258106,1.566268728,139798.3797,1982,0.657857153,234587.9862,33518.33807,0.328928577,22229,CBA
Panulirus_argus-Atlantic_Western Central,Panulirus argus,Caribbean spiny lobster,"Lobsters, spiny-rock lobsters",Atlantic Western Central,1.304563732,1.463112797,1.542566372,1.625394268,1.784463961,0.1220149,1.54402509,139798.3797,1983,0.657857153,234587.9862,33518.33807,0.328928577,24647,CBA
Panulirus_argus-Atlantic_Western Central,Panulirus argus,Caribbean spiny lobster,"Lobsters, spiny-rock lobsters",Atlantic Western Central,1.274540777,1.427896374,1.508763282,1.592408076,1.758246567,0.122934767,1.51115539,139798.3797,1984,0.657857153,234587.9862,33518.33807,0.328928577,26631,CBA
Panulirus_argus-Atlantic_Western Central,Panulirus argus,Caribbean spiny lobster,"Lobsters, spiny-rock lobsters",Atlantic Western Central,1.219484386,1.370667738,1.452636069,1.540247603,1.720925217,0.127146755,1.457452132,139798.3797,1985,0.657857153,234587.9862,33518.33807,0.328928577,30065,CBA
Panulirus_argus-Atlantic_Western Central,Panulirus argus,Caribbean spiny lobster,"Lobsters, spiny-rock lobsters",Atlantic Western Central,1.195645524,1.349486283,1.434668929,1.523099335,1.705748488,0.130557826,1.439189681,139798.3797,1986,0.657857153,234587.9862,33518.33807,0.328928577,28461,CBA
Panulirus_argus-Atlantic_Western Central,Panulirus argus,Caribbean spiny lobster,"Lobsters, spiny-rock lobsters",Atlantic Western Central,1.165382557,1.325355861,1.413253047,1.505082823,1.689750215,0.133492919,1.416901879,139798.3797,1987,0.657857153,234587.9862,33518.33807,0.328928577,29353,CBA
Panulirus_argus-Atlantic_Western Central,Panulirus argus,Caribbean spiny lobster,"Lobsters, spiny-rock lobsters",Atlantic Western Central,1.151196316,1.312868423,1.402778349,1.495890218,1.681000255,0.135617133,1.406079922,139798.3797,1988,0.657857153,234587.9862,33518.33807,0.328928577,28706,CBA
Panulirus_argus-Atlantic_Western Central,Panulirus argus,Caribbean spiny lobster,"Lobsters, spiny-rock lobsters",Atlantic Western Central,1.122598532,1.28678802,1.379658314,1.476798267,1.669571164,0.139762913,1.383839196,139798.3797,1989,0.657857153,234587.9862,33518.33807,0.328928577,30216,CBA
Panulirus_argus-Atlantic_Western Central,Panulirus argus,Caribbean spiny lobster,"Lobsters, spiny-rock lobsters",Atlantic Western Central,1.136987074,1.305877336,1.401309253,1.50079411,1.687310736,0.141292715,1.403991896,139798.3797,1990,0.657857153,234587.9862,33518.33807,0.328928577,26326,CBA
Panulirus_argus-Atlantic_Western Central,Panulirus argus,Caribbean spiny lobster,"Lobsters, spiny-rock lobsters",Atlantic Western Central,1.112571801,1.278548166,1.373090421,1.471134012,1.664284523,0.141104782,1.377650929,139798.3797,1991,0.657857153,234587.9862,33518.33807,0.328928577,30457,CBA
Panulirus_argus-Atlantic_Western Central,Panulirus argus,Caribbean spiny lobster,"Lobsters, spiny-rock lobsters",Atlantic Western Central,1.095076823,1.259452269,1.356834618,1.455180307,1.64783165,0.142969518,1.359863282,139798.3797,1992,0.657857153,234587.9862,33518.33807,0.328928577,30384,CBA
Panulirus_argus-Atlantic_Western Central,Panulirus argus,Caribbean spiny lobster,"Lobsters, spiny-rock lobsters",Atlantic Western Central,1.088827896,1.255357371,1.355309342,1.457793856,1.654931313,0.145699638,1.35916593,139798.3797,1993,0.657857153,234587.9862,33518.33807,0.328928577,29196,CBA
Panulirus_argus-Atlantic_Western Central,Panulirus argus,Caribbean spiny lobster,"Lobsters, spiny-rock lobsters",Atlantic Western Central,1.059071779,1.220256065,1.321683258,1.427797506,1.626156176,0.147675049,1.327415579,139798.3797,1994,0.657857153,234587.9862,33518.33807,0.328928577,32258,CBA
Panulirus_argus-Atlantic_Western Central,Panulirus argus,Caribbean spiny lobster,"Lobsters, spiny-rock lobsters",Atlantic Western Central,1.041501641,1.204594101,1.308608956,1.414587703,1.614181324,0.149614781,1.31283784,139798.3797,1995,0.657857153,234587.9862,33518.33807,0.328928577,31238,CBA
Panulirus_argus-Atlantic_Western Central,Panulirus argus,Caribbean spiny lobster,"Lobsters, spiny-rock lobsters",Atlantic Western Central,0.992528076,1.155316412,1.262089549,1.375147575,1.589051155,0.155059294,1.269099491,139798.3797,1996,0.657857153,234587.9862,33518.33807,0.328928577,34493,CBA
Panulirus_argus-Atlantic_Western Central,Panulirus argus,Caribbean spiny lobster,"Lobsters, spiny-rock lobsters",Atlantic Western Central,0.966703626,1.136393561,1.246770089,1.363962428,1.579042174,0.160609471,1.253814326,139798.3797,1997,0.657857153,234587.9862,33518.33807,0.328928577,32442,CBA
Panulirus_argus-Atlantic_Western Central,Panulirus argus,Caribbean spiny lobster,"Lobsters, spiny-rock lobsters",Atlantic Western Central,0.959547428,1.127637419,1.242967973,1.366620557,1.588433276,0.166166153,1.251668904,139798.3797,1998,0.657857153,234587.9862,33518.33807,0.328928577,31203,CBA
Panulirus_argus-Atlantic_Western Central,Panulirus argus,Caribbean spiny lobster,"Lobsters, spiny-rock lobsters",Atlantic Western Central,0.903070215,1.071968688,1.197381273,1.324800888,1.550062822,0.172565426,1.203569218,139798.3797,1999,0.657857153,234587.9862,33518.33807,0.328928577,35787,CBA
Panulirus_argus-Atlantic_Western Central,Panulirus argus,Caribbean spiny lobster,"Lobsters, spiny-rock lobsters",Atlantic Western Central,0.862987513,1.041560132,1.174178109,1.308995716,1.541211569,0.181709444,1.17969045,139798.3797,2000,0.657857153,234587.9862,33518.33807,0.328928577,34022,CBA
Panulirus_argus-Atlantic_Western Central,Panulirus argus,Caribbean spiny lobster,"Lobsters, spiny-rock lobsters",Atlantic Western Central,0.885357017,1.071563687,1.216178549,1.359874398,1.584101716,0.189549502,1.218992082,139798.3797,2001,0.657857153,234587.9862,33518.33807,0.328928577,27782,CBA
Panulirus_argus-Atlantic_Western Central,Panulirus argus,Caribbean spiny lobster,"Lobsters, spiny-rock lobsters",Atlantic Western Central,0.83332123,1.026817343,1.174568323,1.320422093,1.548751423,0.195054804,1.177770379,139798.3797,2002,0.657857153,234587.9862,33518.33807,0.328928577,35192,CBA
Panulirus_argus-Atlantic_Western Central,Panulirus argus,Caribbean spiny lobster,"Lobsters, spiny-rock lobsters",Atlantic Western Central,0.816850208,1.025976306,1.18521085,1.334267351,1.569778109,0.20377738,1.183731004,139798.3797,2003,0.657857153,234587.9862,33518.33807,0.328928577,30814,CBA
Panulirus_argus-Atlantic_Western Central,Panulirus argus,Caribbean spiny lobster,"Lobsters, spiny-rock lobsters",Atlantic Western Central,0.775823752,0.994667153,1.166785006,1.318331735,1.550595559,0.211561981,1.15994916,139798.3797,2004,0.657857153,234587.9862,33518.33807,0.328928577,33599,CBA
Panulirus_argus-Atlantic_Western Central,Panulirus argus,Caribbean spiny lobster,"Lobsters, spiny-rock lobsters",Atlantic Western Central,0.752252512,0.995940143,1.178476369,1.335874518,1.566765173,0.222476577,1.166780187,139798.3797,2005,0.657857153,234587.9862,33518.33807,0.328928577,30668,CBA
Panulirus_argus-Atlantic_Western Central,Panulirus argus,Caribbean spiny lobster,"Lobsters, spiny-rock lobsters",Atlantic Western Central,0.757771959,1.018220821,1.214591747,1.37061675,1.603476756,0.231628116,1.19559827,139798.3797,2006,0.657857153,234587.9862,33518.33807,0.328928577,28026,CBA
Panulirus_argus-Atlantic_Western Central,Panulirus argus,Caribbean spiny lobster,"Lobsters, spiny-rock lobsters",Atlantic Western Central,0.783750431,1.066348439,1.272078791,1.428268275,1.645395796,0.237527989,1.245165793,139798.3797,2007,0.657857153,234587.9862,33518.33807,0.328928577,25374,CBA
Panulirus_argus-Atlantic_Western Central,Panulirus argus,Caribbean spiny lobster,"Lobsters, spiny-rock lobsters",Atlantic Western Central,0.789151442,1.089477184,1.294328829,1.443002431,1.6449704,0.235544114,1.261210742,139798.3797,2008,0.657857153,234587.9862,33518.33807,0.328928577,27689,CBA
Panulirus_argus-Atlantic_Western Central,Panulirus argus,Caribbean spiny lobster,"Lobsters, spiny-rock lobsters",Atlantic Western Central,0.819863346,1.142090289,1.342736363,1.48494871,1.684796235,0.235497136,1.306380192,139798.3797,2009,0.657857153,234587.9862,33518.33807,0.328928577,24452,CBA
Panulirus_argus-Atlantic_Western Central,Panulirus argus,Caribbean spiny lobster,"Lobsters, spiny-rock lobsters",Atlantic Western Central,0.823202983,1.152219284,1.340561734,1.468668614,1.668854931,0.226130938,1.302075013,139798.3797,2010,0.657857153,234587.9862,33518.33807,0.328928577,28369,CBA
Panulirus_argus-Atlantic_Western Central,Panulirus argus,Caribbean spiny lobster,"Lobsters, spiny-rock lobsters",Atlantic Western Central,0.809062627,1.148105557,1.324889182,1.444952181,1.632379304,0.218037419,1.285806436,139798.3797,2011,0.657857153,234587.9862,33518.33807,0.328928577,29754,CBA
Panulirus_argus-Atlantic_Western Central,Panulirus argus,Caribbean spiny lobster,"Lobsters, spiny-rock lobsters",Atlantic Western Central,0.787761862,1.133838716,1.298648686,1.41431895,1.601676019,0.213164493,1.26094725,139798.3797,2012,0.657857153,234587.9862,33518.33807,0.328928577,31020,CBA
Panulirus_argus-Atlantic_Western Central,Panulirus argus,Caribbean spiny lobster,"Lobsters, spiny-rock lobsters",Atlantic Western Central,0.779043577,1.145783941,1.308998781,1.420971644,1.601578415,0.213783894,1.268790479,139798.3797,2013,0.657857153,234587.9862,33518.33807,0.328928577,28210,CBA
Panulirus_argus-Atlantic_Western Central,Panulirus argus,Caribbean spiny lobster,"Lobsters, spiny-rock lobsters",Atlantic Western Central,0.778007487,1.164281201,1.320963454,1.426632378,1.594074072,0.211392028,1.276918851,139798.3797,2014,0.657857153,234587.9862,33518.33807,0.328928577,27544,CBA
Panulirus_argus-Atlantic_Western Central,Panulirus argus,Caribbean spiny lobster,"Lobsters, spiny-rock lobsters",Atlantic Western Central,0.740771334,1.14389028,1.292874913,1.384041994,1.525373143,0.201801136,1.243106472,139798.3797,2015,0.657857153,234587.9862,33518.33807,0.328928577,31217,CBA
Panulirus_argus-Atlantic_Western Central,Panulirus argus,Caribbean spiny lobster,"Lobsters, spiny-rock lobsters",Atlantic Western Central,0.686508125,1.10926755,1.254214629,1.336503932,1.393656177,0.190136922,1.192875791,139798.3797,2016,0.657857153,234587.9862,33518.33807,0.328928577,33136,CBA
Paralichthys_olivaceus-Pacific_Northwest,Paralichthys olivaceus,Bastard halibut,"Flounders, halibuts, soles",Pacific Northwest,0.555527562,0.747085232,0.872607641,1.029736322,1.333275039,0.203127843,0.89680083,36182.0283,1950,0.709983639,86967.53187,13515.63416,0.354991819,10500,Domestic
Paralichthys_olivaceus-Pacific_Northwest,Paralichthys olivaceus,Bastard halibut,"Flounders, halibuts, soles",Pacific Northwest,0.597013126,0.807553923,0.941412921,1.102162594,1.416766027,0.213077531,0.962059976,36182.0283,1951,0.709983639,86967.53187,13515.63416,0.354991819,10500,Domestic
Paralichthys_olivaceus-Pacific_Northwest,Paralichthys olivaceus,Bastard halibut,"Flounders, halibuts, soles",Pacific Northwest,0.600057047,0.817405281,0.957992441,1.120281744,1.432082049,0.216458774,0.975477143,36182.0283,1952,0.709983639,86967.53187,13515.63416,0.354991819,12500,Domestic
Paralichthys_olivaceus-Pacific_Northwest,Paralichthys olivaceus,Bastard halibut,"Flounders, halibuts, soles",Pacific Northwest,0.611823281,0.83779679,0.983179701,1.148261719,1.471048575,0.223521683,1.000730284,36182.0283,1953,0.709983639,86967.53187,13515.63416,0.354991819,12000,Domestic
Paralichthys_olivaceus-Pacific_Northwest,Paralichthys olivaceus,Bastard halibut,"Flounders, halibuts, soles",Pacific Northwest,0.63636955,0.879169209,1.031430659,1.200680361,1.519179217,0.231038238,1.046679162,36182.0283,1954,0.709983639,86967.53187,13515.63416,0.354991819,11200,Domestic
Paralichthys_olivaceus-Pacific_Northwest,Paralichthys olivaceus,Bastard halibut,"Flounders, halibuts, soles",Pacific Northwest,0.634192949,0.878760176,1.032248575,1.20751482,1.515539378,0.232168116,1.049162278,36182.0283,1955,0.709983639,86967.53187,13515.63416,0.354991819,12700,Domestic
Paralichthys_olivaceus-Pacific_Northwest,Paralichthys olivaceus,Bastard halibut,"Flounders, halibuts, soles",Pacific Northwest,0.631307558,0.881177598,1.041413836,1.222263445,1.524410525,0.23716036,1.056247921,36182.0283,1956,0.709983639,86967.53187,13515.63416,0.354991819,12500,Domestic
Paralichthys_olivaceus-Pacific_Northwest,Paralichthys olivaceus,Bastard halibut,"Flounders, halibuts, soles",Pacific Northwest,0.592995054,0.846700231,1.011550843,1.204387175,1.503459185,0.243195741,1.027598123,36182.0283,1957,0.709983639,86967.53187,13515.63416,0.354991819,13800,Domestic
Paralichthys_olivaceus-Pacific_Northwest,Paralichthys olivaceus,Bastard halibut,"Flounders, halibuts, soles",Pacific Northwest,0.606315239,0.879469629,1.060556179,1.268345169,1.562032514,0.258731993,1.072893621,36182.0283,1958,0.709983639,86967.53187,13515.63416,0.354991819,11000,Domestic
Paralichthys_olivaceus-Pacific_Northwest,Paralichthys olivaceus,Bastard halibut,"Flounders, halibuts, soles",Pacific Northwest,0.619274572,0.913191855,1.109415279,1.322902524,1.602713611,0.268154447,1.114989907,36182.0283,1959,0.709983639,86967.53187,13515.63416,0.354991819,10900,Domestic
Paralichthys_olivaceus-Pacific_Northwest,Paralichthys olivaceus,Bastard halibut,"Flounders, halibuts, soles",Pacific Northwest,0.659590319,0.981218212,1.191972626,1.406597733,1.661222083,0.274496379,1.187036205,36182.0283,1960,0.709983639,86967.53187,13515.63416,0.354991819,9600,Domestic
Paralichthys_olivaceus-Pacific_Northwest,Paralichthys olivaceus,Bastard halibut,"Flounders, halibuts, soles",Pacific Northwest,0.687785563,1.031712602,1.243884054,1.445083001,1.675711371,0.269865358,1.228792747,36182.0283,1961,0.709983639,86967.53187,13515.63416,0.354991819,10300,Domestic
Paralichthys_olivaceus-Pacific_Northwest,Paralichthys olivaceus,Bastard halibut,"Flounders, halibuts, soles",Pacific Northwest,0.743737982,1.109960112,1.328882488,1.50985148,1.722554135,0.264838515,1.299058343,36182.0283,1962,0.709983639,86967.53187,13515.63416,0.354991819,9000,Domestic
Paralichthys_olivaceus-Pacific_Northwest,Paralichthys olivaceus,Bastard halibut,"Flounders, halibuts, soles",Pacific Northwest,0.753496193,1.11999491,1.317150161,1.471207874,1.677702746,0.244696813,1.284449526,36182.0283,1963,0.709983639,86967.53187,13515.63416,0.354991819,11700,Domestic
Paralichthys_olivaceus-Pacific_Northwest,Paralichthys olivaceus,Bastard halibut,"Flounders, halibuts, soles",Pacific Northwest,0.767798476,1.132766585,1.317683654,1.462140669,1.6690243,0.234341514,1.28672329,36182.0283,1964,0.709983639,86967.53187,13515.63416,0.354991819,11400,Domestic
Paralichthys_olivaceus-Pacific_Northwest,Paralichthys olivaceus,Bastard halibut,"Flounders, halibuts, soles",Pacific Northwest,0.82571528,1.198180178,1.382315167,1.52307208,1.719674566,0.23314536,1.348664645,36182.0283,1965,0.709983639,86967.53187,13515.63416,0.354991819,9200,Domestic
Paralichthys_olivaceus-Pacific_Northwest,Paralichthys olivaceus,Bastard halibut,"Flounders, halibuts, soles",Pacific Northwest,0.876071074,1.244480626,1.417860519,1.542850114,1.732907818,0.221474324,1.381581969,36182.0283,1966,0.709983639,86967.53187,13515.63416,0.354991819,9700,Domestic
Paralichthys_olivaceus-Pacific_Northwest,Paralichthys olivaceus,Bastard halibut,"Flounders, halibuts, soles",Pacific Northwest,0.880089574,1.220058082,1.369224879,1.486111274,1.68307234,0.203400066,1.343540992,36182.0283,1967,0.709983639,86967.53187,13515.63416,0.354991819,12100,Domestic
Paralichthys_olivaceus-Pacific_Northwest,Paralichthys olivaceus,Bastard halibut,"Flounders, halibuts, soles",Pacific Northwest,0.879827054,1.191109891,1.327904203,1.447443881,1.653182797,0.195600954,1.310822495,36182.0283,1968,0.709983639,86967.53187,13515.63416,0.354991819,12500,Domestic
Paralichthys_olivaceus-Pacific_Northwest,Paralichthys olivaceus,Bastard halibut,"Flounders, halibuts, soles",Pacific Northwest,0.931345893,1.252826055,1.395925112,1.51514667,1.710028271,0.198283125,1.374537865,36182.0283,1969,0.709983639,86967.53187,13515.63416,0.354991819,9300,Domestic
Paralichthys_olivaceus-Pacific_Northwest,Paralichthys olivaceus,Bastard halibut,"Flounders, halibuts, soles",Pacific Northwest,0.965030012,1.275992132,1.411800702,1.526210816,1.716272573,0.190063693,1.392094701,36182.0283,1970,0.709983639,86967.53187,13515.63416,0.354991819,10300,Domestic
Paralichthys_olivaceus-Pacific_Northwest,Paralichthys olivaceus,Bastard halibut,"Flounders, halibuts, soles",Pacific Northwest,0.961805655,1.240279554,1.362139697,1.474845075,1.67497985,0.178545037,1.351008217,36182.0283,1971,0.709983639,86967.53187,13515.63416,0.354991819,12400,Domestic
Paralichthys_olivaceus-Pacific_Northwest,Paralichthys olivaceus,Bastard halibut,"Flounders, halibuts, soles",Pacific Northwest,0.914642634,1.13610116,1.255318026,1.377647984,1.598179658,0.17497972,1.256232384,36182.0283,1972,0.709983639,86967.53187,13515.63416,0.354991819,15000,Domestic
Paralichthys_olivaceus-Pacific_Northwest,Paralichthys olivaceus,Bastard halibut,"Flounders, halibuts, soles",Pacific Northwest,0.823602854,1.006842286,1.143075708,1.284135794,1.528247613,0.188635852,1.150218487,36182.0283,1973,0.709983639,86967.53187,13515.63416,0.354991819,16300,Domestic
Paralichthys_olivaceus-Pacific_Northwest,Paralichthys olivaceus,Bastard halibut,"Flounders, halibuts, soles",Pacific Northwest,0.739460619,0.934954923,1.093238379,1.253270622,1.505550094,0.209188621,1.098584924,36182.0283,1974,0.709983639,86967.53187,13515.63416,0.354991819,14781,Domestic
Paralichthys_olivaceus-Pacific_Northwest,Paralichthys olivaceus,Bastard halibut,"Flounders, halibuts, soles",Pacific Northwest,0.708770445,0.934101557,1.11565369,1.288422975,1.539339741,0.229495669,1.114266206,36182.0283,1975,0.709983639,86967.53187,13515.63416,0.354991819,12264,Domestic
Paralichthys_olivaceus-Pacific_Northwest,Paralichthys olivaceus,Bastard halibut,"Flounders, halibuts, soles",Pacific Northwest,0.703402337,0.961436312,1.167167973,1.343341164,1.589512954,0.245676571,1.153607267,36182.0283,1976,0.709983639,86967.53187,13515.63416,0.354991819,11191,Domestic
Paralichthys_olivaceus-Pacific_Northwest,Paralichthys olivaceus,Bastard halibut,"Flounders, halibuts, soles",Pacific Northwest,0.716692,1.00462795,1.23049145,1.402736312,1.636142428,0.255655147,1.203057027,36182.0283,1977,0.709983639,86967.53187,13515.63416,0.354991819,10515,Domestic
Paralichthys_olivaceus-Pacific_Northwest,Paralichthys olivaceus,Bastard halibut,"Flounders, halibuts, soles",Pacific Northwest,0.734619096,1.05332806,1.286464319,1.449385863,1.668561948,0.259981879,1.247256627,36182.0283,1978,0.709983639,86967.53187,13515.63416,0.354991819,10316,Domestic
Paralichthys_olivaceus-Pacific_Northwest,Paralichthys olivaceus,Bastard halibut,"Flounders, halibuts, soles",Pacific Northwest,0.752842399,1.099240689,1.328772785,1.482725253,1.687012381,0.258370782,1.282676951,36182.0283,1979,0.709983639,86967.53187,13515.63416,0.354991819,10321,Domestic
Paralichthys_olivaceus-Pacific_Northwest,Paralichthys olivaceus,Bastard halibut,"Flounders, halibuts, soles",Pacific Northwest,0.753088636,1.122865293,1.343797977,1.48522882,1.685197557,0.253674605,1.293627289,36182.0283,1980,0.709983639,86967.53187,13515.63416,0.354991819,10976,Domestic
Paralichthys_olivaceus-Pacific_Northwest,Paralichthys olivaceus,Bastard halibut,"Flounders, halibuts, soles",Pacific Northwest,0.752453968,1.145234338,1.355145376,1.488500551,1.686582555,0.25058538,1.30324994,36182.0283,1981,0.709983639,86967.53187,13515.63416,0.354991819,11028,Domestic
Paralichthys_olivaceus-Pacific_Northwest,Paralichthys olivaceus,Bastard halibut,"Flounders, halibuts, soles",Pacific Northwest,0.749110022,1.164537072,1.363965743,1.491772503,1.689751814,0.247909455,1.311541455,36182.0283,1982,0.709983639,86967.53187,13515.63416,0.354991819,10983,Domestic
Paralichthys_olivaceus-Pacific_Northwest,Paralichthys olivaceus,Bastard halibut,"Flounders, halibuts, soles",Pacific Northwest,0.743000773,1.182060693,1.369612396,1.495254632,1.691672852,0.246529304,1.318949542,36182.0283,1983,0.709983639,86967.53187,13515.63416,0.354991819,10973,Domestic
Paralichthys_olivaceus-Pacific_Northwest,Paralichthys olivaceus,Bastard halibut,"Flounders, halibuts, soles",Pacific Northwest,0.741875748,1.205249007,1.385888524,1.506138293,1.69828652,0.245367923,1.333561707,36182.0283,1984,0.709983639,86967.53187,13515.63416,0.354991819,10623,Domestic
Paralichthys_olivaceus-Pacific_Northwest,Paralichthys olivaceus,Bastard halibut,"Flounders, halibuts, soles",Pacific Northwest,0.733111833,1.212343522,1.384267384,1.504404286,1.693500182,0.243288362,1.334577506,36182.0283,1985,0.709983639,86967.53187,13515.63416,0.354991819,11067,Domestic
Paralichthys_olivaceus-Pacific_Northwest,Paralichthys olivaceus,Bastard halibut,"Flounders, halibuts, soles",Pacific Northwest,0.726188693,1.226337489,1.390169333,1.506718743,1.697534336,0.24274914,1.340283217,36182.0283,1986,0.709983639,86967.53187,13515.63416,0.354991819,10888,Domestic
Paralichthys_olivaceus-Pacific_Northwest,Paralichthys olivaceus,Bastard halibut,"Flounders, halibuts, soles",Pacific Northwest,0.746893215,1.272518009,1.431857204,1.544022477,1.731371312,0.243429083,1.379487386,36182.0283,1987,0.709983639,86967.53187,13515.63416,0.354991819,9540,Domestic
Paralichthys_olivaceus-Pacific_Northwest,Paralichthys olivaceus,Bastard halibut,"Flounders, halibuts, soles",Pacific Northwest,0.769189759,1.312138549,1.463849131,1.572869386,1.750044643,0.240029741,1.411802471,36182.0283,1988,0.709983639,86967.53187,13515.63416,0.354991819,9379,Domestic
Paralichthys_olivaceus-Pacific_Northwest,Paralichthys olivaceus,Bastard halibut,"Flounders, halibuts, soles",Pacific Northwest,0.809934021,1.363338622,1.507329953,1.610022506,1.780511949,0.23614206,1.45517194,36182.0283,1989,0.709983639,86967.53187,13515.63416,0.354991819,8663,Domestic
Paralichthys_olivaceus-Pacific_Northwest,Paralichthys olivaceus,Bastard halibut,"Flounders, halibuts, soles",Pacific Northwest,0.857372721,1.416660475,1.55023254,1.649129724,1.812308295,0.22878375,1.500436902,36182.0283,1990,0.709983639,86967.53187,13515.63416,0.354991819,7979,Domestic
Paralichthys_olivaceus-Pacific_Northwest,Paralichthys olivaceus,Bastard halibut,"Flounders, halibuts, soles",Pacific Northwest,0.901652181,1.446007315,1.563596119,1.656039325,1.816121568,0.215492806,1.519938946,36182.0283,1991,0.709983639,86967.53187,13515.63416,0.354991819,8370,Domestic
Paralichthys_olivaceus-Pacific_Northwest,Paralichthys olivaceus,Bastard halibut,"Flounders, halibuts, soles",Pacific Northwest,0.931801109,1.447446647,1.55402234,1.643065192,1.806385421,0.201863419,1.518713838,36182.0283,1992,0.709983639,86967.53187,13515.63416,0.354991819,8997,Domestic
Paralichthys_olivaceus-Pacific_Northwest,Paralichthys olivaceus,Bastard halibut,"Flounders, halibuts, soles",Pacific Northwest,0.973907729,1.453419884,1.555087787,1.642709062,1.80703031,0.192475437,1.52399256,36182.0283,1993,0.709983639,86967.53187,13515.63416,0.354991819,8922,Domestic
Paralichthys_olivaceus-Pacific_Northwest,Paralichthys olivaceus,Bastard halibut,"Flounders, halibuts, soles",Pacific Northwest,1.016691122,1.46309325,1.56246987,1.65044463,1.81362627,0.185358209,1.535515507,36182.0283,1994,0.709983639,86967.53187,13515.63416,0.354991819,8702,Domestic
Paralichthys_olivaceus-Pacific_Northwest,Paralichthys olivaceus,Bastard halibut,"Flounders, halibuts, soles",Pacific Northwest,1.042973867,1.448572043,1.543653351,1.632454553,1.80242633,0.176860849,1.522512137,36182.0283,1995,0.709983639,86967.53187,13515.63416,0.354991819,9472,Domestic
Paralichthys_olivaceus-Pacific_Northwest,Paralichthys olivaceus,Bastard halibut,"Flounders, halibuts, soles",Pacific Northwest,1.039690721,1.40800645,1.503200138,1.591215008,1.766507801,0.170195195,1.486281728,36182.0283,1996,0.709983639,86967.53187,13515.63416,0.354991819,10628,Domestic
Paralichthys_olivaceus-Pacific_Northwest,Paralichthys olivaceus,Bastard halibut,"Flounders, halibuts, soles",Pacific Northwest,1.057655348,1.403717808,1.499489153,1.589453872,1.759627105,0.167995571,1.48390157,36182.0283,1997,0.709983639,86967.53187,13515.63416,0.354991819,9953,Domestic
Paralichthys_olivaceus-Pacific_Northwest,Paralichthys olivaceus,Bastard halibut,"Flounders, halibuts, soles",Pacific Northwest,1.072951619,1.409076885,1.506859696,1.597211216,1.763252478,0.165853074,1.49125376,36182.0283,1998,0.709983639,86967.53187,13515.63416,0.354991819,9617,Domestic
Paralichthys_olivaceus-Pacific_Northwest,Paralichthys olivaceus,Bastard halibut,"Flounders, halibuts, soles",Pacific Northwest,1.107443916,1.434141132,1.531514025,1.621034447,1.784880229,0.165548611,1.514867634,36182.0283,1999,0.709983639,86967.53187,13515.63416,0.354991819,8877,Domestic
Paralichthys_olivaceus-Pacific_Northwest,Paralichthys olivaceus,Bastard halibut,"Flounders, halibuts, soles",Pacific Northwest,1.116241759,1.440594478,1.535249409,1.625979986,1.790160399,0.161925086,1.520986823,36182.0283,2000,0.709983639,86967.53187,13515.63416,0.354991819,9179,Domestic
Paralichthys_olivaceus-Pacific_Northwest,Paralichthys olivaceus,Bastard halibut,"Flounders, halibuts, soles",Pacific Northwest,1.149170813,1.465675382,1.560596275,1.648421668,1.810783341,0.160253123,1.545382357,36182.0283,2001,0.709983639,86967.53187,13515.63416,0.354991819,8436,Domestic
Paralichthys_olivaceus-Pacific_Northwest,Paralichthys olivaceus,Bastard halibut,"Flounders, halibuts, soles",Pacific Northwest,1.18479611,1.479355398,1.571190255,1.656809353,1.815611655,0.155543965,1.556880869,36182.0283,2002,0.709983639,86967.53187,13515.63416,0.354991819,8502,Domestic
Paralichthys_olivaceus-Pacific_Northwest,Paralichthys olivaceus,Bastard halibut,"Flounders, halibuts, soles",Pacific Northwest,1.210301511,1.492439407,1.58409773,1.668066963,1.827377983,0.151962519,1.570823191,36182.0283,2003,0.709983639,86967.53187,13515.63416,0.354991819,8247,Domestic
Paralichthys_olivaceus-Pacific_Northwest,Paralichthys olivaceus,Bastard halibut,"Flounders, halibuts, soles",Pacific Northwest,1.241813245,1.517673733,1.607632681,1.690494301,1.845895635,0.147902533,1.594547803,36182.0283,2004,0.709983639,86967.53187,13515.63416,0.354991819,7654,Domestic
Paralichthys_olivaceus-Pacific_Northwest,Paralichthys olivaceus,Bastard halibut,"Flounders, halibuts, soles",Pacific Northwest,1.265615049,1.519943881,1.605169778,1.685402564,1.84063455,0.141796373,1.594463738,36182.0283,2005,0.709983639,86967.53187,13515.63416,0.354991819,8207,Domestic
Paralichthys_olivaceus-Pacific_Northwest,Paralichthys olivaceus,Bastard halibut,"Flounders, halibuts, soles",Pacific Northwest,1.25486873,1.479501251,1.561621994,1.642841579,1.803916091,0.136093995,1.556103249,36182.0283,2006,0.709983639,86967.53187,13515.63416,0.354991819,9686,Domestic
Paralichthys_olivaceus-Pacific_Northwest,Paralichthys olivaceus,Bastard halibut,"Flounders, halibuts, soles",Pacific Northwest,1.217280107,1.413734493,1.4981755,1.583056464,1.751521705,0.13464762,1.495809091,36182.0283,2007,0.709983639,86967.53187,13515.63416,0.354991819,11210,Domestic
Paralichthys_olivaceus-Pacific_Northwest,Paralichthys olivaceus,Bastard halibut,"Flounders, halibuts, soles",Pacific Northwest,1.172595715,1.357691426,1.444754793,1.536343331,1.710881548,0.137353075,1.445018433,36182.0283,2008,0.709983639,86967.53187,13515.63416,0.354991819,11763,Domestic
Paralichthys_olivaceus-Pacific_Northwest,Paralichthys olivaceus,Bastard halibut,"Flounders, halibuts, soles",Pacific Northwest,1.107829362,1.29371457,1.387793051,1.481690165,1.662017289,0.142445167,1.387361792,36182.0283,2009,0.709983639,86967.53187,13515.63416,0.354991819,12657,Domestic
Paralichthys_olivaceus-Pacific_Northwest,Paralichthys olivaceus,Bastard halibut,"Flounders, halibuts, soles",Pacific Northwest,1.022795867,1.214101813,1.317119766,1.418412273,1.607170425,0.151008182,1.316225937,36182.0283,2010,0.709983639,86967.53187,13515.63416,0.354991819,13736,Domestic
Paralichthys_olivaceus-Pacific_Northwest,Paralichthys olivaceus,Bastard halibut,"Flounders, halibuts, soles",Pacific Northwest,1.01547956,1.22109493,1.329796036,1.431569737,1.621302875,0.155741589,1.325319631,36182.0283,2011,0.709983639,86967.53187,13515.63416,0.354991819,11328,Domestic
Paralichthys_olivaceus-Pacific_Northwest,Paralichthys olivaceus,Bastard halibut,"Flounders, halibuts, soles",Pacific Northwest,1.028426978,1.249379768,1.356165798,1.458104763,1.640497709,0.156823731,1.350554503,36182.0283,2012,0.709983639,86967.53187,13515.63416,0.354991819,10449,Domestic
Paralichthys_olivaceus-Pacific_Northwest,Paralichthys olivaceus,Bastard halibut,"Flounders, halibuts, soles",Pacific Northwest,1.001704684,1.23048857,1.334997304,1.431568871,1.60781972,0.153883054,1.327384664,36182.0283,2013,0.709983639,86967.53187,13515.63416,0.354991819,11804,Domestic
Paralichthys_olivaceus-Pacific_Northwest,Paralichthys olivaceus,Bastard halibut,"Flounders, halibuts, soles",Pacific Northwest,0.977044815,1.211563312,1.310823012,1.401064545,1.564666609,0.147690051,1.300325541,36182.0283,2014,0.709983639,86967.53187,13515.63416,0.354991819,11956,Domestic
Paralichthys_olivaceus-Pacific_Northwest,Paralichthys olivaceus,Bastard halibut,"Flounders, halibuts, soles",Pacific Northwest,0.956754811,1.204470254,1.299082628,1.374871389,1.507588816,0.137720298,1.281224609,36182.0283,2015,0.709983639,86967.53187,13515.63416,0.354991819,11611,Domestic
Paralichthys_olivaceus-Pacific_Northwest,Paralichthys olivaceus,Bastard halibut,"Flounders, halibuts, soles",Pacific Northwest,0.964831257,1.227740791,1.315057944,1.365213629,1.397099218,0.117320916,1.278463588,36182.0283,2016,0.709983639,86967.53187,13515.63416,0.354991819,10665,Domestic
Patinopecten_yessoensis-Pacific_Northwest,Patinopecten yessoensis,Yesso scallop,"Scallops, pectens",Pacific Northwest,1.009803991,1.213894542,1.381533174,1.569259593,1.872900777,0.235838798,1.399556497,2253490.713,1950,0.319119698,3518000.372,274623.6538,0.159559849,12800,Domestic
Patinopecten_yessoensis-Pacific_Northwest,Patinopecten yessoensis,Yesso scallop,"Scallops, pectens",Pacific Northwest,1.127456993,1.340157213,1.500841682,1.670746794,1.888455527,0.212737246,1.505026653,2253490.713,1951,0.319119698,3518000.372,274623.6538,0.159559849,12300,Domestic
Patinopecten_yessoensis-Pacific_Northwest,Patinopecten yessoensis,Yesso scallop,"Scallops, pectens",Pacific Northwest,1.232828081,1.460686952,1.598063973,1.738717591,1.941321636,0.190947051,1.595825572,2253490.713,1952,0.319119698,3518000.372,274623.6538,0.159559849,12100,Domestic
Patinopecten_yessoensis-Pacific_Northwest,Patinopecten yessoensis,Yesso scallop,"Scallops, pectens",Pacific Northwest,1.33182667,1.538684731,1.6741881,1.792269241,1.960501322,0.167351514,1.664990139,2253490.713,1953,0.319119698,3518000.372,274623.6538,0.159559849,13600,Domestic
Patinopecten_yessoensis-Pacific_Northwest,Patinopecten yessoensis,Yesso scallop,"Scallops, pectens",Pacific Northwest,1.404023014,1.597687368,1.720694789,1.828022872,1.956878923,0.150304492,1.710203414,2253490.713,1954,0.319119698,3518000.372,274623.6538,0.159559849,18300,Domestic
Patinopecten_yessoensis-Pacific_Northwest,Patinopecten yessoensis,Yesso scallop,"Scallops, pectens",Pacific Northwest,1.457442805,1.657496574,1.759458517,1.848309737,1.969884631,0.136802609,1.745923009,2253490.713,1955,0.319119698,3518000.372,274623.6538,0.159559849,16600,Domestic
Patinopecten_yessoensis-Pacific_Northwest,Patinopecten yessoensis,Yesso scallop,"Scallops, pectens",Pacific Northwest,1.484283739,1.685981043,1.774224006,1.865460958,1.965458516,0.124549396,1.76860153,2253490.713,1956,0.319119698,3518000.372,274623.6538,0.159559849,14800,Domestic
Patinopecten_yessoensis-Pacific_Northwest,Patinopecten yessoensis,Yesso scallop,"Scallops, pectens",Pacific Northwest,1.516180341,1.720706237,1.803395774,1.869332332,1.973628162,0.113427956,1.789387351,2253490.713,1957,0.319119698,3518000.372,274623.6538,0.159559849,15300,Domestic
Patinopecten_yessoensis-Pacific_Northwest,Patinopecten yessoensis,Yesso scallop,"Scallops, pectens",Pacific Northwest,1.563235418,1.732390308,1.807921525,1.885659125,1.979093332,0.10936876,1.802248231,2253490.713,1958,0.319119698,3518000.372,274623.6538,0.159559849,19800,Domestic
Patinopecten_yessoensis-Pacific_Northwest,Patinopecten yessoensis,Yesso scallop,"Scallops, pectens",Pacific Northwest,1.591147493,1.738003176,1.813028465,1.88568013,1.975956065,0.103323365,1.804784663,2253490.713,1959,0.319119698,3518000.372,274623.6538,0.159559849,21700,Domestic
Patinopecten_yessoensis-Pacific_Northwest,Patinopecten yessoensis,Yesso scallop,"Scallops, pectens",Pacific Northwest,1.613516329,1.745738889,1.82016011,1.882867387,1.986503245,0.099416287,1.813024476,2253490.713,1960,0.319119698,3518000.372,274623.6538,0.159559849,14200,Domestic
Patinopecten_yessoensis-Pacific_Northwest,Patinopecten yessoensis,Yesso scallop,"Scallops, pectens",Pacific Northwest,1.594280414,1.7536633,1.824761424,1.897174644,1.981442549,0.102787587,1.817693836,2253490.713,1961,0.319119698,3518000.372,274623.6538,0.159559849,10900,Domestic
Patinopecten_yessoensis-Pacific_Northwest,Patinopecten yessoensis,Yesso scallop,"Scallops, pectens",Pacific Northwest,1.590032884,1.750151993,1.824414905,1.896078803,1.983299573,0.102896179,1.815704784,2253490.713,1962,0.319119698,3518000.372,274623.6538,0.159559849,15400,Domestic
Patinopecten_yessoensis-Pacific_Northwest,Patinopecten yessoensis,Yesso scallop,"Scallops, pectens",Pacific Northwest,1.611863708,1.754308766,1.825392715,1.889870496,1.982987377,0.098062778,1.818488774,2253490.713,1963,0.319119698,3518000.372,274623.6538,0.159559849,11600,Domestic
Patinopecten_yessoensis-Pacific_Northwest,Patinopecten yessoensis,Yesso scallop,"Scallops, pectens",Pacific Northwest,1.631187827,1.767798331,1.828492505,1.896531028,1.982507554,0.093188083,1.826532804,2253490.713,1964,0.319119698,3518000.372,274623.6538,0.159559849,6900,Domestic
Patinopecten_yessoensis-Pacific_Northwest,Patinopecten yessoensis,Yesso scallop,"Scallops, pectens",Pacific Northwest,1.606937945,1.766315798,1.835094113,1.898180157,1.979430334,0.095685587,1.826930214,2253490.713,1965,0.319119698,3518000.372,274623.6538,0.159559849,5700,Domestic
Patinopecten_yessoensis-Pacific_Northwest,Patinopecten yessoensis,Yesso scallop,"Scallops, pectens",Pacific Northwest,1.607699735,1.765035681,1.837621909,1.900320898,1.981509897,0.096381644,1.827705174,2253490.713,1966,0.319119698,3518000.372,274623.6538,0.159559849,7400,Domestic
Patinopecten_yessoensis-Pacific_Northwest,Patinopecten yessoensis,Yesso scallop,"Scallops, pectens",Pacific Northwest,1.620517732,1.774147659,1.841446513,1.901753881,1.978192344,0.093709395,1.831461405,2253490.713,1967,0.319119698,3518000.372,274623.6538,0.159559849,6800,Domestic
Patinopecten_yessoensis-Pacific_Northwest,Patinopecten yessoensis,Yesso scallop,"Scallops, pectens",Pacific Northwest,1.626440602,1.770590391,1.837920671,1.900546767,1.980329145,0.093768688,1.829195919,2253490.713,1968,0.319119698,3518000.372,274623.6538,0.159559849,5000,Domestic
Patinopecten_yessoensis-Pacific_Northwest,Patinopecten yessoensis,Yesso scallop,"Scallops, pectens",Pacific Northwest,1.644645373,1.764893489,1.835026695,1.897320044,1.985809598,0.09290671,1.828560824,2253490.713,1969,0.319119698,3518000.372,274623.6538,0.159559849,14600,Domestic
Patinopecten_yessoensis-Pacific_Northwest,Patinopecten yessoensis,Yesso scallop,"Scallops, pectens",Pacific Northwest,1.621830304,1.76480895,1.836710327,1.90361818,1.984203073,0.094905718,1.829068847,2253490.713,1970,0.319119698,3518000.372,274623.6538,0.159559849,10865,Domestic
Patinopecten_yessoensis-Pacific_Northwest,Patinopecten yessoensis,Yesso scallop,"Scallops, pectens",Pacific Northwest,1.615690942,1.767279309,1.831402823,1.895693524,1.984718899,0.097477937,1.826214046,2253490.713,1971,0.319119698,3518000.372,274623.6538,0.159559849,15244,Domestic
Patinopecten_yessoensis-Pacific_Northwest,Patinopecten yessoensis,Yesso scallop,"Scallops, pectens",Pacific Northwest,1.608090203,1.755672804,1.825562347,1.889954785,1.983922332,0.099193625,1.81857034,2253490.713,1972,0.319119698,3518000.372,274623.6538,0.159559849,23948,Domestic
Patinopecten_yessoensis-Pacific_Northwest,Patinopecten yessoensis,Yesso scallop,"Scallops, pectens",Pacific Northwest,1.612210148,1.761189112,1.829305998,1.897222166,1.984398196,0.097080849,1.82286159,2253490.713,1973,0.319119698,3518000.372,274623.6538,0.159559849,22458,Domestic
Patinopecten_yessoensis-Pacific_Northwest,Patinopecten yessoensis,Yesso scallop,"Scallops, pectens",Pacific Northwest,1.599080437,1.766077115,1.837605066,1.904713166,1.985456205,0.10138762,1.826621106,2253490.713,1974,0.319119698,3518000.372,274623.6538,0.159559849,25699,Domestic
Patinopecten_yessoensis-Pacific_Northwest,Patinopecten yessoensis,Yesso scallop,"Scallops, pectens",Pacific Northwest,1.619072322,1.756328956,1.831791244,1.896713739,1.985850757,0.100112483,1.823791339,2253490.713,1975,0.319119698,3518000.372,274623.6538,0.159559849,30294,Domestic
Patinopecten_yessoensis-Pacific_Northwest,Patinopecten yessoensis,Yesso scallop,"Scallops, pectens",Pacific Northwest,1.598652548,1.757436806,1.834389289,1.89665852,1.985604566,0.10124591,1.822028744,2253490.713,1976,0.319119698,3518000.372,274623.6538,0.159559849,31417,Domestic
Patinopecten_yessoensis-Pacific_Northwest,Patinopecten yessoensis,Yesso scallop,"Scallops, pectens",Pacific Northwest,1.614450904,1.754144138,1.824462252,1.893297153,1.982405678,0.097002552,1.819091297,2253490.713,1977,0.319119698,3518000.372,274623.6538,0.159559849,44058,Domestic
Patinopecten_yessoensis-Pacific_Northwest,Patinopecten yessoensis,Yesso scallop,"Scallops, pectens",Pacific Northwest,1.592873342,1.73675736,1.811589622,1.879061045,1.976220089,0.100065926,1.806228334,2253490.713,1978,0.319119698,3518000.372,274623.6538,0.159559849,60260,Domestic
Patinopecten_yessoensis-Pacific_Northwest,Patinopecten yessoensis,Yesso scallop,"Scallops, pectens",Pacific Northwest,1.564822906,1.724929495,1.799287697,1.873220703,1.97312826,0.104494853,1.795005355,2253490.713,1979,0.319119698,3518000.372,274623.6538,0.159559849,82448,Domestic
Patinopecten_yessoensis-Pacific_Northwest,Patinopecten yessoensis,Yesso scallop,"Scallops, pectens",Pacific Northwest,1.572582837,1.715745167,1.792555445,1.858653578,1.970462011,0.104236892,1.785713095,2253490.713,1980,0.319119698,3518000.372,274623.6538,0.159559849,84934,Domestic
Patinopecten_yessoensis-Pacific_Northwest,Patinopecten yessoensis,Yesso scallop,"Scallops, pectens",Pacific Northwest,1.546584936,1.699099315,1.776809611,1.864202759,1.966449657,0.110301714,1.777172887,2253490.713,1981,0.319119698,3518000.372,274623.6538,0.159559849,93072,Domestic
Patinopecten_yessoensis-Pacific_Northwest,Patinopecten yessoensis,Yesso scallop,"Scallops, pectens",Pacific Northwest,1.546802017,1.693418974,1.777451718,1.856183572,1.974425384,0.113388634,1.771280656,2253490.713,1982,0.319119698,3518000.372,274623.6538,0.159559849,101267,Domestic
Patinopecten_yessoensis-Pacific_Northwest,Patinopecten yessoensis,Yesso scallop,"Scallops, pectens",Pacific Northwest,1.514262726,1.671375044,1.751496047,1.834148525,1.963009119,0.115309842,1.749050665,2253490.713,1983,0.319119698,3518000.372,274623.6538,0.159559849,130351,Domestic
Patinopecten_yessoensis-Pacific_Northwest,Patinopecten yessoensis,Yesso scallop,"Scallops, pectens",Pacific Northwest,1.487336873,1.654320346,1.741548209,1.817473184,1.952087485,0.117494203,1.733740722,2253490.713,1984,0.319119698,3518000.372,274623.6538,0.159559849,136768,Domestic
Patinopecten_yessoensis-Pacific_Northwest,Patinopecten yessoensis,Yesso scallop,"Scallops, pectens",Pacific Northwest,1.479039391,1.648566644,1.727027753,1.815725675,1.953918398,0.121202708,1.727587294,2253490.713,1985,0.319119698,3518000.372,274623.6538,0.159559849,121375,Domestic
Patinopecten_yessoensis-Pacific_Northwest,Patinopecten yessoensis,Yesso scallop,"Scallops, pectens",Pacific Northwest,1.490792682,1.64726858,1.727857101,1.810512896,1.958195583,0.119929642,1.729747248,2253490.713,1986,0.319119698,3518000.372,274623.6538,0.159559849,112995,Domestic
Patinopecten_yessoensis-Pacific_Northwest,Patinopecten yessoensis,Yesso scallop,"Scallops, pectens",Pacific Northwest,1.483980778,1.625256861,1.711630542,1.796544276,1.94485461,0.121771314,1.711330982,2253490.713,1987,0.319119698,3518000.372,274623.6538,0.159559849,148410,Domestic
Patinopecten_yessoensis-Pacific_Northwest,Patinopecten yessoensis,Yesso scallop,"Scallops, pectens",Pacific Northwest,1.454878889,1.60346265,1.693764377,1.776980149,1.924398566,0.123042797,1.691935937,2253490.713,1988,0.319119698,3518000.372,274623.6538,0.159559849,162546,Domestic
Patinopecten_yessoensis-Pacific_Northwest,Patinopecten yessoensis,Yesso scallop,"Scallops, pectens",Pacific Northwest,1.405053065,1.577351539,1.662345108,1.749413424,1.899120037,0.126552224,1.660069698,2253490.713,1989,0.319119698,3518000.372,274623.6538,0.159559849,192343,Domestic
Patinopecten_yessoensis-Pacific_Northwest,Patinopecten yessoensis,Yesso scallop,"Scallops, pectens",Pacific Northwest,1.363783636,1.526042057,1.608059603,1.699801252,1.864715668,0.12614655,1.612744788,2253490.713,1990,0.319119698,3518000.372,274623.6538,0.159559849,231770,Domestic
Patinopecten_yessoensis-Pacific_Northwest,Patinopecten yessoensis,Yesso scallop,"Scallops, pectens",Pacific Northwest,1.372158609,1.526607339,1.607879248,1.699931255,1.870207407,0.128980341,1.612064902,2253490.713,1991,0.319119698,3518000.372,274623.6538,0.159559849,180998,Domestic
Patinopecten_yessoensis-Pacific_Northwest,Patinopecten yessoensis,Yesso scallop,"Scallops, pectens",Pacific Northwest,1.340576251,1.516903115,1.605321754,1.697298701,1.870076702,0.134762587,1.605539296,2253490.713,1992,0.319119698,3518000.372,274623.6538,0.159559849,196301,Domestic
Patinopecten_yessoensis-Pacific_Northwest,Patinopecten yessoensis,Yesso scallop,"Scallops, pectens",Pacific Northwest,1.3323181,1.487547023,1.570422964,1.662525256,1.840203268,0.132738874,1.576997735,2253490.713,1993,0.319119698,3518000.372,274623.6538,0.159559849,226780,Domestic
Patinopecten_yessoensis-Pacific_Northwest,Patinopecten yessoensis,Yesso scallop,"Scallops, pectens",Pacific Northwest,1.272310747,1.437459143,1.530525632,1.618591256,1.779585245,0.131339406,1.528333446,2253490.713,1994,0.319119698,3518000.372,274623.6538,0.159559849,274290,Domestic
Patinopecten_yessoensis-Pacific_Northwest,Patinopecten yessoensis,Yesso scallop,"Scallops, pectens",Pacific Northwest,1.23654734,1.401654805,1.486242112,1.577807381,1.743090976,0.128540032,1.487922525,2253490.713,1995,0.319119698,3518000.372,274623.6538,0.159559849,279382,Domestic
Patinopecten_yessoensis-Pacific_Northwest,Patinopecten yessoensis,Yesso scallop,"Scallops, pectens",Pacific Northwest,1.201383719,1.358602463,1.448445907,1.54032508,1.710383346,0.132575604,1.451251356,2253490.713,1996,0.319119698,3518000.372,274623.6538,0.159559849,276406,Domestic
Patinopecten_yessoensis-Pacific_Northwest,Patinopecten yessoensis,Yesso scallop,"Scallops, pectens",Pacific Northwest,1.17825133,1.33528274,1.427024487,1.514713755,1.70369758,0.133667905,1.430331932,2253490.713,1997,0.319119698,3518000.372,274623.6538,0.159559849,266957,Domestic
Patinopecten_yessoensis-Pacific_Northwest,Patinopecten yessoensis,Yesso scallop,"Scallops, pectens",Pacific Northwest,1.146313609,1.29667402,1.386851761,1.483551003,1.661742904,0.134579173,1.391709046,2253490.713,1998,0.319119698,3518000.372,274623.6538,0.159559849,294211,Domestic
Patinopecten_yessoensis-Pacific_Northwest,Patinopecten yessoensis,Yesso scallop,"Scallops, pectens",Pacific Northwest,1.106679069,1.259998386,1.345104096,1.437794007,1.658858465,0.135601351,1.353593633,2253490.713,1999,0.319119698,3518000.372,274623.6538,0.159559849,305510,Domestic
Patinopecten_yessoensis-Pacific_Northwest,Patinopecten yessoensis,Yesso scallop,"Scallops, pectens",Pacific Northwest,1.066674999,1.227041115,1.30761973,1.397131826,1.621658604,0.137411812,1.317044478,2253490.713,2000,0.319119698,3518000.372,274623.6538,0.159559849,310104,Domestic
Patinopecten_yessoensis-Pacific_Northwest,Patinopecten yessoensis,Yesso scallop,"Scallops, pectens",Pacific Northwest,1.041103652,1.197960687,1.288999945,1.375791018,1.571713133,0.136691199,1.293048003,2253490.713,2001,0.319119698,3518000.372,274623.6538,0.159559849,293268,Domestic
Patinopecten_yessoensis-Pacific_Northwest,Patinopecten yessoensis,Yesso scallop,"Scallops, pectens",Pacific Northwest,1.004816016,1.164888686,1.252775771,1.352131504,1.563219932,0.141067933,1.262718115,2253490.713,2002,0.319119698,3518000.372,274623.6538,0.159559849,310303,Domestic
Patinopecten_yessoensis-Pacific_Northwest,Patinopecten yessoensis,Yesso scallop,"Scallops, pectens",Pacific Northwest,0.956172701,1.115828909,1.201628952,1.304868884,1.521783135,0.142018973,1.213357482,2253490.713,2003,0.319119698,3518000.372,274623.6538,0.159559849,347071,Domestic
Patinopecten_yessoensis-Pacific_Northwest,Patinopecten yessoensis,Yesso scallop,"Scallops, pectens",Pacific Northwest,0.93949967,1.081240352,1.174264653,1.279333853,1.489841626,0.143344074,1.18491933,2253490.713,2004,0.319119698,3518000.372,274623.6538,0.159559849,316788,Domestic
Patinopecten_yessoensis-Pacific_Northwest,Patinopecten yessoensis,Yesso scallop,"Scallops, pectens",Pacific Northwest,0.909066108,1.071157023,1.159182165,1.269717587,1.486035761,0.149001191,1.174167206,2253490.713,2005,0.319119698,3518000.372,274623.6538,0.159559849,290271,Domestic
Patinopecten_yessoensis-Pacific_Northwest,Patinopecten yessoensis,Yesso scallop,"Scallops, pectens",Pacific Northwest,0.889480429,1.063331298,1.158206542,1.268209927,1.517102217,0.152660115,1.171793743,2253490.713,2006,0.319119698,3518000.372,274623.6538,0.159559849,274459,Domestic
Patinopecten_yessoensis-Pacific_Northwest,Patinopecten yessoensis,Yesso scallop,"Scallops, pectens",Pacific Northwest,0.902708125,1.068793485,1.15910574,1.271565992,1.513996984,0.153976442,1.175602064,2253490.713,2007,0.319119698,3518000.372,274623.6538,0.159559849,260353,Domestic
Patinopecten_yessoensis-Pacific_Northwest,Patinopecten yessoensis,Yesso scallop,"Scallops, pectens",Pacific Northwest,0.876514725,1.039285797,1.135219195,1.252668438,1.485658362,0.157113158,1.147582377,2253490.713,2008,0.319119698,3518000.372,274623.6538,0.159559849,313793,Domestic
Patinopecten_yessoensis-Pacific_Northwest,Patinopecten yessoensis,Yesso scallop,"Scallops, pectens",Pacific Northwest,0.846049459,1.000577155,1.104867979,1.223620542,1.449422737,0.157288876,1.116896679,2253490.713,2009,0.319119698,3518000.372,274623.6538,0.159559849,323485,Domestic
Patinopecten_yessoensis-Pacific_Northwest,Patinopecten yessoensis,Yesso scallop,"Scallops, pectens",Pacific Northwest,0.802402131,0.959933906,1.06497548,1.200182901,1.425742183,0.162823681,1.085296396,2253490.713,2010,0.319119698,3518000.372,274623.6538,0.159559849,330727,Domestic
Patinopecten_yessoensis-Pacific_Northwest,Patinopecten yessoensis,Yesso scallop,"Scallops, pectens",Pacific Northwest,0.790017684,0.939501807,1.048646568,1.189413602,1.416972188,0.169745857,1.068097584,2253490.713,2011,0.319119698,3518000.372,274623.6538,0.159559849,306400,Domestic
Patinopecten_yessoensis-Pacific_Northwest,Patinopecten yessoensis,Yesso scallop,"Scallops, pectens",Pacific Northwest,0.759658771,0.902514879,1.030991807,1.169054062,1.397464752,0.178140311,1.042250873,2253490.713,2012,0.319119698,3518000.372,274623.6538,0.159559849,318081,Domestic
Patinopecten_yessoensis-Pacific_Northwest,Patinopecten yessoensis,Yesso scallop,"Scallops, pectens",Pacific Northwest,0.707481375,0.843490387,0.974433653,1.132016062,1.362039235,0.184697959,0.994738583,2253490.713,2013,0.319119698,3518000.372,274623.6538,0.159559849,351188,Domestic
Patinopecten_yessoensis-Pacific_Northwest,Patinopecten yessoensis,Yesso scallop,"Scallops, pectens",Pacific Northwest,0.635474652,0.776242975,0.913593558,1.094716037,1.314650168,0.195578519,0.939734047,2253490.713,2014,0.319119698,3518000.372,274623.6538,0.159559849,366723,Domestic
Patinopecten_yessoensis-Pacific_Northwest,Patinopecten yessoensis,Yesso scallop,"Scallops, pectens",Pacific Northwest,0.623405156,0.776787181,0.936656318,1.118638532,1.327493963,0.207688361,0.951402699,2253490.713,2015,0.319119698,3518000.372,274623.6538,0.159559849,242669,Domestic
Patinopecten_yessoensis-Pacific_Northwest,Patinopecten yessoensis,Yesso scallop,"Scallops, pectens",Pacific Northwest,0.616121424,0.786382192,0.967155573,1.152639976,1.368593576,0.220883796,0.972947208,2253490.713,2016,0.319119698,3518000.372,274623.6538,0.159559849,224435,Domestic
Pecten_maximus-Atlantic_Northeast,Pecten maximus,Great Atlantic scallop,"Scallops, pectens",Atlantic Northeast,1.04750057,1.262339849,1.43405038,1.627564212,1.905764631,0.23446342,1.448455907,287642.3861,1950,0.476516727,453819.3467,50458.46593,0.238258363,3500,CBA
Pecten_maximus-Atlantic_Northeast,Pecten maximus,Great Atlantic scallop,"Scallops, pectens",Atlantic Northeast,1.165499879,1.428490121,1.602188183,1.752816222,1.949245657,0.211817209,1.589589846,287642.3861,1951,0.476516727,453819.3467,50458.46593,0.238258363,3800,CBA
Pecten_maximus-Atlantic_Northeast,Pecten maximus,Great Atlantic scallop,"Scallops, pectens",Atlantic Northeast,1.287692023,1.564504053,1.71130523,1.833541556,1.976628641,0.184146207,1.688579092,287642.3861,1952,0.476516727,453819.3467,50458.46593,0.238258363,3700,CBA
Pecten_maximus-Atlantic_Northeast,Pecten maximus,Great Atlantic scallop,"Scallops, pectens",Atlantic Northeast,1.391581195,1.647724002,1.768259449,1.864818907,1.974659544,0.155692527,1.744146686,287642.3861,1953,0.476516727,453819.3467,50458.46593,0.238258363,5400,CBA
Pecten_maximus-Atlantic_Northeast,Pecten maximus,Great Atlantic scallop,"Scallops, pectens",Atlantic Northeast,1.482334856,1.707966447,1.809019464,1.889674935,1.983984253,0.13375347,1.788408429,287642.3861,1954,0.476516727,453819.3467,50458.46593,0.238258363,3300,CBA
Pecten_maximus-Atlantic_Northeast,Pecten maximus,Great Atlantic scallop,"Scallops, pectens",Atlantic Northeast,1.541904835,1.733499738,1.827339616,1.899342781,1.98607565,0.118808071,1.8088251,287642.3861,1955,0.476516727,453819.3467,50458.46593,0.238258363,5200,CBA
Pecten_maximus-Atlantic_Northeast,Pecten maximus,Great Atlantic scallop,"Scallops, pectens",Atlantic Northeast,1.576923586,1.747142069,1.829686367,1.901242958,1.986855401,0.10883011,1.81727378,287642.3861,1956,0.476516727,453819.3467,50458.46593,0.238258363,6100,CBA
Pecten_maximus-Atlantic_Northeast,Pecten maximus,Great Atlantic scallop,"Scallops, pectens",Atlantic Northeast,1.610371602,1.762846111,1.836924365,1.904244553,1.984730796,0.099632159,1.828028402,287642.3861,1957,0.476516727,453819.3467,50458.46593,0.238258363,4700,CBA
Pecten_maximus-Atlantic_Northeast,Pecten maximus,Great Atlantic scallop,"Scallops, pectens",Atlantic Northeast,1.628985248,1.773404805,1.8472032,1.908623546,1.986002144,0.096026857,1.835544941,287642.3861,1958,0.476516727,453819.3467,50458.46593,0.238258363,5000,CBA
Pecten_maximus-Atlantic_Northeast,Pecten maximus,Great Atlantic scallop,"Scallops, pectens",Atlantic Northeast,1.627778499,1.780821414,1.851351163,1.912511812,1.987402934,0.095656358,1.84008333,287642.3861,1959,0.476516727,453819.3467,50458.46593,0.238258363,5600,CBA
Pecten_maximus-Atlantic_Northeast,Pecten maximus,Great Atlantic scallop,"Scallops, pectens",Atlantic Northeast,1.630780912,1.772124598,1.841118207,1.906846542,1.986926093,0.095576915,1.833383019,287642.3861,1960,0.476516727,453819.3467,50458.46593,0.238258363,7900,CBA
Pecten_maximus-Atlantic_Northeast,Pecten maximus,Great Atlantic scallop,"Scallops, pectens",Atlantic Northeast,1.628011238,1.775595442,1.844014175,1.906091619,1.98621105,0.094502855,1.834993515,287642.3861,1961,0.476516727,453819.3467,50458.46593,0.238258363,7800,CBA
Pecten_maximus-Atlantic_Northeast,Pecten maximus,Great Atlantic scallop,"Scallops, pectens",Atlantic Northeast,1.626622174,1.768867233,1.839130772,1.905112001,1.986108717,0.096231443,1.831554626,287642.3861,1962,0.476516727,453819.3467,50458.46593,0.238258363,8800,CBA
Pecten_maximus-Atlantic_Northeast,Pecten maximus,Great Atlantic scallop,"Scallops, pectens",Atlantic Northeast,1.620107445,1.759953016,1.834285177,1.897767268,1.983471555,0.096962883,1.825214587,287642.3861,1963,0.476516727,453819.3467,50458.46593,0.238258363,9200,CBA
Pecten_maximus-Atlantic_Northeast,Pecten maximus,Great Atlantic scallop,"Scallops, pectens",Atlantic Northeast,1.620246,1.761020486,1.832838148,1.895910974,1.983175279,0.095955658,1.82437193,287642.3861,1964,0.476516727,453819.3467,50458.46593,0.238258363,10300,CBA
Pecten_maximus-Atlantic_Northeast,Pecten maximus,Great Atlantic scallop,"Scallops, pectens",Atlantic Northeast,1.615911486,1.762186424,1.832983854,1.897431375,1.984180499,0.09637579,1.825178658,287642.3861,1965,0.476516727,453819.3467,50458.46593,0.238258363,9600,CBA
Pecten_maximus-Atlantic_Northeast,Pecten maximus,Great Atlantic scallop,"Scallops, pectens",Atlantic Northeast,1.620119558,1.767195905,1.835548121,1.900698083,1.982930866,0.094864935,1.828472679,287642.3861,1966,0.476516727,453819.3467,50458.46593,0.238258363,9000,CBA
Pecten_maximus-Atlantic_Northeast,Pecten maximus,Great Atlantic scallop,"Scallops, pectens",Atlantic Northeast,1.625847692,1.767006183,1.835833541,1.900642984,1.984894839,0.094632976,1.829056724,287642.3861,1967,0.476516727,453819.3467,50458.46593,0.238258363,9900,CBA
Pecten_maximus-Atlantic_Northeast,Pecten maximus,Great Atlantic scallop,"Scallops, pectens",Atlantic Northeast,1.615987279,1.757224232,1.826699496,1.894016469,1.981820419,0.097202151,1.820607142,287642.3861,1968,0.476516727,453819.3467,50458.46593,0.238258363,12600,CBA
Pecten_maximus-Atlantic_Northeast,Pecten maximus,Great Atlantic scallop,"Scallops, pectens",Atlantic Northeast,1.580313459,1.729990285,1.801519456,1.868782791,1.970754181,0.100001958,1.796285093,287642.3861,1969,0.476516727,453819.3467,50458.46593,0.238258363,17700,CBA
Pecten_maximus-Atlantic_Northeast,Pecten maximus,Great Atlantic scallop,"Scallops, pectens",Atlantic Northeast,1.578969821,1.719643085,1.795440653,1.866383114,1.972379176,0.104616517,1.790263589,287642.3861,1970,0.476516727,453819.3467,50458.46593,0.238258363,17400,CBA
Pecten_maximus-Atlantic_Northeast,Pecten maximus,Great Atlantic scallop,"Scallops, pectens",Atlantic Northeast,1.535151756,1.671125539,1.750345919,1.826436383,1.949050695,0.109644378,1.746712485,287642.3861,1971,0.476516727,453819.3467,50458.46593,0.238258363,27300,CBA
Pecten_maximus-Atlantic_Northeast,Pecten maximus,Great Atlantic scallop,"Scallops, pectens",Atlantic Northeast,1.495661371,1.643448217,1.71867684,1.797547075,1.936007214,0.112182803,1.717884337,287642.3861,1972,0.476516727,453819.3467,50458.46593,0.238258363,27800,CBA
Pecten_maximus-Atlantic_Northeast,Pecten maximus,Great Atlantic scallop,"Scallops, pectens",Atlantic Northeast,1.405782916,1.548664272,1.627191215,1.70665843,1.852176616,0.115382929,1.627918082,287642.3861,1973,0.476516727,453819.3467,50458.46593,0.238258363,43300,CBA
Pecten_maximus-Atlantic_Northeast,Pecten maximus,Great Atlantic scallop,"Scallops, pectens",Atlantic Northeast,1.395170888,1.552994917,1.634097913,1.713073342,1.872104785,0.120952844,1.63374936,287642.3861,1974,0.476516727,453819.3467,50458.46593,0.238258363,29445,CBA
Pecten_maximus-Atlantic_Northeast,Pecten maximus,Great Atlantic scallop,"Scallops, pectens",Atlantic Northeast,1.392336545,1.558334194,1.641239663,1.725513473,1.885918591,0.125376893,1.639940276,287642.3861,1975,0.476516727,453819.3467,50458.46593,0.238258363,28427,CBA
Pecten_maximus-Atlantic_Northeast,Pecten maximus,Great Atlantic scallop,"Scallops, pectens",Atlantic Northeast,1.359449925,1.534636351,1.617948515,1.701455979,1.857357349,0.126187578,1.616148168,287642.3861,1976,0.476516727,453819.3467,50458.46593,0.238258363,33954,CBA
Pecten_maximus-Atlantic_Northeast,Pecten maximus,Great Atlantic scallop,"Scallops, pectens",Atlantic Northeast,1.370815117,1.549560989,1.641078523,1.729523057,1.887604113,0.131174636,1.637149514,287642.3861,1977,0.476516727,453819.3467,50458.46593,0.238258363,26036,CBA
Pecten_maximus-Atlantic_Northeast,Pecten maximus,Great Atlantic scallop,"Scallops, pectens",Atlantic Northeast,1.373858198,1.562418567,1.650173054,1.735456275,1.888597223,0.130792336,1.644892647,287642.3861,1978,0.476516727,453819.3467,50458.46593,0.238258363,26666,CBA
Pecten_maximus-Atlantic_Northeast,Pecten maximus,Great Atlantic scallop,"Scallops, pectens",Atlantic Northeast,1.377136258,1.56897574,1.657975774,1.742715914,1.895681565,0.130283315,1.653224855,287642.3861,1979,0.476516727,453819.3467,50458.46593,0.238258363,25691,CBA
Pecten_maximus-Atlantic_Northeast,Pecten maximus,Great Atlantic scallop,"Scallops, pectens",Atlantic Northeast,1.380624254,1.571591216,1.663245722,1.74464896,1.890656565,0.131010616,1.654294049,287642.3861,1980,0.476516727,453819.3467,50458.46593,0.238258363,26697,CBA
Pecten_maximus-Atlantic_Northeast,Pecten maximus,Great Atlantic scallop,"Scallops, pectens",Atlantic Northeast,1.397499524,1.585853677,1.679060635,1.762221528,1.918007502,0.131645762,1.671539605,287642.3861,1981,0.476516727,453819.3467,50458.46593,0.238258363,22981,CBA
Pecten_maximus-Atlantic_Northeast,Pecten maximus,Great Atlantic scallop,"Scallops, pectens",Atlantic Northeast,1.417182507,1.602424336,1.693584219,1.777527306,1.927413061,0.132417394,1.687395157,287642.3861,1982,0.476516727,453819.3467,50458.46593,0.238258363,21996,CBA
Pecten_maximus-Atlantic_Northeast,Pecten maximus,Great Atlantic scallop,"Scallops, pectens",Atlantic Northeast,1.435509628,1.622382559,1.708965851,1.795205333,1.937692441,0.129274186,1.705084771,287642.3861,1983,0.476516727,453819.3467,50458.46593,0.238258363,19854,CBA
Pecten_maximus-Atlantic_Northeast,Pecten maximus,Great Atlantic scallop,"Scallops, pectens",Atlantic Northeast,1.445473488,1.632813563,1.722924909,1.808093399,1.946249521,0.128273755,1.716572317,287642.3861,1984,0.476516727,453819.3467,50458.46593,0.238258363,20732,CBA
Pecten_maximus-Atlantic_Northeast,Pecten maximus,Great Atlantic scallop,"Scallops, pectens",Atlantic Northeast,1.445969234,1.64205444,1.732555829,1.811585761,1.940418906,0.124503217,1.72294468,287642.3861,1985,0.476516727,453819.3467,50458.46593,0.238258363,20130,CBA
Pecten_maximus-Atlantic_Northeast,Pecten maximus,Great Atlantic scallop,"Scallops, pectens",Atlantic Northeast,1.474944254,1.661782072,1.749455598,1.825752809,1.956487282,0.121661102,1.739261157,287642.3861,1986,0.476516727,453819.3467,50458.46593,0.238258363,17328,CBA
Pecten_maximus-Atlantic_Northeast,Pecten maximus,Great Atlantic scallop,"Scallops, pectens",Atlantic Northeast,1.500516291,1.681743615,1.764925402,1.843635047,1.959967621,0.118533078,1.756956608,287642.3861,1987,0.476516727,453819.3467,50458.46593,0.238258363,15336,CBA
Pecten_maximus-Atlantic_Northeast,Pecten maximus,Great Atlantic scallop,"Scallops, pectens",Atlantic Northeast,1.516827676,1.692264175,1.770541135,1.848254673,1.965936666,0.115797889,1.764369755,287642.3861,1988,0.476516727,453819.3467,50458.46593,0.238258363,15803,CBA
Pecten_maximus-Atlantic_Northeast,Pecten maximus,Great Atlantic scallop,"Scallops, pectens",Atlantic Northeast,1.531812907,1.714189697,1.793466649,1.868746659,1.974202611,0.11267865,1.78491063,287642.3861,1989,0.476516727,453819.3467,50458.46593,0.238258363,12495,CBA
Pecten_maximus-Atlantic_Northeast,Pecten maximus,Great Atlantic scallop,"Scallops, pectens",Atlantic Northeast,1.561230503,1.728301153,1.806703303,1.880321248,1.978210601,0.109796778,1.797765117,287642.3861,1990,0.476516727,453819.3467,50458.46593,0.238258363,12384,CBA
Pecten_maximus-Atlantic_Northeast,Pecten maximus,Great Atlantic scallop,"Scallops, pectens",Atlantic Northeast,1.560705185,1.724896017,1.800882857,1.870862634,1.976205854,0.107947836,1.792173007,287642.3861,1991,0.476516727,453819.3467,50458.46593,0.238258363,15001,CBA
Pecten_maximus-Atlantic_Northeast,Pecten maximus,Great Atlantic scallop,"Scallops, pectens",Atlantic Northeast,1.537611371,1.695875816,1.772159046,1.848197149,1.96512768,0.109191741,1.767748011,287642.3861,1992,0.476516727,453819.3467,50458.46593,0.238258363,21220,CBA
Pecten_maximus-Atlantic_Northeast,Pecten maximus,Great Atlantic scallop,"Scallops, pectens",Atlantic Northeast,1.537329509,1.689453227,1.766266887,1.84114689,1.961630275,0.11056542,1.761372473,287642.3861,1993,0.476516727,453819.3467,50458.46593,0.238258363,20437,CBA
Pecten_maximus-Atlantic_Northeast,Pecten maximus,Great Atlantic scallop,"Scallops, pectens",Atlantic Northeast,1.508070176,1.66114909,1.740486557,1.820121778,1.944468929,0.11320931,1.737044091,287642.3861,1994,0.476516727,453819.3467,50458.46593,0.238258363,24994,CBA
Pecten_maximus-Atlantic_Northeast,Pecten maximus,Great Atlantic scallop,"Scallops, pectens",Atlantic Northeast,1.502981705,1.651481221,1.728882702,1.806047331,1.947000715,0.112851869,1.7280202,287642.3861,1995,0.476516727,453819.3467,50458.46593,0.238258363,23471,CBA
Pecten_maximus-Atlantic_Northeast,Pecten maximus,Great Atlantic scallop,"Scallops, pectens",Atlantic Northeast,1.487116668,1.644510095,1.721186801,1.797799398,1.9385535,0.11382629,1.71918266,287642.3861,1996,0.476516727,453819.3467,50458.46593,0.238258363,24098,CBA
Pecten_maximus-Atlantic_Northeast,Pecten maximus,Great Atlantic scallop,"Scallops, pectens",Atlantic Northeast,1.473883555,1.627018835,1.702298896,1.782097885,1.9168436,0.114883847,1.702630612,287642.3861,1997,0.476516727,453819.3467,50458.46593,0.238258363,26710,CBA
Pecten_maximus-Atlantic_Northeast,Pecten maximus,Great Atlantic scallop,"Scallops, pectens",Atlantic Northeast,1.467162261,1.62041094,1.70409814,1.781910193,1.921947338,0.11701234,1.700020347,287642.3861,1998,0.476516727,453819.3467,50458.46593,0.238258363,25252,CBA
Pecten_maximus-Atlantic_Northeast,Pecten maximus,Great Atlantic scallop,"Scallops, pectens",Atlantic Northeast,1.48859495,1.656549309,1.737759929,1.817451725,1.945313143,0.116551363,1.733483782,287642.3861,1999,0.476516727,453819.3467,50458.46593,0.238258363,17265,CBA
Pecten_maximus-Atlantic_Northeast,Pecten maximus,Great Atlantic scallop,"Scallops, pectens",Atlantic Northeast,1.510704447,1.672188192,1.755734276,1.833626779,1.958251102,0.115633889,1.749512014,287642.3861,2000,0.476516727,453819.3467,50458.46593,0.238258363,18186,CBA
Pecten_maximus-Atlantic_Northeast,Pecten maximus,Great Atlantic scallop,"Scallops, pectens",Atlantic Northeast,1.486348648,1.635746578,1.71224457,1.790706653,1.924020133,0.113088262,1.710415079,287642.3861,2001,0.476516727,453819.3467,50458.46593,0.238258363,30586,CBA
Pecten_maximus-Atlantic_Northeast,Pecten maximus,Great Atlantic scallop,"Scallops, pectens",Atlantic Northeast,1.447468996,1.598472864,1.674003157,1.755521159,1.904624517,0.11593663,1.675867599,287642.3861,2002,0.476516727,453819.3467,50458.46593,0.238258363,33557,CBA
Pecten_maximus-Atlantic_Northeast,Pecten maximus,Great Atlantic scallop,"Scallops, pectens",Atlantic Northeast,1.420647847,1.569391477,1.645509622,1.728116444,1.881748075,0.116045914,1.648892509,287642.3861,2003,0.476516727,453819.3467,50458.46593,0.238258363,33974,CBA
Pecten_maximus-Atlantic_Northeast,Pecten maximus,Great Atlantic scallop,"Scallops, pectens",Atlantic Northeast,1.339079325,1.481041736,1.557648714,1.637657155,1.786360375,0.114052794,1.560848449,287642.3861,2004,0.476516727,453819.3467,50458.46593,0.238258363,49270,CBA
Pecten_maximus-Atlantic_Northeast,Pecten maximus,Great Atlantic scallop,"Scallops, pectens",Atlantic Northeast,1.278737071,1.417908769,1.495999551,1.577012824,1.74552783,0.118141916,1.499552271,287642.3861,2005,0.476516727,453819.3467,50458.46593,0.238258363,49290,CBA
Pecten_maximus-Atlantic_Northeast,Pecten maximus,Great Atlantic scallop,"Scallops, pectens",Atlantic Northeast,1.229437657,1.362314686,1.445064833,1.525281052,1.692557851,0.119012683,1.447605826,287642.3861,2006,0.476516727,453819.3467,50458.46593,0.238258363,51030,CBA
Pecten_maximus-Atlantic_Northeast,Pecten maximus,Great Atlantic scallop,"Scallops, pectens",Atlantic Northeast,1.178735987,1.313393576,1.394553251,1.480410047,1.639629909,0.119562765,1.39957094,287642.3861,2007,0.476516727,453819.3467,50458.46593,0.238258363,52515,CBA
Pecten_maximus-Atlantic_Northeast,Pecten maximus,Great Atlantic scallop,"Scallops, pectens",Atlantic Northeast,1.138273193,1.272115508,1.353598205,1.440881117,1.611160326,0.122122458,1.360184106,287642.3861,2008,0.476516727,453819.3467,50458.46593,0.238258363,52752,CBA
Pecten_maximus-Atlantic_Northeast,Pecten maximus,Great Atlantic scallop,"Scallops, pectens",Atlantic Northeast,1.078373195,1.205574293,1.286556014,1.371415265,1.564375008,0.124185401,1.293557632,287642.3861,2009,0.476516727,453819.3467,50458.46593,0.238258363,59828,CBA
Pecten_maximus-Atlantic_Northeast,Pecten maximus,Great Atlantic scallop,"Scallops, pectens",Atlantic Northeast,0.99989099,1.12704815,1.206522051,1.301021834,1.507330689,0.128763703,1.219587559,287642.3861,2010,0.476516727,453819.3467,50458.46593,0.238258363,63724,CBA
Pecten_maximus-Atlantic_Northeast,Pecten maximus,Great Atlantic scallop,"Scallops, pectens",Atlantic Northeast,0.933432718,1.05798302,1.138237162,1.245205727,1.449187237,0.133660493,1.155864784,287642.3861,2011,0.476516727,453819.3467,50458.46593,0.238258363,63052,CBA
Pecten_maximus-Atlantic_Northeast,Pecten maximus,Great Atlantic scallop,"Scallops, pectens",Atlantic Northeast,0.862784917,0.980983563,1.070447084,1.187108401,1.404641898,0.144681186,1.090816917,287642.3861,2012,0.476516727,453819.3467,50458.46593,0.238258363,63681,CBA
Pecten_maximus-Atlantic_Northeast,Pecten maximus,Great Atlantic scallop,"Scallops, pectens",Atlantic Northeast,0.77765737,0.894982199,0.994657766,1.129286954,1.362421723,0.158252028,1.020472456,287642.3861,2013,0.476516727,453819.3467,50458.46593,0.238258363,65632,CBA
Pecten_maximus-Atlantic_Northeast,Pecten maximus,Great Atlantic scallop,"Scallops, pectens",Atlantic Northeast,0.741485963,0.854635535,0.967338671,1.126001413,1.365292214,0.175609536,0.99805384,287642.3861,2014,0.476516727,453819.3467,50458.46593,0.238258363,55726,CBA
Pecten_maximus-Atlantic_Northeast,Pecten maximus,Great Atlantic scallop,"Scallops, pectens",Atlantic Northeast,0.694026197,0.809364305,0.941570859,1.115314619,1.367442144,0.19364585,0.972267823,287642.3861,2015,0.476516727,453819.3467,50458.46593,0.238258363,55501,CBA
Pecten_maximus-Atlantic_Northeast,Pecten maximus,Great Atlantic scallop,"Scallops, pectens",Atlantic Northeast,0.613346165,0.740024719,0.898102891,1.086806592,1.347762646,0.215338396,0.924264333,287642.3861,2016,0.476516727,453819.3467,50458.46593,0.238258363,59922,CBA
Penaeus_chinensis-Pacific_Northwest,Penaeus chinensis,Fleshy prawn,"Shrimps, prawns",Pacific Northwest,1.083253912,1.316114598,1.490421957,1.67480654,1.931569661,0.232505381,1.496058298,540845.057,1970,0.615797063,852731.2475,122224.2325,0.307898531,14814,Domestic
Penaeus_chinensis-Pacific_Northwest,Penaeus chinensis,Fleshy prawn,"Shrimps, prawns",Pacific Northwest,1.237162189,1.515547063,1.67933615,1.816215448,1.971127191,0.201225342,1.657053859,540845.057,1971,0.615797063,852731.2475,122224.2325,0.307898531,13331,Domestic
Penaeus_chinensis-Pacific_Northwest,Penaeus chinensis,Fleshy prawn,"Shrimps, prawns",Pacific Northwest,1.37201053,1.653982143,1.787895044,1.881707182,1.982950809,0.165613306,1.75438507,540845.057,1972,0.615797063,852731.2475,122224.2325,0.307898531,12399,Domestic
Penaeus_chinensis-Pacific_Northwest,Penaeus chinensis,Fleshy prawn,"Shrimps, prawns",Pacific Northwest,1.433464683,1.68471666,1.782415711,1.862406462,1.972185752,0.138316827,1.761734034,540845.057,1973,0.615797063,852731.2475,122224.2325,0.307898531,36164,Domestic
Penaeus_chinensis-Pacific_Northwest,Penaeus chinensis,Fleshy prawn,"Shrimps, prawns",Pacific Northwest,1.46662783,1.687690341,1.771131588,1.846729154,1.966268746,0.125789539,1.758407102,540845.057,1974,0.615797063,852731.2475,122224.2325,0.307898531,42475,Domestic
Penaeus_chinensis-Pacific_Northwest,Penaeus chinensis,Fleshy prawn,"Shrimps, prawns",Pacific Northwest,1.504823278,1.705596265,1.786557275,1.858501806,1.97109661,0.11795386,1.775032097,540845.057,1975,0.615797063,852731.2475,122224.2325,0.307898531,34297,Domestic
Penaeus_chinensis-Pacific_Northwest,Penaeus chinensis,Fleshy prawn,"Shrimps, prawns",Pacific Northwest,1.578756445,1.770118947,1.849042703,1.914376741,1.989360412,0.108987252,1.83282462,540845.057,1976,0.615797063,852731.2475,122224.2325,0.307898531,9596,Domestic
Penaeus_chinensis-Pacific_Northwest,Penaeus chinensis,Fleshy prawn,"Shrimps, prawns",Pacific Northwest,1.603595686,1.773927377,1.844216844,1.907690314,1.987894388,0.101103541,1.833066933,540845.057,1977,0.615797063,852731.2475,122224.2325,0.307898531,23202,Domestic
Penaeus_chinensis-Pacific_Northwest,Penaeus chinensis,Fleshy prawn,"Shrimps, prawns",Pacific Northwest,1.601564084,1.753148807,1.824652218,1.888333029,1.978524146,0.099638573,1.815658046,540845.057,1978,0.615797063,852731.2475,122224.2325,0.307898531,34933,Domestic
Penaeus_chinensis-Pacific_Northwest,Penaeus chinensis,Fleshy prawn,"Shrimps, prawns",Pacific Northwest,1.564093772,1.71094569,1.779152373,1.847180287,1.95981152,0.101387168,1.775691955,540845.057,1979,0.615797063,852731.2475,122224.2325,0.307898531,49282,Domestic
Penaeus_chinensis-Pacific_Northwest,Penaeus chinensis,Fleshy prawn,"Shrimps, prawns",Pacific Northwest,1.58093165,1.735098676,1.808778628,1.877776953,1.977039601,0.103097553,1.801969788,540845.057,1980,0.615797063,852731.2475,122224.2325,0.307898531,27340,Domestic
Penaeus_chinensis-Pacific_Northwest,Penaeus chinensis,Fleshy prawn,"Shrimps, prawns",Pacific Northwest,1.606791678,1.762001298,1.832179468,1.899249024,1.98358668,0.098658715,1.824452379,540845.057,1981,0.615797063,852731.2475,122224.2325,0.307898531,19211,Domestic
Penaeus_chinensis-Pacific_Northwest,Penaeus chinensis,Fleshy prawn,"Shrimps, prawns",Pacific Northwest,1.660858367,1.805933176,1.874492448,1.934343048,1.992509026,0.090032673,1.862796572,540845.057,1982,0.615797063,852731.2475,122224.2325,0.307898531,2749,Domestic
Penaeus_chinensis-Pacific_Northwest,Penaeus chinensis,Fleshy prawn,"Shrimps, prawns",Pacific Northwest,1.670991679,1.810044094,1.876034753,1.9319507,1.991940598,0.086145088,1.864307084,540845.057,1983,0.615797063,852731.2475,122224.2325,0.307898531,12288,Domestic
Penaeus_chinensis-Pacific_Northwest,Penaeus chinensis,Fleshy prawn,"Shrimps, prawns",Pacific Northwest,1.672679905,1.805080578,1.869136672,1.926957131,1.990533901,0.085170784,1.860372804,540845.057,1984,0.615797063,852731.2475,122224.2325,0.307898531,16308,Domestic
Penaeus_chinensis-Pacific_Northwest,Penaeus chinensis,Fleshy prawn,"Shrimps, prawns",Pacific Northwest,1.644355707,1.773719065,1.837561864,1.899306166,1.982936762,0.089397998,1.832258391,540845.057,1985,0.615797063,852731.2475,122224.2325,0.307898531,33191,Domestic
Penaeus_chinensis-Pacific_Northwest,Penaeus chinensis,Fleshy prawn,"Shrimps, prawns",Pacific Northwest,1.636349094,1.767441593,1.832504688,1.895545248,1.9826657,0.091282811,1.827937574,540845.057,1986,0.615797063,852731.2475,122224.2325,0.307898531,30908,Domestic
Penaeus_chinensis-Pacific_Northwest,Penaeus chinensis,Fleshy prawn,"Shrimps, prawns",Pacific Northwest,1.619334501,1.758576823,1.826239715,1.890883644,1.980004701,0.09481869,1.819777732,540845.057,1987,0.615797063,852731.2475,122224.2325,0.307898531,34469,Domestic
Penaeus_chinensis-Pacific_Northwest,Penaeus chinensis,Fleshy prawn,"Shrimps, prawns",Pacific Northwest,1.569604165,1.700467228,1.767004238,1.834889413,1.956887678,0.098425596,1.76691185,540845.057,1988,0.615797063,852731.2475,122224.2325,0.307898531,55557,Domestic
Penaeus_chinensis-Pacific_Northwest,Penaeus chinensis,Fleshy prawn,"Shrimps, prawns",Pacific Northwest,1.599193523,1.745132336,1.81496783,1.884403497,1.978569153,0.100206627,1.809455641,540845.057,1989,0.615797063,852731.2475,122224.2325,0.307898531,26430,Domestic
Penaeus_chinensis-Pacific_Northwest,Penaeus chinensis,Fleshy prawn,"Shrimps, prawns",Pacific Northwest,1.587199716,1.731273736,1.801512421,1.870224442,1.971731896,0.099463136,1.796902921,540845.057,1990,0.615797063,852731.2475,122224.2325,0.307898531,39480,Domestic
Penaeus_chinensis-Pacific_Northwest,Penaeus chinensis,Fleshy prawn,"Shrimps, prawns",Pacific Northwest,1.58902284,1.73294408,1.803630432,1.870429111,1.974009325,0.099988139,1.798476051,540845.057,1991,0.615797063,852731.2475,122224.2325,0.307898531,37117,Domestic
Penaeus_chinensis-Pacific_Northwest,Penaeus chinensis,Fleshy prawn,"Shrimps, prawns",Pacific Northwest,1.584274873,1.728017071,1.798568216,1.866320759,1.971598912,0.100122148,1.793948608,540845.057,1992,0.615797063,852731.2475,122224.2325,0.307898531,38980,Domestic
Penaeus_chinensis-Pacific_Northwest,Penaeus chinensis,Fleshy prawn,"Shrimps, prawns",Pacific Northwest,1.62567554,1.775406902,1.846934808,1.91047453,1.988128545,0.096783713,1.836739251,540845.057,1993,0.615797063,852731.2475,122224.2325,0.307898531,17479,Domestic
Penaeus_chinensis-Pacific_Northwest,Penaeus chinensis,Fleshy prawn,"Shrimps, prawns",Pacific Northwest,1.592693123,1.730732796,1.800176367,1.864619404,1.969782527,0.097120011,1.795562686,540845.057,1994,0.615797063,852731.2475,122224.2325,0.307898531,47133,Domestic
Penaeus_chinensis-Pacific_Northwest,Penaeus chinensis,Fleshy prawn,"Shrimps, prawns",Pacific Northwest,1.581858192,1.720635953,1.790302574,1.859211954,1.968392712,0.099768055,1.787225754,540845.057,1995,0.615797063,852731.2475,122224.2325,0.307898531,44449,Domestic
Penaeus_chinensis-Pacific_Northwest,Penaeus chinensis,Fleshy prawn,"Shrimps, prawns",Pacific Northwest,1.545970596,1.685538711,1.756112326,1.82789031,1.94940437,0.103035117,1.754697366,540845.057,1996,0.615797063,852731.2475,122224.2325,0.307898531,56534,Domestic
Penaeus_chinensis-Pacific_Northwest,Penaeus chinensis,Fleshy prawn,"Shrimps, prawns",Pacific Northwest,1.506448399,1.645953035,1.719795887,1.790894847,1.920273306,0.106377632,1.717852298,540845.057,1997,0.615797063,852731.2475,122224.2325,0.307898531,66056,Domestic
Penaeus_chinensis-Pacific_Northwest,Penaeus chinensis,Fleshy prawn,"Shrimps, prawns",Pacific Northwest,1.471561963,1.613070492,1.686326447,1.761528939,1.905993651,0.110069987,1.687387927,540845.057,1998,0.615797063,852731.2475,122224.2325,0.307898531,70687,Domestic
Penaeus_chinensis-Pacific_Northwest,Penaeus chinensis,Fleshy prawn,"Shrimps, prawns",Pacific Northwest,1.470120776,1.616019772,1.692725972,1.770675534,1.912893875,0.113339519,1.692568789,540845.057,1999,0.615797063,852731.2475,122224.2325,0.307898531,61452,Domestic
Penaeus_chinensis-Pacific_Northwest,Penaeus chinensis,Fleshy prawn,"Shrimps, prawns",Pacific Northwest,1.437599548,1.587339482,1.664418471,1.74087121,1.894047973,0.11479247,1.663851572,540845.057,2000,0.615797063,852731.2475,122224.2325,0.307898531,73560,Domestic
Penaeus_chinensis-Pacific_Northwest,Penaeus chinensis,Fleshy prawn,"Shrimps, prawns",Pacific Northwest,1.395747374,1.54530891,1.623717804,1.702211475,1.857013408,0.116508964,1.624709249,540845.057,2001,0.615797063,852731.2475,122224.2325,0.307898531,83338,Domestic
Penaeus_chinensis-Pacific_Northwest,Penaeus chinensis,Fleshy prawn,"Shrimps, prawns",Pacific Northwest,1.363646192,1.516487389,1.595410296,1.676884824,1.832116504,0.119462963,1.596548914,540845.057,2002,0.615797063,852731.2475,122224.2325,0.307898531,84847,Domestic
Penaeus_chinensis-Pacific_Northwest,Penaeus chinensis,Fleshy prawn,"Shrimps, prawns",Pacific Northwest,1.347243998,1.507539234,1.589586243,1.67140576,1.828153963,0.1218653,1.58904087,540845.057,2003,0.615797063,852731.2475,122224.2325,0.307898531,81045,Domestic
Penaeus_chinensis-Pacific_Northwest,Penaeus chinensis,Fleshy prawn,"Shrimps, prawns",Pacific Northwest,1.335033872,1.489110746,1.573063542,1.655334982,1.813855899,0.122600265,1.572805379,540845.057,2004,0.615797063,852731.2475,122224.2325,0.307898531,84699,Domestic
Penaeus_chinensis-Pacific_Northwest,Penaeus chinensis,Fleshy prawn,"Shrimps, prawns",Pacific Northwest,1.312870001,1.465725381,1.550146718,1.633802557,1.793984414,0.123417332,1.550333498,540845.057,2005,0.615797063,852731.2475,122224.2325,0.307898531,90392,Domestic
Penaeus_chinensis-Pacific_Northwest,Penaeus chinensis,Fleshy prawn,"Shrimps, prawns",Pacific Northwest,1.251067795,1.400621745,1.483626275,1.571661386,1.741210453,0.125533079,1.487681851,540845.057,2006,0.615797063,852731.2475,122224.2325,0.307898531,110203,Domestic
Penaeus_chinensis-Pacific_Northwest,Penaeus chinensis,Fleshy prawn,"Shrimps, prawns",Pacific Northwest,1.197572356,1.348560764,1.438751192,1.528332611,1.702123565,0.130014252,1.440840044,540845.057,2007,0.615797063,852731.2475,122224.2325,0.307898531,112003,Domestic
Penaeus_chinensis-Pacific_Northwest,Penaeus chinensis,Fleshy prawn,"Shrimps, prawns",Pacific Northwest,1.205531406,1.368100025,1.461789001,1.55648972,1.734203927,0.136115542,1.463590451,540845.057,2008,0.615797063,852731.2475,122224.2325,0.307898531,89953,Domestic
Penaeus_chinensis-Pacific_Northwest,Penaeus chinensis,Fleshy prawn,"Shrimps, prawns",Pacific Northwest,1.175903909,1.335918373,1.428935167,1.526093804,1.712936274,0.137834007,1.433298095,540845.057,2009,0.615797063,852731.2475,122224.2325,0.307898531,107837,Domestic
Penaeus_chinensis-Pacific_Northwest,Penaeus chinensis,Fleshy prawn,"Shrimps, prawns",Pacific Northwest,1.159007329,1.310274061,1.404722488,1.506748221,1.697896745,0.139963282,1.411723434,540845.057,2010,0.615797063,852731.2475,122224.2325,0.307898531,107774,Domestic
Penaeus_chinensis-Pacific_Northwest,Penaeus chinensis,Fleshy prawn,"Shrimps, prawns",Pacific Northwest,1.094678421,1.247990393,1.342156816,1.448302376,1.646958947,0.143143532,1.351215262,540845.057,2011,0.615797063,852731.2475,122224.2325,0.307898531,125697,Domestic
Penaeus_chinensis-Pacific_Northwest,Penaeus chinensis,Fleshy prawn,"Shrimps, prawns",Pacific Northwest,1.034890416,1.180369659,1.278032624,1.392093887,1.60044909,0.149258935,1.29031792,540845.057,2012,0.615797063,852731.2475,122224.2325,0.307898531,131721,Domestic
Penaeus_chinensis-Pacific_Northwest,Penaeus chinensis,Fleshy prawn,"Shrimps, prawns",Pacific Northwest,0.979849981,1.122619666,1.228289614,1.352358601,1.568915857,0.157784258,1.242947843,540845.057,2013,0.615797063,852731.2475,122224.2325,0.307898531,130805,Domestic
Penaeus_chinensis-Pacific_Northwest,Penaeus chinensis,Fleshy prawn,"Shrimps, prawns",Pacific Northwest,0.905942373,1.042783222,1.160527781,1.296682551,1.519972327,0.168124574,1.175879381,540845.057,2014,0.615797063,852731.2475,122224.2325,0.307898531,140936,Domestic
Penaeus_chinensis-Pacific_Northwest,Penaeus chinensis,Fleshy prawn,"Shrimps, prawns",Pacific Northwest,0.785016471,0.915112506,1.050576835,1.209005059,1.439422102,0.185160181,1.069240933,540845.057,2015,0.615797063,852731.2475,122224.2325,0.307898531,158973,Domestic
Penaeus_chinensis-Pacific_Northwest,Penaeus chinensis,Fleshy prawn,"Shrimps, prawns",Pacific Northwest,0.61355032,0.746379851,0.912966946,1.102294852,1.353343191,0.21508033,0.933113478,540845.057,2016,0.615797063,852731.2475,122224.2325,0.307898531,172927,Domestic
Penaeus_japonicus-Pacific_Northwest,Penaeus japonicus,Kuruma prawn,"Shrimps, prawns",Pacific Northwest,1.019626732,1.241652042,1.450323346,1.652302747,1.915234546,0.2579527,1.450888895,62318.15214,1950,0.305238317,92063.6168,6864.367111,0.152619159,1000,Domestic
Penaeus_japonicus-Pacific_Northwest,Penaeus japonicus,Kuruma prawn,"Shrimps, prawns",Pacific Northwest,1.112210941,1.359742245,1.542421141,1.713246662,1.925708835,0.226206348,1.531446341,62318.15214,1951,0.305238317,92063.6168,6864.367111,0.152619159,1000,Domestic
Penaeus_japonicus-Pacific_Northwest,Penaeus japonicus,Kuruma prawn,"Shrimps, prawns",Pacific Northwest,1.173837146,1.439079928,1.596600399,1.751087828,1.93220949,0.205642332,1.58279584,62318.15214,1952,0.305238317,92063.6168,6864.367111,0.152619159,1900,Domestic
Penaeus_japonicus-Pacific_Northwest,Penaeus japonicus,Kuruma prawn,"Shrimps, prawns",Pacific Northwest,1.215605146,1.474075231,1.635577285,1.752088942,1.951591048,0.192525759,1.60926228,62318.15214,1953,0.305238317,92063.6168,6864.367111,0.152619159,2692,Domestic
Penaeus_japonicus-Pacific_Northwest,Penaeus japonicus,Kuruma prawn,"Shrimps, prawns",Pacific Northwest,1.251872397,1.524705418,1.659787632,1.761661284,1.941058865,0.173325098,1.640960779,62318.15214,1954,0.305238317,92063.6168,6864.367111,0.152619159,2402,Domestic
Penaeus_japonicus-Pacific_Northwest,Penaeus japonicus,Kuruma prawn,"Shrimps, prawns",Pacific Northwest,1.321606131,1.559521472,1.671881377,1.767759773,1.912492097,0.156644936,1.655565364,62318.15214,1955,0.305238317,92063.6168,6864.367111,0.152619159,2587,Domestic
Penaeus_japonicus-Pacific_Northwest,Penaeus japonicus,Kuruma prawn,"Shrimps, prawns",Pacific Northwest,1.339566443,1.582529733,1.686173498,1.785311676,1.923781342,0.146804747,1.676322281,62318.15214,1956,0.305238317,92063.6168,6864.367111,0.152619159,2321,Domestic
Penaeus_japonicus-Pacific_Northwest,Penaeus japonicus,Kuruma prawn,"Shrimps, prawns",Pacific Northwest,1.420345613,1.613664529,1.714967246,1.80022835,1.953066768,0.139353357,1.703264101,62318.15214,1957,0.305238317,92063.6168,6864.367111,0.152619159,2099,Domestic
Penaeus_japonicus-Pacific_Northwest,Penaeus japonicus,Kuruma prawn,"Shrimps, prawns",Pacific Northwest,1.40080375,1.615608157,1.719907247,1.812098008,1.938907059,0.138833199,1.708999042,62318.15214,1958,0.305238317,92063.6168,6864.367111,0.152619159,2972,Domestic
Penaeus_japonicus-Pacific_Northwest,Penaeus japonicus,Kuruma prawn,"Shrimps, prawns",Pacific Northwest,1.397616234,1.611904156,1.711597119,1.805247608,1.945880036,0.141549564,1.70408555,62318.15214,1959,0.305238317,92063.6168,6864.367111,0.152619159,2986,Domestic
Penaeus_japonicus-Pacific_Northwest,Penaeus japonicus,Kuruma prawn,"Shrimps, prawns",Pacific Northwest,1.40805317,1.604663951,1.693151445,1.783407427,1.933645901,0.136914424,1.690461238,62318.15214,1960,0.305238317,92063.6168,6864.367111,0.152619159,3703,Domestic
Penaeus_japonicus-Pacific_Northwest,Penaeus japonicus,Kuruma prawn,"Shrimps, prawns",Pacific Northwest,1.397160379,1.589474827,1.679633456,1.757764223,1.909286453,0.13059217,1.673221673,62318.15214,1961,0.305238317,92063.6168,6864.367111,0.152619159,3913,Domestic
Penaeus_japonicus-Pacific_Northwest,Penaeus japonicus,Kuruma prawn,"Shrimps, prawns",Pacific Northwest,1.391859167,1.60455459,1.682577364,1.769115876,1.914904482,0.129715599,1.678438496,62318.15214,1962,0.305238317,92063.6168,6864.367111,0.152619159,3074,Domestic
Penaeus_japonicus-Pacific_Northwest,Penaeus japonicus,Kuruma prawn,"Shrimps, prawns",Pacific Northwest,1.408246265,1.595280102,1.685878254,1.773035395,1.888582308,0.127112504,1.677737414,62318.15214,1963,0.305238317,92063.6168,6864.367111,0.152619159,3520,Domestic
Penaeus_japonicus-Pacific_Northwest,Penaeus japonicus,Kuruma prawn,"Shrimps, prawns",Pacific Northwest,1.415222934,1.593574285,1.682831176,1.765175159,1.915295637,0.128887578,1.673968249,62318.15214,1964,0.305238317,92063.6168,6864.367111,0.152619159,3546,Domestic
Penaeus_japonicus-Pacific_Northwest,Penaeus japonicus,Kuruma prawn,"Shrimps, prawns",Pacific Northwest,1.409159113,1.587704231,1.67993835,1.7648751,1.90010682,0.127950569,1.67249761,62318.15214,1965,0.305238317,92063.6168,6864.367111,0.152619159,3595,Domestic
Penaeus_japonicus-Pacific_Northwest,Penaeus japonicus,Kuruma prawn,"Shrimps, prawns",Pacific Northwest,1.412977637,1.592852846,1.676098479,1.764526113,1.927422717,0.129482393,1.675048637,62318.15214,1966,0.305238317,92063.6168,6864.367111,0.152619159,3500,Domestic
Penaeus_japonicus-Pacific_Northwest,Penaeus japonicus,Kuruma prawn,"Shrimps, prawns",Pacific Northwest,1.389350767,1.597545766,1.673516564,1.757359616,1.91967263,0.129094296,1.671708027,62318.15214,1967,0.305238317,92063.6168,6864.367111,0.152619159,3793,Domestic
Penaeus_japonicus-Pacific_Northwest,Penaeus japonicus,Kuruma prawn,"Shrimps, prawns",Pacific Northwest,1.395223851,1.588193636,1.672725574,1.757978916,1.900517149,0.125670877,1.671107305,62318.15214,1968,0.305238317,92063.6168,6864.367111,0.152619159,3586,Domestic
Penaeus_japonicus-Pacific_Northwest,Penaeus japonicus,Kuruma prawn,"Shrimps, prawns",Pacific Northwest,1.392782096,1.569106427,1.658122629,1.75869855,1.910848951,0.133009833,1.663384928,62318.15214,1969,0.305238317,92063.6168,6864.367111,0.152619159,3900,Domestic
Penaeus_japonicus-Pacific_Northwest,Penaeus japonicus,Kuruma prawn,"Shrimps, prawns",Pacific Northwest,1.410162261,1.572741888,1.670305002,1.757437002,1.920625606,0.13103549,1.665439511,62318.15214,1970,0.305238317,92063.6168,6864.367111,0.152619159,3735,Domestic
Penaeus_japonicus-Pacific_Northwest,Penaeus japonicus,Kuruma prawn,"Shrimps, prawns",Pacific Northwest,1.37226357,1.539128718,1.62616403,1.716662927,1.898136932,0.129908721,1.627836972,62318.15214,1971,0.305238317,92063.6168,6864.367111,0.152619159,5555,Domestic
Penaeus_japonicus-Pacific_Northwest,Penaeus japonicus,Kuruma prawn,"Shrimps, prawns",Pacific Northwest,1.35210647,1.506260053,1.590207741,1.671791412,1.844488802,0.124636195,1.590770143,62318.15214,1972,0.305238317,92063.6168,6864.367111,0.152619159,6031,Domestic
Penaeus_japonicus-Pacific_Northwest,Penaeus japonicus,Kuruma prawn,"Shrimps, prawns",Pacific Northwest,1.270441134,1.443950299,1.526274099,1.62865507,1.793736949,0.13179052,1.532709775,62318.15214,1973,0.305238317,92063.6168,6864.367111,0.152619159,7592,Domestic
Penaeus_japonicus-Pacific_Northwest,Penaeus japonicus,Kuruma prawn,"Shrimps, prawns",Pacific Northwest,1.245284681,1.396996567,1.485553234,1.566316219,1.732319254,0.129671933,1.48579766,62318.15214,1974,0.305238317,92063.6168,6864.367111,0.152619159,7214,Domestic
Penaeus_japonicus-Pacific_Northwest,Penaeus japonicus,Kuruma prawn,"Shrimps, prawns",Pacific Northwest,1.147434833,1.299127364,1.394452097,1.479813575,1.658361425,0.131538513,1.392607091,62318.15214,1975,0.305238317,92063.6168,6864.367111,0.152619159,9731,Domestic
Penaeus_japonicus-Pacific_Northwest,Penaeus japonicus,Kuruma prawn,"Shrimps, prawns",Pacific Northwest,1.123182928,1.298648598,1.3779462,1.474835341,1.633758225,0.131309022,1.384553554,62318.15214,1976,0.305238317,92063.6168,6864.367111,0.152619159,6532,Domestic
Penaeus_japonicus-Pacific_Northwest,Penaeus japonicus,Kuruma prawn,"Shrimps, prawns",Pacific Northwest,1.164233961,1.295043294,1.38017099,1.485561106,1.649755672,0.131099845,1.391568407,62318.15214,1977,0.305238317,92063.6168,6864.367111,0.152619159,5969,Domestic
Penaeus_japonicus-Pacific_Northwest,Penaeus japonicus,Kuruma prawn,"Shrimps, prawns",Pacific Northwest,1.092408123,1.234558526,1.31366439,1.409870902,1.573414713,0.126383383,1.324571465,62318.15214,1978,0.305238317,92063.6168,6864.367111,0.152619159,8949,Domestic
Penaeus_japonicus-Pacific_Northwest,Penaeus japonicus,Kuruma prawn,"Shrimps, prawns",Pacific Northwest,1.097418086,1.244880137,1.338064862,1.431202637,1.601684842,0.127968169,1.342687547,62318.15214,1979,0.305238317,92063.6168,6864.367111,0.152619159,5717,Domestic
Penaeus_japonicus-Pacific_Northwest,Penaeus japonicus,Kuruma prawn,"Shrimps, prawns",Pacific Northwest,1.104452525,1.252696625,1.341592096,1.429654432,1.59397664,0.126658783,1.343571666,62318.15214,1980,0.305238317,92063.6168,6864.367111,0.152619159,6462,Domestic
Penaeus_japonicus-Pacific_Northwest,Penaeus japonicus,Kuruma prawn,"Shrimps, prawns",Pacific Northwest,1.134344169,1.270084125,1.343644862,1.433375406,1.581100634,0.120818507,1.350043533,62318.15214,1981,0.305238317,92063.6168,6864.367111,0.152619159,6161,Domestic
Penaeus_japonicus-Pacific_Northwest,Penaeus japonicus,Kuruma prawn,"Shrimps, prawns",Pacific Northwest,1.10977561,1.244811053,1.311360457,1.396502143,1.569031827,0.116328765,1.319363649,62318.15214,1982,0.305238317,92063.6168,6864.367111,0.152619159,7804,Domestic
Penaeus_japonicus-Pacific_Northwest,Penaeus japonicus,Kuruma prawn,"Shrimps, prawns",Pacific Northwest,1.040254459,1.157387534,1.231333247,1.30270748,1.4436433,0.104017466,1.233176305,62318.15214,1983,0.305238317,92063.6168,6864.367111,0.152619159,10558,Domestic
Penaeus_japonicus-Pacific_Northwest,Penaeus japonicus,Kuruma prawn,"Shrimps, prawns",Pacific Northwest,0.980466706,1.098293754,1.165794884,1.229595001,1.386715964,0.103865691,1.170636507,62318.15214,1984,0.305238317,92063.6168,6864.367111,0.152619159,9684,Domestic
Penaeus_japonicus-Pacific_Northwest,Penaeus japonicus,Kuruma prawn,"Shrimps, prawns",Pacific Northwest,0.91899858,1.026411036,1.087871902,1.152882312,1.291523214,0.097207364,1.0922254,62318.15214,1985,0.305238317,92063.6168,6864.367111,0.152619159,10633,Domestic
Penaeus_japonicus-Pacific_Northwest,Penaeus japonicus,Kuruma prawn,"Shrimps, prawns",Pacific Northwest,0.890806282,0.984252456,1.043480576,1.110916947,1.244736056,0.090862761,1.049378159,62318.15214,1986,0.305238317,92063.6168,6864.367111,0.152619159,8924,Domestic
Penaeus_japonicus-Pacific_Northwest,Penaeus japonicus,Kuruma prawn,"Shrimps, prawns",Pacific Northwest,0.817845792,0.911813345,0.967840151,1.029377803,1.153615139,0.086239633,0.972291796,62318.15214,1987,0.305238317,92063.6168,6864.367111,0.152619159,10324,Domestic
Penaeus_japonicus-Pacific_Northwest,Penaeus japonicus,Kuruma prawn,"Shrimps, prawns",Pacific Northwest,0.731380234,0.807630188,0.859878942,0.911760376,1.024545807,0.076174771,0.861888069,62318.15214,1988,0.305238317,92063.6168,6864.367111,0.152619159,11960,Domestic
Penaeus_japonicus-Pacific_Northwest,Penaeus japonicus,Kuruma prawn,"Shrimps, prawns",Pacific Northwest,0.640518765,0.716247185,0.760192823,0.819522962,0.922169074,0.073852415,0.768886074,62318.15214,1989,0.305238317,92063.6168,6864.367111,0.152619159,10976,Domestic
Penaeus_japonicus-Pacific_Northwest,Penaeus japonicus,Kuruma prawn,"Shrimps, prawns",Pacific Northwest,0.579681396,0.650506142,0.694209144,0.741777259,0.843417264,0.070607894,0.700528577,62318.15214,1990,0.305238317,92063.6168,6864.367111,0.152619159,9630,Domestic
Penaeus_japonicus-Pacific_Northwest,Penaeus japonicus,Kuruma prawn,"Shrimps, prawns",Pacific Northwest,0.541856847,0.611875459,0.648094875,0.694829603,0.786805035,0.064945246,0.655002252,62318.15214,1991,0.305238317,92063.6168,6864.367111,0.152619159,8269,Domestic
Penaeus_japonicus-Pacific_Northwest,Penaeus japonicus,Kuruma prawn,"Shrimps, prawns",Pacific Northwest,0.503331857,0.57172909,0.61086307,0.653034754,0.73912022,0.06163861,0.615048966,62318.15214,1992,0.305238317,92063.6168,6864.367111,0.152619159,7791,Domestic
Penaeus_japonicus-Pacific_Northwest,Penaeus japonicus,Kuruma prawn,"Shrimps, prawns",Pacific Northwest,0.482689773,0.546983727,0.575505386,0.620733926,0.703248668,0.057534447,0.583346757,62318.15214,1993,0.305238317,92063.6168,6864.367111,0.152619159,7173,Domestic
Penaeus_japonicus-Pacific_Northwest,Penaeus japonicus,Kuruma prawn,"Shrimps, prawns",Pacific Northwest,0.457140927,0.512608908,0.544711475,0.580404056,0.662198909,0.052637829,0.548015858,62318.15214,1994,0.305238317,92063.6168,6864.367111,0.152619159,7128,Domestic
Penaeus_japonicus-Pacific_Northwest,Penaeus japonicus,Kuruma prawn,"Shrimps, prawns",Pacific Northwest,0.425103993,0.479901636,0.511344082,0.543445155,0.626281591,0.048832515,0.513456987,62318.15214,1995,0.305238317,92063.6168,6864.367111,0.152619159,7027,Domestic
Penaeus_japonicus-Pacific_Northwest,Penaeus japonicus,Kuruma prawn,"Shrimps, prawns",Pacific Northwest,0.423659733,0.469093257,0.495488818,0.529080802,0.598423478,0.045286301,0.50015126,62318.15214,1996,0.305238317,92063.6168,6864.367111,0.152619159,5606,Domestic
Penaeus_japonicus-Pacific_Northwest,Penaeus japonicus,Kuruma prawn,"Shrimps, prawns",Pacific Northwest,0.388578693,0.430289001,0.456831663,0.485411039,0.543255146,0.039758724,0.459883571,62318.15214,1997,0.305238317,92063.6168,6864.367111,0.152619159,6911,Domestic
Penaeus_japonicus-Pacific_Northwest,Penaeus japonicus,Kuruma prawn,"Shrimps, prawns",Pacific Northwest,0.388796125,0.428632368,0.450942625,0.476981535,0.528364749,0.036192248,0.454035486,62318.15214,1998,0.305238317,92063.6168,6864.367111,0.152619159,5113,Domestic
Penaeus_japonicus-Pacific_Northwest,Penaeus japonicus,Kuruma prawn,"Shrimps, prawns",Pacific Northwest,0.369845807,0.399621328,0.422902109,0.442467907,0.491558154,0.031877032,0.423812754,62318.15214,1999,0.305238317,92063.6168,6864.367111,0.152619159,6096,Domestic
Penaeus_japonicus-Pacific_Northwest,Penaeus japonicus,Kuruma prawn,"Shrimps, prawns",Pacific Northwest,0.24842954,0.277630709,0.294993328,0.316675256,0.367626719,0.031487994,0.298852001,62318.15214,2000,0.305238317,92063.6168,6864.367111,0.152619159,10193,Domestic
Penaeus_japonicus-Pacific_Northwest,Penaeus japonicus,Kuruma prawn,"Shrimps, prawns",Pacific Northwest,0.189286328,0.21787487,0.235259514,0.263431088,0.322362305,0.033493747,0.24168803,62318.15214,2001,0.305238317,92063.6168,6864.367111,0.152619159,5963,Domestic
Penaeus_japonicus-Pacific_Northwest,Penaeus japonicus,Kuruma prawn,"Shrimps, prawns",Pacific Northwest,0.188305865,0.213264738,0.233915624,0.263881061,0.323785955,0.035403882,0.24025216,62318.15214,2002,0.305238317,92063.6168,6864.367111,0.152619159,2930,Domestic
Penaeus_japonicus-Pacific_Northwest,Penaeus japonicus,Kuruma prawn,"Shrimps, prawns",Pacific Northwest,0.178443829,0.205243331,0.224440528,0.256513676,0.324635016,0.038098389,0.233335247,62318.15214,2003,0.305238317,92063.6168,6864.367111,0.152619159,3147,Domestic
Penaeus_japonicus-Pacific_Northwest,Penaeus japonicus,Kuruma prawn,"Shrimps, prawns",Pacific Northwest,0.171202944,0.200852651,0.217784644,0.25117926,0.328420294,0.041238303,0.229827921,62318.15214,2004,0.305238317,92063.6168,6864.367111,0.152619159,2913,Domestic
Penaeus_japonicus-Pacific_Northwest,Penaeus japonicus,Kuruma prawn,"Shrimps, prawns",Pacific Northwest,0.16444004,0.191443372,0.214814638,0.251388189,0.329455497,0.045141155,0.225070917,62318.15214,2005,0.305238317,92063.6168,6864.367111,0.152619159,2902,Domestic
Penaeus_japonicus-Pacific_Northwest,Penaeus japonicus,Kuruma prawn,"Shrimps, prawns",Pacific Northwest,0.155858117,0.185634229,0.21299581,0.25308762,0.340558573,0.050339668,0.223872197,62318.15214,2006,0.305238317,92063.6168,6864.367111,0.152619159,2709,Domestic
Penaeus_japonicus-Pacific_Northwest,Penaeus japonicus,Kuruma prawn,"Shrimps, prawns",Pacific Northwest,0.141921182,0.177270161,0.210325503,0.257628399,0.352081612,0.05770395,0.221983859,62318.15214,2007,0.305238317,92063.6168,6864.367111,0.152619159,2742,Domestic
Penaeus_japonicus-Pacific_Northwest,Penaeus japonicus,Kuruma prawn,"Shrimps, prawns",Pacific Northwest,0.132734854,0.172963107,0.218181171,0.267298702,0.372931334,0.066124078,0.226065136,62318.15214,2008,0.305238317,92063.6168,6864.367111,0.152619159,2420,Domestic
Penaeus_japonicus-Pacific_Northwest,Penaeus japonicus,Kuruma prawn,"Shrimps, prawns",Pacific Northwest,0.135694523,0.186753196,0.237911358,0.294687692,0.400897816,0.074068881,0.244776826,62318.15214,2009,0.305238317,92063.6168,6864.367111,0.152619159,1774,Domestic
Penaeus_japonicus-Pacific_Northwest,Penaeus japonicus,Kuruma prawn,"Shrimps, prawns",Pacific Northwest,0.122661543,0.183353149,0.244698622,0.316415483,0.43301328,0.085843577,0.252482523,62318.15214,2010,0.305238317,92063.6168,6864.367111,0.152619159,2424,Domestic
Penaeus_japonicus-Pacific_Northwest,Penaeus japonicus,Kuruma prawn,"Shrimps, prawns",Pacific Northwest,0.105745456,0.185127619,0.258591581,0.344667024,0.46770268,0.100741946,0.266400612,62318.15214,2011,0.305238317,92063.6168,6864.367111,0.152619159,2268,Domestic
Penaeus_japonicus-Pacific_Northwest,Penaeus japonicus,Kuruma prawn,"Shrimps, prawns",Pacific Northwest,0.096458188,0.194173479,0.288010123,0.385404912,0.516210584,0.11818607,0.290385019,62318.15214,2012,0.305238317,92063.6168,6864.367111,0.152619159,1937,Domestic
Penaeus_japonicus-Pacific_Northwest,Penaeus japonicus,Kuruma prawn,"Shrimps, prawns",Pacific Northwest,0.07916035,0.203330645,0.317412342,0.427333073,0.565479652,0.139905988,0.315855014,62318.15214,2013,0.305238317,92063.6168,6864.367111,0.152619159,2050,Domestic
Penaeus_japonicus-Pacific_Northwest,Penaeus japonicus,Kuruma prawn,"Shrimps, prawns",Pacific Northwest,0.056394114,0.211526949,0.353606528,0.482788318,0.618178391,0.163910971,0.343870887,62318.15214,2014,0.305238317,92063.6168,6864.367111,0.152619159,2138,Domestic
Penaeus_japonicus-Pacific_Northwest,Penaeus japonicus,Kuruma prawn,"Shrimps, prawns",Pacific Northwest,0.056810288,0.250221815,0.422734519,0.569665356,0.688116201,0.192310354,0.403739727,62318.15214,2015,0.305238317,92063.6168,6864.367111,0.152619159,868,Domestic
Penaeus_japonicus-Pacific_Northwest,Penaeus japonicus,Kuruma prawn,"Shrimps, prawns",Pacific Northwest,0.050179918,0.295225038,0.496617782,0.660156889,0.785858757,0.224560616,0.467754347,62318.15214,2016,0.305238317,92063.6168,6864.367111,0.152619159,1158,Domestic
Penaeus_kerathurus-Mediterranean and Black Sea,Penaeus kerathurus,Caramote prawn,"Shrimps, prawns",Mediterranean and Black Sea,1.025166109,1.236087689,1.389479152,1.569041747,1.877895756,0.227032001,1.410813449,41233.37451,1950,0.347122914,64524.87983,5448.828351,0.173561457,100,CBA
Penaeus_kerathurus-Mediterranean and Black Sea,Penaeus kerathurus,Caramote prawn,"Shrimps, prawns",Mediterranean and Black Sea,1.141289725,1.388112129,1.537632528,1.682424107,1.926297552,0.205248552,1.533574724,41233.37451,1951,0.347122914,64524.87983,5448.828351,0.173561457,100,CBA
Penaeus_kerathurus-Mediterranean and Black Sea,Penaeus kerathurus,Caramote prawn,"Shrimps, prawns",Mediterranean and Black Sea,1.243606566,1.500883302,1.638693819,1.763915946,1.946034622,0.185553035,1.625175578,41233.37451,1952,0.347122914,64524.87983,5448.828351,0.173561457,100,CBA
Penaeus_kerathurus-Mediterranean and Black Sea,Penaeus kerathurus,Caramote prawn,"Shrimps, prawns",Mediterranean and Black Sea,1.331695187,1.585492892,1.710815819,1.825565297,1.962647989,0.167176849,1.695276211,41233.37451,1953,0.347122914,64524.87983,5448.828351,0.173561457,100,CBA
Penaeus_kerathurus-Mediterranean and Black Sea,Penaeus kerathurus,Caramote prawn,"Shrimps, prawns",Mediterranean and Black Sea,1.406906582,1.65203774,1.762110015,1.850339005,1.976689078,0.146845857,1.743455374,41233.37451,1954,0.347122914,64524.87983,5448.828351,0.173561457,100,CBA
Penaeus_kerathurus-Mediterranean and Black Sea,Penaeus kerathurus,Caramote prawn,"Shrimps, prawns",Mediterranean and Black Sea,1.49014432,1.690306407,1.789773281,1.875484184,1.973938337,0.128698574,1.774877371,41233.37451,1955,0.347122914,64524.87983,5448.828351,0.173561457,300,CBA
Penaeus_kerathurus-Mediterranean and Black Sea,Penaeus kerathurus,Caramote prawn,"Shrimps, prawns",Mediterranean and Black Sea,1.50971649,1.716230421,1.801234527,1.884079193,1.977075044,0.120649113,1.79075747,41233.37451,1956,0.347122914,64524.87983,5448.828351,0.173561457,400,CBA
Penaeus_kerathurus-Mediterranean and Black Sea,Penaeus kerathurus,Caramote prawn,"Shrimps, prawns",Mediterranean and Black Sea,1.544922939,1.744280335,1.817944153,1.888865404,1.98276772,0.112012957,1.806906217,41233.37451,1957,0.347122914,64524.87983,5448.828351,0.173561457,300,CBA
Penaeus_kerathurus-Mediterranean and Black Sea,Penaeus kerathurus,Caramote prawn,"Shrimps, prawns",Mediterranean and Black Sea,1.573335177,1.756556089,1.828663099,1.897440176,1.982212506,0.10724354,1.816843572,41233.37451,1958,0.347122914,64524.87983,5448.828351,0.173561457,300,CBA
Penaeus_kerathurus-Mediterranean and Black Sea,Penaeus kerathurus,Caramote prawn,"Shrimps, prawns",Mediterranean and Black Sea,1.583220251,1.761078956,1.830302313,1.89900013,1.988450718,0.104363654,1.820862978,41233.37451,1959,0.347122914,64524.87983,5448.828351,0.173561457,300,CBA
Penaeus_kerathurus-Mediterranean and Black Sea,Penaeus kerathurus,Caramote prawn,"Shrimps, prawns",Mediterranean and Black Sea,1.601820994,1.759900288,1.837331895,1.902352975,1.985160609,0.101998659,1.825344569,41233.37451,1960,0.347122914,64524.87983,5448.828351,0.173561457,400,CBA
Penaeus_kerathurus-Mediterranean and Black Sea,Penaeus kerathurus,Caramote prawn,"Shrimps, prawns",Mediterranean and Black Sea,1.609343006,1.759730041,1.83666308,1.905591269,1.983926468,0.101063132,1.826440705,41233.37451,1961,0.347122914,64524.87983,5448.828351,0.173561457,400,CBA
Penaeus_kerathurus-Mediterranean and Black Sea,Penaeus kerathurus,Caramote prawn,"Shrimps, prawns",Mediterranean and Black Sea,1.608567681,1.754683323,1.830395675,1.897701425,1.986597225,0.098673271,1.821392256,41233.37451,1962,0.347122914,64524.87983,5448.828351,0.173561457,600,CBA
Penaeus_kerathurus-Mediterranean and Black Sea,Penaeus kerathurus,Caramote prawn,"Shrimps, prawns",Mediterranean and Black Sea,1.620368363,1.762952074,1.836580236,1.899908771,1.983754384,0.096978409,1.827095863,41233.37451,1963,0.347122914,64524.87983,5448.828351,0.173561457,500,CBA
Penaeus_kerathurus-Mediterranean and Black Sea,Penaeus kerathurus,Caramote prawn,"Shrimps, prawns",Mediterranean and Black Sea,1.61652964,1.759652072,1.831818734,1.896117354,1.977238761,0.094871861,1.822235876,41233.37451,1964,0.347122914,64524.87983,5448.828351,0.173561457,500,CBA
Penaeus_kerathurus-Mediterranean and Black Sea,Penaeus kerathurus,Caramote prawn,"Shrimps, prawns",Mediterranean and Black Sea,1.599822242,1.742372371,1.820251605,1.880799109,1.973167868,0.099338746,1.810610184,41233.37451,1965,0.347122914,64524.87983,5448.828351,0.173561457,800,CBA
Penaeus_kerathurus-Mediterranean and Black Sea,Penaeus kerathurus,Caramote prawn,"Shrimps, prawns",Mediterranean and Black Sea,1.610612628,1.744711181,1.818101733,1.891036425,1.97983499,0.099981214,1.813556287,41233.37451,1966,0.347122914,64524.87983,5448.828351,0.173561457,500,CBA
Penaeus_kerathurus-Mediterranean and Black Sea,Penaeus kerathurus,Caramote prawn,"Shrimps, prawns",Mediterranean and Black Sea,1.606928076,1.748470721,1.82152788,1.88936499,1.982964684,0.099415952,1.815388659,41233.37451,1967,0.347122914,64524.87983,5448.828351,0.173561457,500,CBA
Penaeus_kerathurus-Mediterranean and Black Sea,Penaeus kerathurus,Caramote prawn,"Shrimps, prawns",Mediterranean and Black Sea,1.609206546,1.747250811,1.820452036,1.886816096,1.97958401,0.097617052,1.814185657,41233.37451,1968,0.347122914,64524.87983,5448.828351,0.173561457,600,CBA
Penaeus_kerathurus-Mediterranean and Black Sea,Penaeus kerathurus,Caramote prawn,"Shrimps, prawns",Mediterranean and Black Sea,1.609334589,1.75329692,1.830672009,1.891696925,1.985533487,0.09750071,1.820630122,41233.37451,1969,0.347122914,64524.87983,5448.828351,0.173561457,400,CBA
Penaeus_kerathurus-Mediterranean and Black Sea,Penaeus kerathurus,Caramote prawn,"Shrimps, prawns",Mediterranean and Black Sea,1.595325024,1.750120306,1.828451505,1.895387221,1.985961645,0.101720481,1.819309161,41233.37451,1970,0.347122914,64524.87983,5448.828351,0.173561457,508,CBA
Penaeus_kerathurus-Mediterranean and Black Sea,Penaeus kerathurus,Caramote prawn,"Shrimps, prawns",Mediterranean and Black Sea,1.605664262,1.758495801,1.826922957,1.897866529,1.987234825,0.100894318,1.821668621,41233.37451,1971,0.347122914,64524.87983,5448.828351,0.173561457,504,CBA
Penaeus_kerathurus-Mediterranean and Black Sea,Penaeus kerathurus,Caramote prawn,"Shrimps, prawns",Mediterranean and Black Sea,1.619774653,1.75459244,1.827199973,1.892527642,1.979299243,0.096025919,1.819596466,41233.37451,1972,0.347122914,64524.87983,5448.828351,0.173561457,772,CBA
Penaeus_kerathurus-Mediterranean and Black Sea,Penaeus kerathurus,Caramote prawn,"Shrimps, prawns",Mediterranean and Black Sea,1.60807945,1.753277499,1.831963265,1.894359608,1.985033198,0.09872386,1.82110489,41233.37451,1973,0.347122914,64524.87983,5448.828351,0.173561457,692,CBA
Penaeus_kerathurus-Mediterranean and Black Sea,Penaeus kerathurus,Caramote prawn,"Shrimps, prawns",Mediterranean and Black Sea,1.59233043,1.749555332,1.819248492,1.884749128,1.978263732,0.099622739,1.812223275,41233.37451,1974,0.347122914,64524.87983,5448.828351,0.173561457,979,CBA
Penaeus_kerathurus-Mediterranean and Black Sea,Penaeus kerathurus,Caramote prawn,"Shrimps, prawns",Mediterranean and Black Sea,1.579491204,1.73727997,1.817880643,1.881711759,1.972518096,0.101217168,1.806293891,41233.37451,1975,0.347122914,64524.87983,5448.828351,0.173561457,1064,CBA
Penaeus_kerathurus-Mediterranean and Black Sea,Penaeus kerathurus,Caramote prawn,"Shrimps, prawns",Mediterranean and Black Sea,1.58334882,1.73130946,1.809529628,1.878811719,1.974803229,0.102344345,1.800620597,41233.37451,1976,0.347122914,64524.87983,5448.828351,0.173561457,1146,CBA
Penaeus_kerathurus-Mediterranean and Black Sea,Penaeus kerathurus,Caramote prawn,"Shrimps, prawns",Mediterranean and Black Sea,1.587840035,1.741705527,1.811150441,1.880885301,1.981340753,0.102464041,1.80473608,41233.37451,1977,0.347122914,64524.87983,5448.828351,0.173561457,855,CBA
Penaeus_kerathurus-Mediterranean and Black Sea,Penaeus kerathurus,Caramote prawn,"Shrimps, prawns",Mediterranean and Black Sea,1.599467174,1.739311985,1.814615512,1.88298115,1.974819713,0.099345187,1.806305682,41233.37451,1978,0.347122914,64524.87983,5448.828351,0.173561457,1132,CBA
Penaeus_kerathurus-Mediterranean and Black Sea,Penaeus kerathurus,Caramote prawn,"Shrimps, prawns",Mediterranean and Black Sea,1.600935179,1.752838012,1.827683376,1.888978216,1.98009422,0.099643726,1.816954607,41233.37451,1979,0.347122914,64524.87983,5448.828351,0.173561457,735,CBA
Penaeus_kerathurus-Mediterranean and Black Sea,Penaeus kerathurus,Caramote prawn,"Shrimps, prawns",Mediterranean and Black Sea,1.592444837,1.747368245,1.818107757,1.885191045,1.984087781,0.101240663,1.811057649,41233.37451,1980,0.347122914,64524.87983,5448.828351,0.173561457,1386,CBA
Penaeus_kerathurus-Mediterranean and Black Sea,Penaeus kerathurus,Caramote prawn,"Shrimps, prawns",Mediterranean and Black Sea,1.592087268,1.744543551,1.818286026,1.884742096,1.981739733,0.101430773,1.811589614,41233.37451,1981,0.347122914,64524.87983,5448.828351,0.173561457,1208,CBA
Penaeus_kerathurus-Mediterranean and Black Sea,Penaeus kerathurus,Caramote prawn,"Shrimps, prawns",Mediterranean and Black Sea,1.574233832,1.722010206,1.793687047,1.86884265,1.968743604,0.105095924,1.789266929,41233.37451,1982,0.347122914,64524.87983,5448.828351,0.173561457,2104,CBA
Penaeus_kerathurus-Mediterranean and Black Sea,Penaeus kerathurus,Caramote prawn,"Shrimps, prawns",Mediterranean and Black Sea,1.501329025,1.649747858,1.725224538,1.798855521,1.930177253,0.111501621,1.721956536,41233.37451,1983,0.347122914,64524.87983,5448.828351,0.173561457,3926,CBA
Penaeus_kerathurus-Mediterranean and Black Sea,Penaeus kerathurus,Caramote prawn,"Shrimps, prawns",Mediterranean and Black Sea,1.489511338,1.637144032,1.722458002,1.79847485,1.944542764,0.117116095,1.717999528,41233.37451,1984,0.347122914,64524.87983,5448.828351,0.173561457,2658,CBA
Penaeus_kerathurus-Mediterranean and Black Sea,Penaeus kerathurus,Caramote prawn,"Shrimps, prawns",Mediterranean and Black Sea,1.479179459,1.645523725,1.722990633,1.80395345,1.945043819,0.117960777,1.722541433,41233.37451,1985,0.347122914,64524.87983,5448.828351,0.173561457,2258,CBA
Penaeus_kerathurus-Mediterranean and Black Sea,Penaeus kerathurus,Caramote prawn,"Shrimps, prawns",Mediterranean and Black Sea,1.437213647,1.612212822,1.692716679,1.774780258,1.922926645,0.122034012,1.692181277,41233.37451,1986,0.347122914,64524.87983,5448.828351,0.173561457,3529,CBA
Penaeus_kerathurus-Mediterranean and Black Sea,Penaeus kerathurus,Caramote prawn,"Shrimps, prawns",Mediterranean and Black Sea,1.398869679,1.563449317,1.640752599,1.727596443,1.88213794,0.123491742,1.643154774,41233.37451,1987,0.347122914,64524.87983,5448.828351,0.173561457,4406,CBA
Penaeus_kerathurus-Mediterranean and Black Sea,Penaeus kerathurus,Caramote prawn,"Shrimps, prawns",Mediterranean and Black Sea,1.36542671,1.518949321,1.602105593,1.688666176,1.840375835,0.124495406,1.602945204,41233.37451,1988,0.347122914,64524.87983,5448.828351,0.173561457,4375,CBA
Penaeus_kerathurus-Mediterranean and Black Sea,Penaeus kerathurus,Caramote prawn,"Shrimps, prawns",Mediterranean and Black Sea,1.37758256,1.545424569,1.630198819,1.728422227,1.880641593,0.130537341,1.634735214,41233.37451,1989,0.347122914,64524.87983,5448.828351,0.173561457,2377,CBA
Penaeus_kerathurus-Mediterranean and Black Sea,Penaeus kerathurus,Caramote prawn,"Shrimps, prawns",Mediterranean and Black Sea,1.405715939,1.581088666,1.667262125,1.762481981,1.918303208,0.130193634,1.667657716,41233.37451,1990,0.347122914,64524.87983,5448.828351,0.173561457,2061,CBA
Penaeus_kerathurus-Mediterranean and Black Sea,Penaeus kerathurus,Caramote prawn,"Shrimps, prawns",Mediterranean and Black Sea,1.452822657,1.616715753,1.709642579,1.796878778,1.953637099,0.128943094,1.707790858,41233.37451,1991,0.347122914,64524.87983,5448.828351,0.173561457,1401,CBA
Penaeus_kerathurus-Mediterranean and Black Sea,Penaeus kerathurus,Caramote prawn,"Shrimps, prawns",Mediterranean and Black Sea,1.472737536,1.636355146,1.722559199,1.808743437,1.947255805,0.122037755,1.719263765,41233.37451,1992,0.347122914,64524.87983,5448.828351,0.173561457,2101,CBA
Penaeus_kerathurus-Mediterranean and Black Sea,Penaeus kerathurus,Caramote prawn,"Shrimps, prawns",Mediterranean and Black Sea,1.482290216,1.65173298,1.735802552,1.812056771,1.953294479,0.120252122,1.728562045,41233.37451,1993,0.347122914,64524.87983,5448.828351,0.173561457,2280,CBA
Penaeus_kerathurus-Mediterranean and Black Sea,Penaeus kerathurus,Caramote prawn,"Shrimps, prawns",Mediterranean and Black Sea,1.457259036,1.64081382,1.719841979,1.803220049,1.950484558,0.122590922,1.716786811,41233.37451,1994,0.347122914,64524.87983,5448.828351,0.173561457,2931,CBA
Penaeus_kerathurus-Mediterranean and Black Sea,Penaeus kerathurus,Caramote prawn,"Shrimps, prawns",Mediterranean and Black Sea,1.405728285,1.57767148,1.665546612,1.743050564,1.881181109,0.123837366,1.656062308,41233.37451,1995,0.347122914,64524.87983,5448.828351,0.173561457,4504,CBA
Penaeus_kerathurus-Mediterranean and Black Sea,Penaeus kerathurus,Caramote prawn,"Shrimps, prawns",Mediterranean and Black Sea,1.377634994,1.529456614,1.616859445,1.709545018,1.891616716,0.130470868,1.620402973,41233.37451,1996,0.347122914,64524.87983,5448.828351,0.173561457,4380,CBA
Penaeus_kerathurus-Mediterranean and Black Sea,Penaeus kerathurus,Caramote prawn,"Shrimps, prawns",Mediterranean and Black Sea,1.302629559,1.452954253,1.541259933,1.631758003,1.821722026,0.131079056,1.544134381,41233.37451,1997,0.347122914,64524.87983,5448.828351,0.173561457,5978,CBA
Penaeus_kerathurus-Mediterranean and Black Sea,Penaeus kerathurus,Caramote prawn,"Shrimps, prawns",Mediterranean and Black Sea,1.242850915,1.409929769,1.499384135,1.589532865,1.762319533,0.134721107,1.500898614,41233.37451,1998,0.347122914,64524.87983,5448.828351,0.173561457,5458,CBA
Penaeus_kerathurus-Mediterranean and Black Sea,Penaeus kerathurus,Caramote prawn,"Shrimps, prawns",Mediterranean and Black Sea,1.185814721,1.347500364,1.436172722,1.536371887,1.729784961,0.137643709,1.443306766,41233.37451,1999,0.347122914,64524.87983,5448.828351,0.173561457,5950,CBA
Penaeus_kerathurus-Mediterranean and Black Sea,Penaeus kerathurus,Caramote prawn,"Shrimps, prawns",Mediterranean and Black Sea,1.081078032,1.247501694,1.338227223,1.432509509,1.630126845,0.138935955,1.340569392,41233.37451,2000,0.347122914,64524.87983,5448.828351,0.173561457,7692,CBA
Penaeus_kerathurus-Mediterranean and Black Sea,Penaeus kerathurus,Caramote prawn,"Shrimps, prawns",Mediterranean and Black Sea,1.071344052,1.247822759,1.3348973,1.436600696,1.624782194,0.141642292,1.33978753,41233.37451,2001,0.347122914,64524.87983,5448.828351,0.173561457,4951,CBA
Penaeus_kerathurus-Mediterranean and Black Sea,Penaeus kerathurus,Caramote prawn,"Shrimps, prawns",Mediterranean and Black Sea,1.097710183,1.262354999,1.356098538,1.457660507,1.635440608,0.141307858,1.361797551,41233.37451,2002,0.347122914,64524.87983,5448.828351,0.173561457,4179,CBA
Penaeus_kerathurus-Mediterranean and Black Sea,Penaeus kerathurus,Caramote prawn,"Shrimps, prawns",Mediterranean and Black Sea,1.089172864,1.271841205,1.358805243,1.46156354,1.649769244,0.141604043,1.36641533,41233.37451,2003,0.347122914,64524.87983,5448.828351,0.173561457,4675,CBA
Penaeus_kerathurus-Mediterranean and Black Sea,Penaeus kerathurus,Caramote prawn,"Shrimps, prawns",Mediterranean and Black Sea,1.063595007,1.236888384,1.323670967,1.420463546,1.628585898,0.142669393,1.330383214,41233.37451,2004,0.347122914,64524.87983,5448.828351,0.173561457,5901,CBA
Penaeus_kerathurus-Mediterranean and Black Sea,Penaeus kerathurus,Caramote prawn,"Shrimps, prawns",Mediterranean and Black Sea,1.019217819,1.181223452,1.269441638,1.375243009,1.575323071,0.142550878,1.278604404,41233.37451,2005,0.347122914,64524.87983,5448.828351,0.173561457,6662,CBA
Penaeus_kerathurus-Mediterranean and Black Sea,Penaeus kerathurus,Caramote prawn,"Shrimps, prawns",Mediterranean and Black Sea,0.984541519,1.136082242,1.227899225,1.338128895,1.53811167,0.145189319,1.239443149,41233.37451,2006,0.347122914,64524.87983,5448.828351,0.173561457,6417,CBA
Penaeus_kerathurus-Mediterranean and Black Sea,Penaeus kerathurus,Caramote prawn,"Shrimps, prawns",Mediterranean and Black Sea,0.937093549,1.09067241,1.184805693,1.295815794,1.506034592,0.149031508,1.197917766,41233.37451,2007,0.347122914,64524.87983,5448.828351,0.173561457,6588,CBA
Penaeus_kerathurus-Mediterranean and Black Sea,Penaeus kerathurus,Caramote prawn,"Shrimps, prawns",Mediterranean and Black Sea,0.955071787,1.102197591,1.207586091,1.321502666,1.546842609,0.153901172,1.219042457,41233.37451,2008,0.347122914,64524.87983,5448.828351,0.173561457,4758,CBA
Penaeus_kerathurus-Mediterranean and Black Sea,Penaeus kerathurus,Caramote prawn,"Shrimps, prawns",Mediterranean and Black Sea,0.952338774,1.106545634,1.200289564,1.327003132,1.565386489,0.158911982,1.21960676,41233.37451,2009,0.347122914,64524.87983,5448.828351,0.173561457,5422,CBA
Penaeus_kerathurus-Mediterranean and Black Sea,Penaeus kerathurus,Caramote prawn,"Shrimps, prawns",Mediterranean and Black Sea,0.920896246,1.077623313,1.171683465,1.299890951,1.541721979,0.159626317,1.190559826,41233.37451,2010,0.347122914,64524.87983,5448.828351,0.173561457,6205,CBA
Penaeus_kerathurus-Mediterranean and Black Sea,Penaeus kerathurus,Caramote prawn,"Shrimps, prawns",Mediterranean and Black Sea,0.887154137,1.034675114,1.143619011,1.265683678,1.492325731,0.162037739,1.158203877,41233.37451,2011,0.347122914,64524.87983,5448.828351,0.173561457,6412,CBA
Penaeus_kerathurus-Mediterranean and Black Sea,Penaeus kerathurus,Caramote prawn,"Shrimps, prawns",Mediterranean and Black Sea,0.872019179,1.01121869,1.119049903,1.255897286,1.4918531,0.168420385,1.140594237,41233.37451,2012,0.347122914,64524.87983,5448.828351,0.173561457,5908,CBA
Penaeus_kerathurus-Mediterranean and Black Sea,Penaeus kerathurus,Caramote prawn,"Shrimps, prawns",Mediterranean and Black Sea,0.822711923,0.955083914,1.071581186,1.226237949,1.455813726,0.175897033,1.09351179,41233.37451,2013,0.347122914,64524.87983,5448.828351,0.173561457,6842,CBA
Penaeus_kerathurus-Mediterranean and Black Sea,Penaeus kerathurus,Caramote prawn,"Shrimps, prawns",Mediterranean and Black Sea,0.770403444,0.903160596,1.021882769,1.182629685,1.431794095,0.183255373,1.050239733,41233.37451,2014,0.347122914,64524.87983,5448.828351,0.173561457,6757,CBA
Penaeus_kerathurus-Mediterranean and Black Sea,Penaeus kerathurus,Caramote prawn,"Shrimps, prawns",Mediterranean and Black Sea,0.685451096,0.810427445,0.94140685,1.104044551,1.361296672,0.190513473,0.965647247,41233.37451,2015,0.347122914,64524.87983,5448.828351,0.173561457,8015,CBA
Penaeus_kerathurus-Mediterranean and Black Sea,Penaeus kerathurus,Caramote prawn,"Shrimps, prawns",Mediterranean and Black Sea,0.612094351,0.748464887,0.88089069,1.06879181,1.321604043,0.205986424,0.912489053,41233.37451,2016,0.347122914,64524.87983,5448.828351,0.173561457,6962,CBA
Penaeus_merguiensis-Indian Ocean_Eastern,Penaeus merguiensis,Banana prawn,"Shrimps, prawns",Indian Ocean Eastern,1.042895479,1.2657644,1.442156377,1.633458962,1.909393167,0.239861795,1.453047188,178303.4476,1950,0.405092405,272482.7224,26701.79365,0.202546202,1630,Domestic
Penaeus_merguiensis-Indian Ocean_Eastern,Penaeus merguiensis,Banana prawn,"Shrimps, prawns",Indian Ocean Eastern,1.163840862,1.420561666,1.58986484,1.73920219,1.935673654,0.210540745,1.572782298,178303.4476,1951,0.405092405,272482.7224,26701.79365,0.202546202,1830,Domestic
Penaeus_merguiensis-Indian Ocean_Eastern,Penaeus merguiensis,Banana prawn,"Shrimps, prawns",Indian Ocean Eastern,1.296481007,1.53625381,1.680785742,1.814174933,1.965349541,0.184707675,1.664238488,178303.4476,1952,0.405092405,272482.7224,26701.79365,0.202546202,2000,Domestic
Penaeus_merguiensis-Indian Ocean_Eastern,Penaeus merguiensis,Banana prawn,"Shrimps, prawns",Indian Ocean Eastern,1.374617445,1.611939134,1.752281604,1.859152241,1.973566683,0.161212333,1.728044942,178303.4476,1953,0.405092405,272482.7224,26701.79365,0.202546202,2260,Domestic
Penaeus_merguiensis-Indian Ocean_Eastern,Penaeus merguiensis,Banana prawn,"Shrimps, prawns",Indian Ocean Eastern,1.472025589,1.696461305,1.794717727,1.874119426,1.96725734,0.133442993,1.773402335,178303.4476,1954,0.405092405,272482.7224,26701.79365,0.202546202,2270,Domestic
Penaeus_merguiensis-Indian Ocean_Eastern,Penaeus merguiensis,Banana prawn,"Shrimps, prawns",Indian Ocean Eastern,1.52709508,1.714892327,1.80345517,1.88450926,1.980081666,0.118788565,1.7928768,178303.4476,1955,0.405092405,272482.7224,26701.79365,0.202546202,2530,Domestic
Penaeus_merguiensis-Indian Ocean_Eastern,Penaeus merguiensis,Banana prawn,"Shrimps, prawns",Indian Ocean Eastern,1.532088326,1.735195339,1.817263621,1.887849099,1.980058552,0.112750079,1.802778893,178303.4476,1956,0.405092405,272482.7224,26701.79365,0.202546202,2870,Domestic
Penaeus_merguiensis-Indian Ocean_Eastern,Penaeus merguiensis,Banana prawn,"Shrimps, prawns",Indian Ocean Eastern,1.550598844,1.748928308,1.834272443,1.901067494,1.986531725,0.111811122,1.816447612,178303.4476,1957,0.405092405,272482.7224,26701.79365,0.202546202,3040,Domestic
Penaeus_merguiensis-Indian Ocean_Eastern,Penaeus merguiensis,Banana prawn,"Shrimps, prawns",Indian Ocean Eastern,1.576156345,1.758803574,1.835851881,1.900229304,1.973876505,0.102249565,1.822731036,178303.4476,1958,0.405092405,272482.7224,26701.79365,0.202546202,2610,Domestic
Penaeus_merguiensis-Indian Ocean_Eastern,Penaeus merguiensis,Banana prawn,"Shrimps, prawns",Indian Ocean Eastern,1.616465237,1.75889503,1.828611524,1.893487993,1.984706008,0.098123609,1.820077286,178303.4476,1959,0.405092405,272482.7224,26701.79365,0.202546202,3290,Domestic
Penaeus_merguiensis-Indian Ocean_Eastern,Penaeus merguiensis,Banana prawn,"Shrimps, prawns",Indian Ocean Eastern,1.612132117,1.762178128,1.83672168,1.89764136,1.98179191,0.09907157,1.824561288,178303.4476,1960,0.405092405,272482.7224,26701.79365,0.202546202,3290,Domestic
Penaeus_merguiensis-Indian Ocean_Eastern,Penaeus merguiensis,Banana prawn,"Shrimps, prawns",Indian Ocean Eastern,1.609746516,1.76167483,1.831414457,1.895953203,1.984523479,0.099197604,1.824809131,178303.4476,1961,0.405092405,272482.7224,26701.79365,0.202546202,3650,Domestic
Penaeus_merguiensis-Indian Ocean_Eastern,Penaeus merguiensis,Banana prawn,"Shrimps, prawns",Indian Ocean Eastern,1.612888717,1.762052302,1.830451236,1.90218377,1.977909838,0.096400737,1.82421277,178303.4476,1962,0.405092405,272482.7224,26701.79365,0.202546202,3803,Domestic
Penaeus_merguiensis-Indian Ocean_Eastern,Penaeus merguiensis,Banana prawn,"Shrimps, prawns",Indian Ocean Eastern,1.616856357,1.77031124,1.83299495,1.893841133,1.976646087,0.092246577,1.826086687,178303.4476,1963,0.405092405,272482.7224,26701.79365,0.202546202,3607,Domestic
Penaeus_merguiensis-Indian Ocean_Eastern,Penaeus merguiensis,Banana prawn,"Shrimps, prawns",Indian Ocean Eastern,1.630702891,1.762284192,1.834737553,1.900208609,1.973343418,0.093958136,1.824679575,178303.4476,1964,0.405092405,272482.7224,26701.79365,0.202546202,3815,Domestic
Penaeus_merguiensis-Indian Ocean_Eastern,Penaeus merguiensis,Banana prawn,"Shrimps, prawns",Indian Ocean Eastern,1.612647217,1.760277794,1.83369494,1.897948841,1.980924108,0.098467729,1.824917508,178303.4476,1965,0.405092405,272482.7224,26701.79365,0.202546202,3750,Domestic
Penaeus_merguiensis-Indian Ocean_Eastern,Penaeus merguiensis,Banana prawn,"Shrimps, prawns",Indian Ocean Eastern,1.608650189,1.752237438,1.829493041,1.895372906,1.984662911,0.099472706,1.82085127,178303.4476,1966,0.405092405,272482.7224,26701.79365,0.202546202,4430,Domestic
Penaeus_merguiensis-Indian Ocean_Eastern,Penaeus merguiensis,Banana prawn,"Shrimps, prawns",Indian Ocean Eastern,1.622605326,1.75856838,1.830242496,1.89386187,1.983559637,0.096404544,1.820627054,178303.4476,1967,0.405092405,272482.7224,26701.79365,0.202546202,4430,Domestic
Penaeus_merguiensis-Indian Ocean_Eastern,Penaeus merguiensis,Banana prawn,"Shrimps, prawns",Indian Ocean Eastern,1.611037121,1.758253608,1.831379013,1.89878709,1.978118377,0.096992796,1.823484769,178303.4476,1968,0.405092405,272482.7224,26701.79365,0.202546202,3830,Domestic
Penaeus_merguiensis-Indian Ocean_Eastern,Penaeus merguiensis,Banana prawn,"Shrimps, prawns",Indian Ocean Eastern,1.621983648,1.748115295,1.823912843,1.892628101,1.983323101,0.095913332,1.818451756,178303.4476,1969,0.405092405,272482.7224,26701.79365,0.202546202,3810,Domestic
Penaeus_merguiensis-Indian Ocean_Eastern,Penaeus merguiensis,Banana prawn,"Shrimps, prawns",Indian Ocean Eastern,1.620782974,1.752894298,1.834461633,1.902391672,1.980844318,0.098323846,1.825396117,178303.4476,1970,0.405092405,272482.7224,26701.79365,0.202546202,2530,Domestic
Penaeus_merguiensis-Indian Ocean_Eastern,Penaeus merguiensis,Banana prawn,"Shrimps, prawns",Indian Ocean Eastern,1.646546639,1.765498549,1.836304369,1.900271194,1.989937986,0.093822942,1.831677628,178303.4476,1971,0.405092405,272482.7224,26701.79365,0.202546202,1610,Domestic
Penaeus_merguiensis-Indian Ocean_Eastern,Penaeus merguiensis,Banana prawn,"Shrimps, prawns",Indian Ocean Eastern,1.661171531,1.775099397,1.841234257,1.905587429,1.986104175,0.089375851,1.836893316,178303.4476,1972,0.405092405,272482.7224,26701.79365,0.202546202,1106,Domestic
Penaeus_merguiensis-Indian Ocean_Eastern,Penaeus merguiensis,Banana prawn,"Shrimps, prawns",Indian Ocean Eastern,1.662112837,1.780486583,1.856946133,1.917796138,1.982568812,0.089316954,1.84806364,178303.4476,1973,0.405092405,272482.7224,26701.79365,0.202546202,708,Domestic
Penaeus_merguiensis-Indian Ocean_Eastern,Penaeus merguiensis,Banana prawn,"Shrimps, prawns",Indian Ocean Eastern,1.656652011,1.798687719,1.865948078,1.9202858,1.98886668,0.088529796,1.853176081,178303.4476,1974,0.405092405,272482.7224,26701.79365,0.202546202,1233,Domestic
Penaeus_merguiensis-Indian Ocean_Eastern,Penaeus merguiensis,Banana prawn,"Shrimps, prawns",Indian Ocean Eastern,1.633879288,1.778552887,1.847473281,1.909798047,1.987998324,0.093315239,1.838429343,178303.4476,1975,0.405092405,272482.7224,26701.79365,0.202546202,5558,Domestic
Penaeus_merguiensis-Indian Ocean_Eastern,Penaeus merguiensis,Banana prawn,"Shrimps, prawns",Indian Ocean Eastern,1.603024719,1.774131177,1.845999648,1.911891177,1.985860401,0.097195345,1.837378333,178303.4476,1976,0.405092405,272482.7224,26701.79365,0.202546202,5130,Domestic
Penaeus_merguiensis-Indian Ocean_Eastern,Penaeus merguiensis,Banana prawn,"Shrimps, prawns",Indian Ocean Eastern,1.567955881,1.717665969,1.788920022,1.86320548,1.974562098,0.106271095,1.78643987,178303.4476,1977,0.405092405,272482.7224,26701.79365,0.202546202,12647,Domestic
Penaeus_merguiensis-Indian Ocean_Eastern,Penaeus merguiensis,Banana prawn,"Shrimps, prawns",Indian Ocean Eastern,1.511051189,1.65130752,1.733145173,1.804141509,1.936564207,0.108946511,1.727451315,178303.4476,1978,0.405092405,272482.7224,26701.79365,0.202546202,17528,Domestic
Penaeus_merguiensis-Indian Ocean_Eastern,Penaeus merguiensis,Banana prawn,"Shrimps, prawns",Indian Ocean Eastern,1.4787802,1.634453217,1.710225762,1.78796288,1.907116141,0.113145392,1.707892115,178303.4476,1979,0.405092405,272482.7224,26701.79365,0.202546202,13467,Domestic
Penaeus_merguiensis-Indian Ocean_Eastern,Penaeus merguiensis,Banana prawn,"Shrimps, prawns",Indian Ocean Eastern,1.47958518,1.638572228,1.725003929,1.798536578,1.938279414,0.114898091,1.716603956,178303.4476,1980,0.405092405,272482.7224,26701.79365,0.202546202,9588,Domestic
Penaeus_merguiensis-Indian Ocean_Eastern,Penaeus merguiensis,Banana prawn,"Shrimps, prawns",Indian Ocean Eastern,1.507673863,1.671356103,1.756960803,1.832265662,1.958081713,0.114751378,1.749891019,178303.4476,1981,0.405092405,272482.7224,26701.79365,0.202546202,6355,Domestic
Penaeus_merguiensis-Indian Ocean_Eastern,Penaeus merguiensis,Banana prawn,"Shrimps, prawns",Indian Ocean Eastern,1.530014554,1.675065529,1.755646109,1.831836013,1.94959097,0.110248759,1.751667561,178303.4476,1982,0.405092405,272482.7224,26701.79365,0.202546202,9586,Domestic
Penaeus_merguiensis-Indian Ocean_Eastern,Penaeus merguiensis,Banana prawn,"Shrimps, prawns",Indian Ocean Eastern,1.514650898,1.677564731,1.752353043,1.833148761,1.939351969,0.110028955,1.750324474,178303.4476,1983,0.405092405,272482.7224,26701.79365,0.202546202,10054,Domestic
Penaeus_merguiensis-Indian Ocean_Eastern,Penaeus merguiensis,Banana prawn,"Shrimps, prawns",Indian Ocean Eastern,1.516440279,1.68830428,1.761789458,1.838532085,1.96280798,0.111638761,1.759097085,178303.4476,1984,0.405092405,272482.7224,26701.79365,0.202546202,8279,Domestic
Penaeus_merguiensis-Indian Ocean_Eastern,Penaeus merguiensis,Banana prawn,"Shrimps, prawns",Indian Ocean Eastern,1.534918596,1.707544326,1.786283333,1.855751337,1.971208906,0.107742589,1.777584652,178303.4476,1985,0.405092405,272482.7224,26701.79365,0.202546202,7358,Domestic
Penaeus_merguiensis-Indian Ocean_Eastern,Penaeus merguiensis,Banana prawn,"Shrimps, prawns",Indian Ocean Eastern,1.531408664,1.707275052,1.796661817,1.867654196,1.974661929,0.112682503,1.783565138,178303.4476,1986,0.405092405,272482.7224,26701.79365,0.202546202,7296,Domestic
Penaeus_merguiensis-Indian Ocean_Eastern,Penaeus merguiensis,Banana prawn,"Shrimps, prawns",Indian Ocean Eastern,1.547947844,1.706360011,1.784340598,1.863100642,1.969640195,0.112991315,1.778857335,178303.4476,1987,0.405092405,272482.7224,26701.79365,0.202546202,8363,Domestic
Penaeus_merguiensis-Indian Ocean_Eastern,Penaeus merguiensis,Banana prawn,"Shrimps, prawns",Indian Ocean Eastern,1.525811786,1.69114102,1.765757008,1.845748629,1.970589604,0.115964814,1.763107529,178303.4476,1988,0.405092405,272482.7224,26701.79365,0.202546202,9892,Domestic
Penaeus_merguiensis-Indian Ocean_Eastern,Penaeus merguiensis,Banana prawn,"Shrimps, prawns",Indian Ocean Eastern,1.50811992,1.683763197,1.7606932,1.831950683,1.943149103,0.112173543,1.75049833,178303.4476,1989,0.405092405,272482.7224,26701.79365,0.202546202,11020,Domestic
Penaeus_merguiensis-Indian Ocean_Eastern,Penaeus merguiensis,Banana prawn,"Shrimps, prawns",Indian Ocean Eastern,1.534516363,1.697536092,1.775388707,1.840666181,1.96420293,0.112971113,1.763649643,178303.4476,1990,0.405092405,272482.7224,26701.79365,0.202546202,8724,Domestic
Penaeus_merguiensis-Indian Ocean_Eastern,Penaeus merguiensis,Banana prawn,"Shrimps, prawns",Indian Ocean Eastern,1.548335974,1.682372089,1.770670459,1.838323842,1.959997804,0.108550286,1.762343155,178303.4476,1991,0.405092405,272482.7224,26701.79365,0.202546202,9634,Domestic
Penaeus_merguiensis-Indian Ocean_Eastern,Penaeus merguiensis,Banana prawn,"Shrimps, prawns",Indian Ocean Eastern,1.545182877,1.679985454,1.76328478,1.835868426,1.964123006,0.111350611,1.757303592,178303.4476,1992,0.405092405,272482.7224,26701.79365,0.202546202,10831,Domestic
Penaeus_merguiensis-Indian Ocean_Eastern,Penaeus merguiensis,Banana prawn,"Shrimps, prawns",Indian Ocean Eastern,1.512900163,1.667596779,1.746950938,1.83207997,1.950314412,0.114633413,1.746090803,178303.4476,1993,0.405092405,272482.7224,26701.79365,0.202546202,11431,Domestic
Penaeus_merguiensis-Indian Ocean_Eastern,Penaeus merguiensis,Banana prawn,"Shrimps, prawns",Indian Ocean Eastern,1.523717084,1.655415839,1.739558576,1.818447303,1.955482557,0.114180615,1.736664909,178303.4476,1994,0.405092405,272482.7224,26701.79365,0.202546202,12375,Domestic
Penaeus_merguiensis-Indian Ocean_Eastern,Penaeus merguiensis,Banana prawn,"Shrimps, prawns",Indian Ocean Eastern,1.504438446,1.619312496,1.699062064,1.776185439,1.924492229,0.112519899,1.701118864,178303.4476,1995,0.405092405,272482.7224,26701.79365,0.202546202,15952,Domestic
Penaeus_merguiensis-Indian Ocean_Eastern,Penaeus merguiensis,Banana prawn,"Shrimps, prawns",Indian Ocean Eastern,1.455729011,1.597702832,1.670729726,1.766357803,1.895808665,0.120054678,1.678213998,178303.4476,1996,0.405092405,272482.7224,26701.79365,0.202546202,16830,Domestic
Penaeus_merguiensis-Indian Ocean_Eastern,Penaeus merguiensis,Banana prawn,"Shrimps, prawns",Indian Ocean Eastern,1.410180262,1.573221957,1.645461238,1.731493902,1.888964451,0.121448618,1.647690323,178303.4476,1997,0.405092405,272482.7224,26701.79365,0.202546202,18150,Domestic
Penaeus_merguiensis-Indian Ocean_Eastern,Penaeus merguiensis,Banana prawn,"Shrimps, prawns",Indian Ocean Eastern,1.330774931,1.525407771,1.60836238,1.688266405,1.868494288,0.129434499,1.603949111,178303.4476,1998,0.405092405,272482.7224,26701.79365,0.202546202,21549,Domestic
Penaeus_merguiensis-Indian Ocean_Eastern,Penaeus merguiensis,Banana prawn,"Shrimps, prawns",Indian Ocean Eastern,1.307220865,1.475025895,1.562399096,1.654412432,1.799465758,0.129356399,1.562953262,178303.4476,1999,0.405092405,272482.7224,26701.79365,0.202546202,22089,Domestic
Penaeus_merguiensis-Indian Ocean_Eastern,Penaeus merguiensis,Banana prawn,"Shrimps, prawns",Indian Ocean Eastern,1.261936756,1.43201159,1.513093717,1.607862696,1.776150199,0.130410419,1.519809108,178303.4476,2000,0.405092405,272482.7224,26701.79365,0.202546202,24116,Domestic
Penaeus_merguiensis-Indian Ocean_Eastern,Penaeus merguiensis,Banana prawn,"Shrimps, prawns",Indian Ocean Eastern,1.266435259,1.456805473,1.544597468,1.627230042,1.805124925,0.133397566,1.541506141,178303.4476,2001,0.405092405,272482.7224,26701.79365,0.202546202,16781,Domestic
Penaeus_merguiensis-Indian Ocean_Eastern,Penaeus merguiensis,Banana prawn,"Shrimps, prawns",Indian Ocean Eastern,1.248706594,1.423337287,1.511418288,1.612020076,1.793681268,0.137643087,1.514456575,178303.4476,2002,0.405092405,272482.7224,26701.79365,0.202546202,23492,Domestic
Penaeus_merguiensis-Indian Ocean_Eastern,Penaeus merguiensis,Banana prawn,"Shrimps, prawns",Indian Ocean Eastern,1.224985868,1.390017956,1.481589836,1.561685089,1.73800998,0.135066957,1.477508989,178303.4476,2003,0.405092405,272482.7224,26701.79365,0.202546202,24928,Domestic
Penaeus_merguiensis-Indian Ocean_Eastern,Penaeus merguiensis,Banana prawn,"Shrimps, prawns",Indian Ocean Eastern,1.236524187,1.407682246,1.495485891,1.582245066,1.809863583,0.141472849,1.497587032,178303.4476,2004,0.405092405,272482.7224,26701.79365,0.202546202,18942,Domestic
Penaeus_merguiensis-Indian Ocean_Eastern,Penaeus merguiensis,Banana prawn,"Shrimps, prawns",Indian Ocean Eastern,1.207793635,1.368673997,1.466796926,1.551786771,1.748510797,0.138143467,1.463799387,178303.4476,2005,0.405092405,272482.7224,26701.79365,0.202546202,24576,Domestic
Penaeus_merguiensis-Indian Ocean_Eastern,Penaeus merguiensis,Banana prawn,"Shrimps, prawns",Indian Ocean Eastern,1.195668132,1.348899355,1.442225029,1.533232709,1.716055012,0.136002776,1.445102365,178303.4476,2006,0.405092405,272482.7224,26701.79365,0.202546202,24428,Domestic
Penaeus_merguiensis-Indian Ocean_Eastern,Penaeus merguiensis,Banana prawn,"Shrimps, prawns",Indian Ocean Eastern,1.184834016,1.338406951,1.419802714,1.517356933,1.734782126,0.137966474,1.429674935,178303.4476,2007,0.405092405,272482.7224,26701.79365,0.202546202,24905,Domestic
Penaeus_merguiensis-Indian Ocean_Eastern,Penaeus merguiensis,Banana prawn,"Shrimps, prawns",Indian Ocean Eastern,1.163028329,1.307304925,1.391421419,1.47913119,1.719422554,0.138409084,1.401061082,178303.4476,2008,0.405092405,272482.7224,26701.79365,0.202546202,26428,Domestic
Penaeus_merguiensis-Indian Ocean_Eastern,Penaeus merguiensis,Banana prawn,"Shrimps, prawns",Indian Ocean Eastern,1.124414571,1.259615757,1.34656177,1.448329204,1.648550034,0.134616361,1.359188365,178303.4476,2009,0.405092405,272482.7224,26701.79365,0.202546202,29317,Domestic
Penaeus_merguiensis-Indian Ocean_Eastern,Penaeus merguiensis,Banana prawn,"Shrimps, prawns",Indian Ocean Eastern,1.09303276,1.229934124,1.309028005,1.400334062,1.619007469,0.130226824,1.318327781,178303.4476,2010,0.405092405,272482.7224,26701.79365,0.202546202,29678,Domestic
Penaeus_merguiensis-Indian Ocean_Eastern,Penaeus merguiensis,Banana prawn,"Shrimps, prawns",Indian Ocean Eastern,0.980412796,1.099684059,1.17612634,1.272294636,1.468568383,0.130454475,1.189274827,178303.4476,2011,0.405092405,272482.7224,26701.79365,0.202546202,42507,Domestic
Penaeus_merguiensis-Indian Ocean_Eastern,Penaeus merguiensis,Banana prawn,"Shrimps, prawns",Indian Ocean Eastern,0.835827263,0.961536517,1.042398126,1.155866759,1.357930058,0.13815585,1.061882831,178303.4476,2012,0.405092405,272482.7224,26701.79365,0.202546202,43256,Domestic
Penaeus_merguiensis-Indian Ocean_Eastern,Penaeus merguiensis,Banana prawn,"Shrimps, prawns",Indian Ocean Eastern,0.832229774,0.950534474,1.031184319,1.148611101,1.36742891,0.146922167,1.05814737,178303.4476,2013,0.405092405,272482.7224,26701.79365,0.202546202,27718,Domestic
Penaeus_merguiensis-Indian Ocean_Eastern,Penaeus merguiensis,Banana prawn,"Shrimps, prawns",Indian Ocean Eastern,0.721265305,0.830813016,0.925712961,1.068814432,1.302695563,0.159335687,0.957225077,178303.4476,2014,0.405092405,272482.7224,26701.79365,0.202546202,40577,Domestic
Penaeus_merguiensis-Indian Ocean_Eastern,Penaeus merguiensis,Banana prawn,"Shrimps, prawns",Indian Ocean Eastern,0.651041095,0.747828954,0.861285944,1.01346813,1.280210572,0.175544028,0.892961835,178303.4476,2015,0.405092405,272482.7224,26701.79365,0.202546202,35150,Domestic
Penaeus_merguiensis-Indian Ocean_Eastern,Penaeus merguiensis,Banana prawn,"Shrimps, prawns",Indian Ocean Eastern,0.613851707,0.718501578,0.861622366,1.03321396,1.319102284,0.20089623,0.890259642,178303.4476,2016,0.405092405,272482.7224,26701.79365,0.202546202,26492,Domestic
Penaeus_merguiensis-Pacific_Western Central,Penaeus merguiensis,Banana prawn,"Shrimps, prawns",Pacific Western Central,1.084984834,1.338180197,1.520923178,1.704580157,1.947594908,0.236311294,1.520799892,299176.2509,1950,0.652571877,479090.9847,69370.85853,0.326285939,1970,Domestic
Penaeus_merguiensis-Pacific_Western Central,Penaeus merguiensis,Banana prawn,"Shrimps, prawns",Pacific Western Central,1.232880297,1.52317127,1.70088573,1.835022324,1.972420098,0.204760961,1.669221546,299176.2509,1951,0.652571877,479090.9847,69370.85853,0.326285939,9070,Domestic
Penaeus_merguiensis-Pacific_Western Central,Penaeus merguiensis,Banana prawn,"Shrimps, prawns",Pacific Western Central,1.345144165,1.646279635,1.782214363,1.87855982,1.981745995,0.169804123,1.748146908,299176.2509,1952,0.652571877,479090.9847,69370.85853,0.326285939,10200,Domestic
Penaeus_merguiensis-Pacific_Western Central,Penaeus merguiensis,Banana prawn,"Shrimps, prawns",Pacific Western Central,1.447813398,1.717910929,1.820515861,1.897969558,1.986781846,0.140693249,1.793327972,299176.2509,1953,0.652571877,479090.9847,69370.85853,0.326285939,10540,Domestic
Penaeus_merguiensis-Pacific_Western Central,Penaeus merguiensis,Banana prawn,"Shrimps, prawns",Pacific Western Central,1.518293425,1.75031669,1.835703549,1.90530526,1.985983175,0.121205309,1.815388186,299176.2509,1954,0.652571877,479090.9847,69370.85853,0.326285939,11230,Domestic
Penaeus_merguiensis-Pacific_Western Central,Penaeus merguiensis,Banana prawn,"Shrimps, prawns",Pacific Western Central,1.573163459,1.764461786,1.841534592,1.90917773,1.987284518,0.108671462,1.82762722,299176.2509,1955,0.652571877,479090.9847,69370.85853,0.326285939,11570,Domestic
Penaeus_merguiensis-Pacific_Western Central,Penaeus merguiensis,Banana prawn,"Shrimps, prawns",Pacific Western Central,1.605067808,1.773698083,1.844849341,1.910412932,1.986542806,0.100598099,1.834142183,299176.2509,1956,0.652571877,479090.9847,69370.85853,0.326285939,11830,Domestic
Penaeus_merguiensis-Pacific_Western Central,Penaeus merguiensis,Banana prawn,"Shrimps, prawns",Pacific Western Central,1.626061141,1.781473662,1.85230797,1.912417792,1.987217199,0.095609667,1.840802394,299176.2509,1957,0.652571877,479090.9847,69370.85853,0.326285939,11460,Domestic
Penaeus_merguiensis-Pacific_Western Central,Penaeus merguiensis,Banana prawn,"Shrimps, prawns",Pacific Western Central,1.637133625,1.783936158,1.852582663,1.914261805,1.987875075,0.093936942,1.842938028,299176.2509,1958,0.652571877,479090.9847,69370.85853,0.326285939,11790,Domestic
Penaeus_merguiensis-Pacific_Western Central,Penaeus merguiensis,Banana prawn,"Shrimps, prawns",Pacific Western Central,1.646814494,1.787438317,1.855204606,1.916022659,1.988576789,0.090968791,1.846266664,299176.2509,1959,0.652571877,479090.9847,69370.85853,0.326285939,11410,Domestic
Penaeus_merguiensis-Pacific_Western Central,Penaeus merguiensis,Banana prawn,"Shrimps, prawns",Pacific Western Central,1.647189625,1.789715718,1.85706348,1.91810749,1.988847612,0.091127941,1.848026839,299176.2509,1960,0.652571877,479090.9847,69370.85853,0.326285939,11610,Domestic
Penaeus_merguiensis-Pacific_Western Central,Penaeus merguiensis,Banana prawn,"Shrimps, prawns",Pacific Western Central,1.646310413,1.780292188,1.84572695,1.90617325,1.985270798,0.090391347,1.838819307,299176.2509,1961,0.652571877,479090.9847,69370.85853,0.326285939,14750,Domestic
Penaeus_merguiensis-Pacific_Western Central,Penaeus merguiensis,Banana prawn,"Shrimps, prawns",Pacific Western Central,1.640912043,1.776111598,1.841895556,1.904733858,1.986078204,0.091312332,1.835864367,299176.2509,1962,0.652571877,479090.9847,69370.85853,0.326285939,15277,Domestic
Penaeus_merguiensis-Pacific_Western Central,Penaeus merguiensis,Banana prawn,"Shrimps, prawns",Pacific Western Central,1.639996922,1.77338014,1.841426312,1.901908005,1.982309095,0.090946127,1.833642228,299176.2509,1963,0.652571877,479090.9847,69370.85853,0.326285939,15742,Domestic
Penaeus_merguiensis-Pacific_Western Central,Penaeus merguiensis,Banana prawn,"Shrimps, prawns",Pacific Western Central,1.637212704,1.771908264,1.838125054,1.900490411,1.983267421,0.091294157,1.831586831,299176.2509,1964,0.652571877,479090.9847,69370.85853,0.326285939,16585,Domestic
Penaeus_merguiensis-Pacific_Western Central,Penaeus merguiensis,Banana prawn,"Shrimps, prawns",Pacific Western Central,1.630107786,1.761974919,1.827975729,1.891521964,1.981563693,0.092136962,1.822864314,299176.2509,1965,0.652571877,479090.9847,69370.85853,0.326285939,18650,Domestic
Penaeus_merguiensis-Pacific_Western Central,Penaeus merguiensis,Banana prawn,"Shrimps, prawns",Pacific Western Central,1.617080406,1.751029984,1.818282911,1.882959608,1.979328378,0.09406675,1.813628445,299176.2509,1966,0.652571877,479090.9847,69370.85853,0.326285939,20270,Domestic
Penaeus_merguiensis-Pacific_Western Central,Penaeus merguiensis,Banana prawn,"Shrimps, prawns",Pacific Western Central,1.619258334,1.752583582,1.819330471,1.884667052,1.979933545,0.094480974,1.815159447,299176.2509,1967,0.652571877,479090.9847,69370.85853,0.326285939,19070,Domestic
Penaeus_merguiensis-Pacific_Western Central,Penaeus merguiensis,Banana prawn,"Shrimps, prawns",Pacific Western Central,1.610511382,1.750340689,1.816948323,1.882414911,1.978302839,0.095158915,1.81239704,299176.2509,1968,0.652571877,479090.9847,69370.85853,0.326285939,20170,Domestic
Penaeus_merguiensis-Pacific_Western Central,Penaeus merguiensis,Banana prawn,"Shrimps, prawns",Pacific Western Central,1.604540994,1.741334453,1.810167999,1.876546871,1.973847174,0.096229383,1.805899464,299176.2509,1969,0.652571877,479090.9847,69370.85853,0.326285939,21849,Domestic
Penaeus_merguiensis-Pacific_Western Central,Penaeus merguiensis,Banana prawn,"Shrimps, prawns",Pacific Western Central,1.57202395,1.702728887,1.770622174,1.839114384,1.955825436,0.098923566,1.769390403,299176.2509,1970,0.652571877,479090.9847,69370.85853,0.326285939,30117,Domestic
Penaeus_merguiensis-Pacific_Western Central,Penaeus merguiensis,Banana prawn,"Shrimps, prawns",Pacific Western Central,1.548542511,1.681146991,1.750191772,1.819916517,1.945194343,0.101572751,1.74958364,299176.2509,1971,0.652571877,479090.9847,69370.85853,0.326285939,31372,Domestic
Penaeus_merguiensis-Pacific_Western Central,Penaeus merguiensis,Banana prawn,"Shrimps, prawns",Pacific Western Central,1.53044548,1.667998211,1.739678698,1.810492933,1.938678118,0.103889456,1.738622995,299176.2509,1972,0.652571877,479090.9847,69370.85853,0.326285939,31454,Domestic
Penaeus_merguiensis-Pacific_Western Central,Penaeus merguiensis,Banana prawn,"Shrimps, prawns",Pacific Western Central,1.512556914,1.649344057,1.720197954,1.792531805,1.927582607,0.104521366,1.720308188,299176.2509,1973,0.652571877,479090.9847,69370.85853,0.326285939,33996,Domestic
Penaeus_merguiensis-Pacific_Western Central,Penaeus merguiensis,Banana prawn,"Shrimps, prawns",Pacific Western Central,1.499173538,1.640405903,1.711934242,1.783025836,1.921012061,0.105890645,1.711419457,299176.2509,1974,0.652571877,479090.9847,69370.85853,0.326285939,34138,Domestic
Penaeus_merguiensis-Pacific_Western Central,Penaeus merguiensis,Banana prawn,"Shrimps, prawns",Pacific Western Central,1.495378887,1.636677922,1.707448637,1.781324418,1.914042455,0.106599665,1.707909855,299176.2509,1975,0.652571877,479090.9847,69370.85853,0.326285939,33711,Domestic
Penaeus_merguiensis-Pacific_Western Central,Penaeus merguiensis,Banana prawn,"Shrimps, prawns",Pacific Western Central,1.518897933,1.67376858,1.749859376,1.823599996,1.947883086,0.10990689,1.746081584,299176.2509,1976,0.652571877,479090.9847,69370.85853,0.326285939,24457,Domestic
Penaeus_merguiensis-Pacific_Western Central,Penaeus merguiensis,Banana prawn,"Shrimps, prawns",Pacific Western Central,1.535054223,1.698495013,1.774358603,1.845761448,1.961500898,0.10871131,1.768161761,299176.2509,1977,0.652571877,479090.9847,69370.85853,0.326285939,23459,Domestic
Penaeus_merguiensis-Pacific_Western Central,Penaeus merguiensis,Banana prawn,"Shrimps, prawns",Pacific Western Central,1.517887088,1.66562982,1.739138444,1.808880589,1.936048909,0.106557863,1.735602921,299176.2509,1978,0.652571877,479090.9847,69370.85853,0.326285939,33471,Domestic
Penaeus_merguiensis-Pacific_Western Central,Penaeus merguiensis,Banana prawn,"Shrimps, prawns",Pacific Western Central,1.494907432,1.63529022,1.710054815,1.782079318,1.923130257,0.108786229,1.708851926,299176.2509,1979,0.652571877,479090.9847,69370.85853,0.326285939,36443,Domestic
Penaeus_merguiensis-Pacific_Western Central,Penaeus merguiensis,Banana prawn,"Shrimps, prawns",Pacific Western Central,1.445530151,1.585025193,1.658412362,1.733495648,1.879031019,0.110499326,1.65992828,299176.2509,1980,0.652571877,479090.9847,69370.85853,0.326285939,44263,Domestic
Penaeus_merguiensis-Pacific_Western Central,Penaeus merguiensis,Banana prawn,"Shrimps, prawns",Pacific Western Central,1.454540857,1.604620229,1.681543876,1.759709829,1.900345558,0.113689182,1.680963095,299176.2509,1981,0.652571877,479090.9847,69370.85853,0.326285939,34166,Domestic
Penaeus_merguiensis-Pacific_Western Central,Penaeus merguiensis,Banana prawn,"Shrimps, prawns",Pacific Western Central,1.460603015,1.611219948,1.686561265,1.76394646,1.907247603,0.113712113,1.686438669,299176.2509,1982,0.652571877,479090.9847,69370.85853,0.326285939,35032,Domestic
Penaeus_merguiensis-Pacific_Western Central,Penaeus merguiensis,Banana prawn,"Shrimps, prawns",Pacific Western Central,1.439697613,1.595107098,1.670845563,1.746031306,1.888239008,0.113550197,1.669445437,299176.2509,1983,0.652571877,479090.9847,69370.85853,0.326285939,38817,Domestic
Penaeus_merguiensis-Pacific_Western Central,Penaeus merguiensis,Banana prawn,"Shrimps, prawns",Pacific Western Central,1.467387225,1.629912068,1.705437197,1.782792786,1.918009402,0.11456882,1.703767116,299176.2509,1984,0.652571877,479090.9847,69370.85853,0.326285939,29547,Domestic
Penaeus_merguiensis-Pacific_Western Central,Penaeus merguiensis,Banana prawn,"Shrimps, prawns",Pacific Western Central,1.477890484,1.637261431,1.714231191,1.789310557,1.921557215,0.113087188,1.711020181,299176.2509,1985,0.652571877,479090.9847,69370.85853,0.326285939,31665,Domestic
Penaeus_merguiensis-Pacific_Western Central,Penaeus merguiensis,Banana prawn,"Shrimps, prawns",Pacific Western Central,1.469705308,1.627556156,1.704044386,1.777243059,1.914602398,0.112399613,1.701082334,299176.2509,1986,0.652571877,479090.9847,69370.85853,0.326285939,34851,Domestic
Penaeus_merguiensis-Pacific_Western Central,Penaeus merguiensis,Banana prawn,"Shrimps, prawns",Pacific Western Central,1.457790011,1.609319242,1.683149973,1.757889935,1.900324512,0.111563861,1.68269864,299176.2509,1987,0.652571877,479090.9847,69370.85853,0.326285939,38150,Domestic
Penaeus_merguiensis-Pacific_Western Central,Penaeus merguiensis,Banana prawn,"Shrimps, prawns",Pacific Western Central,1.432056576,1.573269216,1.64816057,1.724735471,1.872713385,0.112138804,1.649610578,299176.2509,1988,0.652571877,479090.9847,69370.85853,0.326285939,43150,Domestic
Penaeus_merguiensis-Pacific_Western Central,Penaeus merguiensis,Banana prawn,"Shrimps, prawns",Pacific Western Central,1.386673884,1.52826296,1.602550653,1.681243475,1.839317762,0.114016383,1.606231018,299176.2509,1989,0.652571877,479090.9847,69370.85853,0.326285939,48925,Domestic
Penaeus_merguiensis-Pacific_Western Central,Penaeus merguiensis,Banana prawn,"Shrimps, prawns",Pacific Western Central,1.366149166,1.512976075,1.587134824,1.665877058,1.820176129,0.114962509,1.589727633,299176.2509,1990,0.652571877,479090.9847,69370.85853,0.326285939,47202,Domestic
Penaeus_merguiensis-Pacific_Western Central,Penaeus merguiensis,Banana prawn,"Shrimps, prawns",Pacific Western Central,1.338424148,1.484021649,1.560365212,1.641301995,1.797325799,0.117328442,1.562855492,299176.2509,1991,0.652571877,479090.9847,69370.85853,0.326285939,50824,Domestic
Penaeus_merguiensis-Pacific_Western Central,Penaeus merguiensis,Banana prawn,"Shrimps, prawns",Pacific Western Central,1.311521622,1.462321447,1.539890536,1.621252095,1.784977212,0.119630935,1.542257581,299176.2509,1992,0.652571877,479090.9847,69370.85853,0.326285939,51408,Domestic
Penaeus_merguiensis-Pacific_Western Central,Penaeus merguiensis,Banana prawn,"Shrimps, prawns",Pacific Western Central,1.298033671,1.452330565,1.532853414,1.616370011,1.7822064,0.122587502,1.535293999,299176.2509,1993,0.652571877,479090.9847,69370.85853,0.326285939,49978,Domestic
Penaeus_merguiensis-Pacific_Western Central,Penaeus merguiensis,Banana prawn,"Shrimps, prawns",Pacific Western Central,1.28573295,1.443981144,1.526234854,1.612788461,1.778755542,0.124881269,1.528451846,299176.2509,1994,0.652571877,479090.9847,69370.85853,0.326285939,50314,Domestic
Penaeus_merguiensis-Pacific_Western Central,Penaeus merguiensis,Banana prawn,"Shrimps, prawns",Pacific Western Central,1.260003263,1.415175007,1.499088629,1.585258013,1.751137489,0.124858677,1.500808334,299176.2509,1995,0.652571877,479090.9847,69370.85853,0.326285939,55198,Domestic
Penaeus_merguiensis-Pacific_Western Central,Penaeus merguiensis,Banana prawn,"Shrimps, prawns",Pacific Western Central,1.237265277,1.392952049,1.478489089,1.564183872,1.732602945,0.126738541,1.480436921,299176.2509,1996,0.652571877,479090.9847,69370.85853,0.326285939,55906,Domestic
Penaeus_merguiensis-Pacific_Western Central,Penaeus merguiensis,Banana prawn,"Shrimps, prawns",Pacific Western Central,1.224627782,1.391271579,1.475582859,1.563934447,1.733346918,0.129282904,1.477568377,299176.2509,1997,0.652571877,479090.9847,69370.85853,0.326285939,53649,Domestic
Penaeus_merguiensis-Pacific_Western Central,Penaeus merguiensis,Banana prawn,"Shrimps, prawns",Pacific Western Central,1.203508585,1.364314943,1.451540453,1.541308451,1.715015149,0.130160307,1.453830969,299176.2509,1998,0.652571877,479090.9847,69370.85853,0.326285939,58125,Domestic
Penaeus_merguiensis-Pacific_Western Central,Penaeus merguiensis,Banana prawn,"Shrimps, prawns",Pacific Western Central,1.178883372,1.334782345,1.427073959,1.518936506,1.694513033,0.132152356,1.429268023,299176.2509,1999,0.652571877,479090.9847,69370.85853,0.326285939,59954,Domestic
Penaeus_merguiensis-Pacific_Western Central,Penaeus merguiensis,Banana prawn,"Shrimps, prawns",Pacific Western Central,1.157156918,1.312249843,1.403914465,1.497487685,1.685739774,0.135813163,1.407364073,299176.2509,2000,0.652571877,479090.9847,69370.85853,0.326285939,61261,Domestic
Penaeus_merguiensis-Pacific_Western Central,Penaeus merguiensis,Banana prawn,"Shrimps, prawns",Pacific Western Central,1.078405647,1.233751321,1.327932554,1.428689864,1.619974539,0.140319042,1.334046763,299176.2509,2001,0.652571877,479090.9847,69370.85853,0.326285939,73096,Domestic
Penaeus_merguiensis-Pacific_Western Central,Penaeus merguiensis,Banana prawn,"Shrimps, prawns",Pacific Western Central,1.027347345,1.185463022,1.286256185,1.395593818,1.594149303,0.149145183,1.292748637,299176.2509,2002,0.652571877,479090.9847,69370.85853,0.326285939,70558,Domestic
Penaeus_merguiensis-Pacific_Western Central,Penaeus merguiensis,Banana prawn,"Shrimps, prawns",Pacific Western Central,1.00173453,1.169317747,1.276715359,1.391744691,1.598933649,0.156167176,1.283718988,299176.2509,2003,0.652571877,479090.9847,69370.85853,0.326285939,65142,Domestic
Penaeus_merguiensis-Pacific_Western Central,Penaeus merguiensis,Banana prawn,"Shrimps, prawns",Pacific Western Central,0.95752186,1.12807038,1.244303192,1.367715222,1.579032467,0.164074639,1.250588428,299176.2509,2004,0.652571877,479090.9847,69370.85853,0.326285939,70315,Domestic
Penaeus_merguiensis-Pacific_Western Central,Penaeus merguiensis,Banana prawn,"Shrimps, prawns",Pacific Western Central,0.972907909,1.148645941,1.270998465,1.397799736,1.609812543,0.169440105,1.276646222,299176.2509,2005,0.652571877,479090.9847,69370.85853,0.326285939,58511,Domestic
Penaeus_merguiensis-Pacific_Western Central,Penaeus merguiensis,Banana prawn,"Shrimps, prawns",Pacific Western Central,1.004450865,1.186669297,1.314512972,1.439102919,1.652496387,0.172572231,1.316874303,299176.2509,2006,0.652571877,479090.9847,69370.85853,0.326285939,54263,Domestic
Penaeus_merguiensis-Pacific_Western Central,Penaeus merguiensis,Banana prawn,"Shrimps, prawns",Pacific Western Central,0.963972846,1.140198626,1.266506818,1.390305975,1.606687082,0.170612159,1.268627471,299176.2509,2007,0.652571877,479090.9847,69370.85853,0.326285939,71076,Domestic
Penaeus_merguiensis-Pacific_Western Central,Penaeus merguiensis,Banana prawn,"Shrimps, prawns",Pacific Western Central,0.9499221,1.131089491,1.262315825,1.392302543,1.608350329,0.175899682,1.265711559,299176.2509,2008,0.652571877,479090.9847,69370.85853,0.326285939,63797,Domestic
Penaeus_merguiensis-Pacific_Western Central,Penaeus merguiensis,Banana prawn,"Shrimps, prawns",Pacific Western Central,0.946548771,1.13353266,1.270347919,1.401544732,1.611246728,0.179351345,1.270727041,299176.2509,2009,0.652571877,479090.9847,69370.85853,0.326285939,62010,Domestic
Penaeus_merguiensis-Pacific_Western Central,Penaeus merguiensis,Banana prawn,"Shrimps, prawns",Pacific Western Central,0.920005611,1.112290848,1.252232591,1.384715179,1.603106074,0.182797912,1.251127303,299176.2509,2010,0.652571877,479090.9847,69370.85853,0.326285939,66719,Domestic
Penaeus_merguiensis-Pacific_Western Central,Penaeus merguiensis,Banana prawn,"Shrimps, prawns",Pacific Western Central,0.906682377,1.103812393,1.247003618,1.383046039,1.596440409,0.186470915,1.24553119,299176.2509,2011,0.652571877,479090.9847,69370.85853,0.326285939,64130,Domestic
Penaeus_merguiensis-Pacific_Western Central,Penaeus merguiensis,Banana prawn,"Shrimps, prawns",Pacific Western Central,0.885043454,1.088192019,1.237160026,1.374883188,1.586928688,0.189884213,1.232620601,299176.2509,2012,0.652571877,479090.9847,69370.85853,0.326285939,65760,Domestic
Penaeus_merguiensis-Pacific_Western Central,Penaeus merguiensis,Banana prawn,"Shrimps, prawns",Pacific Western Central,0.856328059,1.06231603,1.215694345,1.355272821,1.564783766,0.193281328,1.21002866,299176.2509,2013,0.652571877,479090.9847,69370.85853,0.326285939,68053,Domestic
Penaeus_merguiensis-Pacific_Western Central,Penaeus merguiensis,Banana prawn,"Shrimps, prawns",Pacific Western Central,0.824561524,1.035108321,1.200036004,1.34043918,1.542495887,0.198007735,1.18847299,299176.2509,2014,0.652571877,479090.9847,69370.85853,0.326285939,68128,Domestic
Penaeus_merguiensis-Pacific_Western Central,Penaeus merguiensis,Banana prawn,"Shrimps, prawns",Pacific Western Central,0.727178228,0.934078889,1.111097684,1.260713524,1.446062872,0.20445431,1.096754614,299176.2509,2015,0.652571877,479090.9847,69370.85853,0.326285939,83306,Domestic
Penaeus_merguiensis-Pacific_Western Central,Penaeus merguiensis,Banana prawn,"Shrimps, prawns",Pacific Western Central,0.625483051,0.856459845,1.0516763,1.219572626,1.380347003,0.220918005,1.033395473,299176.2509,2016,0.652571877,479090.9847,69370.85853,0.326285939,78747,Domestic
Penaeus_monodon-Indian Ocean_Eastern,Penaeus monodon,Giant tiger prawn,"Shrimps, prawns",Indian Ocean Eastern,1.051570243,1.237474235,1.406504954,1.56260741,1.833823906,0.212455042,1.412512418,591048.397,1950,0.284030176,906550.8209,63741.32035,0.142015088,640,Domestic
Penaeus_monodon-Indian Ocean_Eastern,Penaeus monodon,Giant tiger prawn,"Shrimps, prawns",Indian Ocean Eastern,1.137758175,1.358748696,1.511040871,1.667032674,1.869180612,0.192515005,1.512841854,591048.397,1951,0.284030176,906550.8209,63741.32035,0.142015088,740,Domestic
Penaeus_monodon-Indian Ocean_Eastern,Penaeus monodon,Giant tiger prawn,"Shrimps, prawns",Indian Ocean Eastern,1.233353893,1.455923939,1.620010843,1.700964676,1.884555516,0.169371065,1.589593843,591048.397,1952,0.284030176,906550.8209,63741.32035,0.142015088,820,Domestic
Penaeus_monodon-Indian Ocean_Eastern,Penaeus monodon,Giant tiger prawn,"Shrimps, prawns",Indian Ocean Eastern,1.309590256,1.542790551,1.682241655,1.778054239,1.945562877,0.165209105,1.656786841,591048.397,1953,0.284030176,906550.8209,63741.32035,0.142015088,900,Domestic
Penaeus_monodon-Indian Ocean_Eastern,Penaeus monodon,Giant tiger prawn,"Shrimps, prawns",Indian Ocean Eastern,1.399858552,1.598706208,1.733459178,1.829075042,1.954915045,0.154415581,1.708764515,591048.397,1954,0.284030176,906550.8209,63741.32035,0.142015088,1000,Domestic
Penaeus_monodon-Indian Ocean_Eastern,Penaeus monodon,Giant tiger prawn,"Shrimps, prawns",Indian Ocean Eastern,1.478110037,1.646007963,1.760478292,1.832929498,1.963035705,0.135928694,1.737541892,591048.397,1955,0.284030176,906550.8209,63741.32035,0.142015088,1080,Domestic
Penaeus_monodon-Indian Ocean_Eastern,Penaeus monodon,Giant tiger prawn,"Shrimps, prawns",Indian Ocean Eastern,1.501664673,1.679592192,1.775230047,1.860081837,1.973713401,0.129778376,1.764307935,591048.397,1956,0.284030176,906550.8209,63741.32035,0.142015088,1240,Domestic
Penaeus_monodon-Indian Ocean_Eastern,Penaeus monodon,Giant tiger prawn,"Shrimps, prawns",Indian Ocean Eastern,1.544592542,1.692640213,1.790656392,1.870371695,1.970478113,0.119780645,1.778562364,591048.397,1957,0.284030176,906550.8209,63741.32035,0.142015088,1320,Domestic
Penaeus_monodon-Indian Ocean_Eastern,Penaeus monodon,Giant tiger prawn,"Shrimps, prawns",Indian Ocean Eastern,1.590205244,1.718881781,1.800680558,1.871380885,1.959022011,0.106000979,1.789649435,591048.397,1958,0.284030176,906550.8209,63741.32035,0.142015088,1080,Domestic
Penaeus_monodon-Indian Ocean_Eastern,Penaeus monodon,Giant tiger prawn,"Shrimps, prawns",Indian Ocean Eastern,1.58331106,1.730861192,1.802482652,1.869169894,1.964636437,0.104798746,1.795386944,591048.397,1959,0.284030176,906550.8209,63741.32035,0.142015088,1400,Domestic
Penaeus_monodon-Indian Ocean_Eastern,Penaeus monodon,Giant tiger prawn,"Shrimps, prawns",Indian Ocean Eastern,1.617757575,1.732621387,1.808405306,1.882402316,1.975234599,0.10283747,1.805166255,591048.397,1960,0.284030176,906550.8209,63741.32035,0.142015088,1400,Domestic
Penaeus_monodon-Indian Ocean_Eastern,Penaeus monodon,Giant tiger prawn,"Shrimps, prawns",Indian Ocean Eastern,1.614188673,1.750405386,1.826777863,1.897493942,1.977596704,0.101164387,1.818199911,591048.397,1961,0.284030176,906550.8209,63741.32035,0.142015088,1480,Domestic
Penaeus_monodon-Indian Ocean_Eastern,Penaeus monodon,Giant tiger prawn,"Shrimps, prawns",Indian Ocean Eastern,1.615094981,1.759705001,1.830039303,1.885096959,1.965962816,0.097786753,1.818058524,591048.397,1962,0.284030176,906550.8209,63741.32035,0.142015088,1560,Domestic
Penaeus_monodon-Indian Ocean_Eastern,Penaeus monodon,Giant tiger prawn,"Shrimps, prawns",Indian Ocean Eastern,1.602612458,1.761906981,1.832682343,1.91179908,1.973000422,0.101220896,1.826104731,591048.397,1963,0.284030176,906550.8209,63741.32035,0.142015088,1472,Domestic
Penaeus_monodon-Indian Ocean_Eastern,Penaeus monodon,Giant tiger prawn,"Shrimps, prawns",Indian Ocean Eastern,1.650381305,1.765074975,1.83450159,1.891861518,1.98687439,0.091012392,1.827718236,591048.397,1964,0.284030176,906550.8209,63741.32035,0.142015088,1540,Domestic
Penaeus_monodon-Indian Ocean_Eastern,Penaeus monodon,Giant tiger prawn,"Shrimps, prawns",Indian Ocean Eastern,1.602971569,1.756281949,1.821467212,1.890734826,1.982921225,0.098255268,1.815845075,591048.397,1965,0.284030176,906550.8209,63741.32035,0.142015088,1610,Domestic
Penaeus_monodon-Indian Ocean_Eastern,Penaeus monodon,Giant tiger prawn,"Shrimps, prawns",Indian Ocean Eastern,1.643848064,1.760446647,1.83363288,1.886601968,1.989087166,0.09367969,1.81792778,591048.397,1966,0.284030176,906550.8209,63741.32035,0.142015088,1798,Domestic
Penaeus_monodon-Indian Ocean_Eastern,Penaeus monodon,Giant tiger prawn,"Shrimps, prawns",Indian Ocean Eastern,1.635573657,1.749677764,1.821654479,1.882778839,1.980616703,0.095371357,1.817066194,591048.397,1967,0.284030176,906550.8209,63741.32035,0.142015088,1760,Domestic
Penaeus_monodon-Indian Ocean_Eastern,Penaeus monodon,Giant tiger prawn,"Shrimps, prawns",Indian Ocean Eastern,1.635148017,1.755162847,1.827227551,1.878535174,1.959097489,0.08927899,1.816885191,591048.397,1968,0.284030176,906550.8209,63741.32035,0.142015088,1350,Domestic
Penaeus_monodon-Indian Ocean_Eastern,Penaeus monodon,Giant tiger prawn,"Shrimps, prawns",Indian Ocean Eastern,1.626456234,1.757920437,1.84438239,1.888750483,1.976185146,0.094368402,1.825930554,591048.397,1969,0.284030176,906550.8209,63741.32035,0.142015088,1172,Domestic
Penaeus_monodon-Indian Ocean_Eastern,Penaeus monodon,Giant tiger prawn,"Shrimps, prawns",Indian Ocean Eastern,1.60054846,1.768778249,1.829926096,1.895457586,1.983375744,0.09925293,1.821697154,591048.397,1970,0.284030176,906550.8209,63741.32035,0.142015088,1053,Domestic
Penaeus_monodon-Indian Ocean_Eastern,Penaeus monodon,Giant tiger prawn,"Shrimps, prawns",Indian Ocean Eastern,1.602625642,1.747465239,1.822232842,1.897835083,1.990740526,0.111821458,1.813422779,591048.397,1971,0.284030176,906550.8209,63741.32035,0.142015088,829,Domestic
Penaeus_monodon-Indian Ocean_Eastern,Penaeus monodon,Giant tiger prawn,"Shrimps, prawns",Indian Ocean Eastern,1.623501684,1.759863335,1.825999544,1.88881576,1.96642669,0.094607442,1.817084982,591048.397,1972,0.284030176,906550.8209,63741.32035,0.142015088,835,Domestic
Penaeus_monodon-Indian Ocean_Eastern,Penaeus monodon,Giant tiger prawn,"Shrimps, prawns",Indian Ocean Eastern,1.595671967,1.751277016,1.810248796,1.889114931,1.969689691,0.10144494,1.807658624,591048.397,1973,0.284030176,906550.8209,63741.32035,0.142015088,331,Domestic
Penaeus_monodon-Indian Ocean_Eastern,Penaeus monodon,Giant tiger prawn,"Shrimps, prawns",Indian Ocean Eastern,1.599214943,1.75849226,1.824076729,1.878738425,1.978162229,0.096301578,1.816390811,591048.397,1974,0.284030176,906550.8209,63741.32035,0.142015088,359,Domestic
Penaeus_monodon-Indian Ocean_Eastern,Penaeus monodon,Giant tiger prawn,"Shrimps, prawns",Indian Ocean Eastern,1.604343923,1.735218606,1.814749616,1.876624059,1.981959969,0.100280213,1.804259214,591048.397,1975,0.284030176,906550.8209,63741.32035,0.142015088,3156,Domestic
Penaeus_monodon-Indian Ocean_Eastern,Penaeus monodon,Giant tiger prawn,"Shrimps, prawns",Indian Ocean Eastern,1.604279465,1.733421652,1.809261034,1.882884206,1.97077709,0.099779925,1.80597722,591048.397,1976,0.284030176,906550.8209,63741.32035,0.142015088,1455,Domestic
Penaeus_monodon-Indian Ocean_Eastern,Penaeus monodon,Giant tiger prawn,"Shrimps, prawns",Indian Ocean Eastern,1.629790184,1.759399067,1.835533486,1.890324942,1.974213642,0.092897371,1.820754172,591048.397,1977,0.284030176,906550.8209,63741.32035,0.142015088,976,Domestic
Penaeus_monodon-Indian Ocean_Eastern,Penaeus monodon,Giant tiger prawn,"Shrimps, prawns",Indian Ocean Eastern,1.615689824,1.750644184,1.808029853,1.87216877,1.972083096,0.094840287,1.808248904,591048.397,1978,0.284030176,906550.8209,63741.32035,0.142015088,992,Domestic
Penaeus_monodon-Indian Ocean_Eastern,Penaeus monodon,Giant tiger prawn,"Shrimps, prawns",Indian Ocean Eastern,1.619042734,1.762409047,1.832875288,1.889411275,1.982161916,0.097130967,1.821999232,591048.397,1979,0.284030176,906550.8209,63741.32035,0.142015088,1048,Domestic
Penaeus_monodon-Indian Ocean_Eastern,Penaeus monodon,Giant tiger prawn,"Shrimps, prawns",Indian Ocean Eastern,1.591256991,1.761703593,1.813664044,1.892230567,1.977063405,0.098856276,1.81743706,591048.397,1980,0.284030176,906550.8209,63741.32035,0.142015088,1157,Domestic
Penaeus_monodon-Indian Ocean_Eastern,Penaeus monodon,Giant tiger prawn,"Shrimps, prawns",Indian Ocean Eastern,1.624404327,1.76761098,1.831908783,1.891016736,1.985688886,0.096714132,1.82306697,591048.397,1981,0.284030176,906550.8209,63741.32035,0.142015088,2213,Domestic
Penaeus_monodon-Indian Ocean_Eastern,Penaeus monodon,Giant tiger prawn,"Shrimps, prawns",Indian Ocean Eastern,1.62817761,1.756544365,1.818121383,1.900981687,1.978479352,0.096597984,1.819712531,591048.397,1982,0.284030176,906550.8209,63741.32035,0.142015088,1588,Domestic
Penaeus_monodon-Indian Ocean_Eastern,Penaeus monodon,Giant tiger prawn,"Shrimps, prawns",Indian Ocean Eastern,1.630689621,1.753798747,1.81595677,1.894368753,1.98657405,0.096891599,1.818559527,591048.397,1983,0.284030176,906550.8209,63741.32035,0.142015088,1713,Domestic
Penaeus_monodon-Indian Ocean_Eastern,Penaeus monodon,Giant tiger prawn,"Shrimps, prawns",Indian Ocean Eastern,1.621062752,1.758223808,1.827588299,1.899008322,1.974186687,0.093124942,1.81807984,591048.397,1984,0.284030176,906550.8209,63741.32035,0.142015088,1498,Domestic
Penaeus_monodon-Indian Ocean_Eastern,Penaeus monodon,Giant tiger prawn,"Shrimps, prawns",Indian Ocean Eastern,1.665412636,1.760912868,1.836328399,1.898828557,1.980851153,0.092264132,1.826194938,591048.397,1985,0.284030176,906550.8209,63741.32035,0.142015088,1581,Domestic
Penaeus_monodon-Indian Ocean_Eastern,Penaeus monodon,Giant tiger prawn,"Shrimps, prawns",Indian Ocean Eastern,1.646118083,1.751659626,1.83617772,1.892820587,1.99408387,0.097933984,1.828231332,591048.397,1986,0.284030176,906550.8209,63741.32035,0.142015088,1933,Domestic
Penaeus_monodon-Indian Ocean_Eastern,Penaeus monodon,Giant tiger prawn,"Shrimps, prawns",Indian Ocean Eastern,1.622618529,1.755014658,1.827804105,1.908761913,1.980086619,0.107036396,1.824245437,591048.397,1987,0.284030176,906550.8209,63741.32035,0.142015088,3104,Domestic
Penaeus_monodon-Indian Ocean_Eastern,Penaeus monodon,Giant tiger prawn,"Shrimps, prawns",Indian Ocean Eastern,1.57301176,1.726613608,1.813478433,1.893827364,1.978907427,0.110249372,1.804039724,591048.397,1988,0.284030176,906550.8209,63741.32035,0.142015088,19932,Domestic
Penaeus_monodon-Indian Ocean_Eastern,Penaeus monodon,Giant tiger prawn,"Shrimps, prawns",Indian Ocean Eastern,1.552022754,1.715061111,1.789926955,1.85767601,1.965534378,0.105534884,1.785767886,591048.397,1989,0.284030176,906550.8209,63741.32035,0.142015088,22045,Domestic
Penaeus_monodon-Indian Ocean_Eastern,Penaeus monodon,Giant tiger prawn,"Shrimps, prawns",Indian Ocean Eastern,1.570536284,1.708820191,1.783690089,1.846987805,1.950816239,0.104782152,1.774288373,591048.397,1990,0.284030176,906550.8209,63741.32035,0.142015088,23929,Domestic
Penaeus_monodon-Indian Ocean_Eastern,Penaeus monodon,Giant tiger prawn,"Shrimps, prawns",Indian Ocean Eastern,1.563829498,1.711900663,1.792370338,1.859378677,1.968483698,0.105106165,1.787728775,591048.397,1991,0.284030176,906550.8209,63741.32035,0.142015088,19762,Domestic
Penaeus_monodon-Indian Ocean_Eastern,Penaeus monodon,Giant tiger prawn,"Shrimps, prawns",Indian Ocean Eastern,1.535905568,1.707341909,1.772527747,1.854766367,1.94667945,0.103949993,1.771857785,591048.397,1992,0.284030176,906550.8209,63741.32035,0.142015088,25759,Domestic
Penaeus_monodon-Indian Ocean_Eastern,Penaeus monodon,Giant tiger prawn,"Shrimps, prawns",Indian Ocean Eastern,1.506182891,1.651898531,1.72177924,1.792362245,1.911995647,0.108168116,1.721278477,591048.397,1993,0.284030176,906550.8209,63741.32035,0.142015088,47052,Domestic
Penaeus_monodon-Indian Ocean_Eastern,Penaeus monodon,Giant tiger prawn,"Shrimps, prawns",Indian Ocean Eastern,1.502382246,1.611843099,1.703918229,1.778459884,1.906813463,0.112988374,1.698279933,591048.397,1994,0.284030176,906550.8209,63741.32035,0.142015088,41481,Domestic
Penaeus_monodon-Indian Ocean_Eastern,Penaeus monodon,Giant tiger prawn,"Shrimps, prawns",Indian Ocean Eastern,1.447773131,1.552637176,1.667960899,1.746260318,1.897876807,0.127618426,1.658584317,591048.397,1995,0.284030176,906550.8209,63741.32035,0.142015088,45249,Domestic
Penaeus_monodon-Indian Ocean_Eastern,Penaeus monodon,Giant tiger prawn,"Shrimps, prawns",Indian Ocean Eastern,1.421562026,1.528489681,1.621911087,1.746903621,1.897085019,0.13448932,1.635275007,591048.397,1996,0.284030176,906550.8209,63741.32035,0.142015088,45069,Domestic
Penaeus_monodon-Indian Ocean_Eastern,Penaeus monodon,Giant tiger prawn,"Shrimps, prawns",Indian Ocean Eastern,1.375616048,1.525881397,1.614512062,1.718821335,1.890231844,0.132157063,1.617109467,591048.397,1997,0.284030176,906550.8209,63741.32035,0.142015088,44908,Domestic
Penaeus_monodon-Indian Ocean_Eastern,Penaeus monodon,Giant tiger prawn,"Shrimps, prawns",Indian Ocean Eastern,1.352426359,1.522571157,1.611048248,1.706807072,1.849396599,0.135747869,1.614896046,591048.397,1998,0.284030176,906550.8209,63741.32035,0.142015088,42780,Domestic
Penaeus_monodon-Indian Ocean_Eastern,Penaeus monodon,Giant tiger prawn,"Shrimps, prawns",Indian Ocean Eastern,1.2913536,1.469595499,1.579510047,1.671641652,1.845369593,0.137075932,1.573513279,591048.397,1999,0.284030176,906550.8209,63741.32035,0.142015088,61911,Domestic
Penaeus_monodon-Indian Ocean_Eastern,Penaeus monodon,Giant tiger prawn,"Shrimps, prawns",Indian Ocean Eastern,1.285034518,1.432961629,1.526978462,1.632045597,1.770465011,0.140583425,1.530856282,591048.397,2000,0.284030176,906550.8209,63741.32035,0.142015088,65504,Domestic
Penaeus_monodon-Indian Ocean_Eastern,Penaeus monodon,Giant tiger prawn,"Shrimps, prawns",Indian Ocean Eastern,1.217031893,1.389978533,1.487364248,1.554811855,1.764618331,0.134889902,1.481154181,591048.397,2001,0.284030176,906550.8209,63741.32035,0.142015088,67706,Domestic
Penaeus_monodon-Indian Ocean_Eastern,Penaeus monodon,Giant tiger prawn,"Shrimps, prawns",Indian Ocean Eastern,1.250926531,1.372865303,1.469014645,1.560626945,1.734222188,0.133434815,1.477185084,591048.397,2002,0.284030176,906550.8209,63741.32035,0.142015088,54981,Domestic
Penaeus_monodon-Indian Ocean_Eastern,Penaeus monodon,Giant tiger prawn,"Shrimps, prawns",Indian Ocean Eastern,1.238885378,1.350599227,1.462944089,1.53113747,1.721800192,0.12801156,1.457345351,591048.397,2003,0.284030176,906550.8209,63741.32035,0.142015088,59230,Domestic
Penaeus_monodon-Indian Ocean_Eastern,Penaeus monodon,Giant tiger prawn,"Shrimps, prawns",Indian Ocean Eastern,1.177528976,1.30098714,1.401701934,1.502045824,1.702542657,0.141064377,1.406468894,591048.397,2004,0.284030176,906550.8209,63741.32035,0.142015088,77634,Domestic
Penaeus_monodon-Indian Ocean_Eastern,Penaeus monodon,Giant tiger prawn,"Shrimps, prawns",Indian Ocean Eastern,1.144046473,1.29221502,1.377073332,1.475093043,1.605847717,0.130644825,1.380921687,591048.397,2005,0.284030176,906550.8209,63741.32035,0.142015088,69551,Domestic
Penaeus_monodon-Indian Ocean_Eastern,Penaeus monodon,Giant tiger prawn,"Shrimps, prawns",Indian Ocean Eastern,1.101753407,1.262875968,1.342206827,1.444253204,1.600261202,0.12866178,1.34832497,591048.397,2006,0.284030176,906550.8209,63741.32035,0.142015088,71111,Domestic
Penaeus_monodon-Indian Ocean_Eastern,Penaeus monodon,Giant tiger prawn,"Shrimps, prawns",Indian Ocean Eastern,1.080524252,1.192330282,1.290281855,1.383717705,1.530022453,0.130695398,1.291978035,591048.397,2007,0.284030176,906550.8209,63741.32035,0.142015088,84754,Domestic
Penaeus_monodon-Indian Ocean_Eastern,Penaeus monodon,Giant tiger prawn,"Shrimps, prawns",Indian Ocean Eastern,0.999528064,1.118330125,1.202650277,1.293392867,1.433507146,0.119124515,1.207321188,591048.397,2008,0.284030176,906550.8209,63741.32035,0.142015088,102273,Domestic
Penaeus_monodon-Indian Ocean_Eastern,Penaeus monodon,Giant tiger prawn,"Shrimps, prawns",Indian Ocean Eastern,0.943203951,1.085196156,1.158677034,1.255831109,1.403849364,0.118242776,1.167172971,591048.397,2009,0.284030176,906550.8209,63741.32035,0.142015088,81853,Domestic
Penaeus_monodon-Indian Ocean_Eastern,Penaeus monodon,Giant tiger prawn,"Shrimps, prawns",Indian Ocean Eastern,0.976245706,1.093248383,1.174031122,1.275121945,1.455672029,0.123422401,1.182746952,591048.397,2010,0.284030176,906550.8209,63741.32035,0.142015088,58310,Domestic
Penaeus_monodon-Indian Ocean_Eastern,Penaeus monodon,Giant tiger prawn,"Shrimps, prawns",Indian Ocean Eastern,0.950188927,1.049229523,1.133597386,1.219165486,1.460673463,0.129719588,1.148190933,591048.397,2011,0.284030176,906550.8209,63741.32035,0.142015088,83813,Domestic
Penaeus_monodon-Indian Ocean_Eastern,Penaeus monodon,Giant tiger prawn,"Shrimps, prawns",Indian Ocean Eastern,0.888438808,1.005455703,1.089953594,1.176754918,1.369678281,0.128705255,1.099699481,591048.397,2012,0.284030176,906550.8209,63741.32035,0.142015088,87317,Domestic
Penaeus_monodon-Indian Ocean_Eastern,Penaeus monodon,Giant tiger prawn,"Shrimps, prawns",Indian Ocean Eastern,0.834526893,0.955112387,1.038382428,1.134106122,1.324539901,0.133869116,1.053251631,591048.397,2013,0.284030176,906550.8209,63741.32035,0.142015088,87004,Domestic
Penaeus_monodon-Indian Ocean_Eastern,Penaeus monodon,Giant tiger prawn,"Shrimps, prawns",Indian Ocean Eastern,0.746163496,0.87420519,0.961927235,1.05588505,1.319680645,0.149054327,0.978499465,591048.397,2014,0.284030176,906550.8209,63741.32035,0.142015088,100244,Domestic
Penaeus_monodon-Indian Ocean_Eastern,Penaeus monodon,Giant tiger prawn,"Shrimps, prawns",Indian Ocean Eastern,0.686376802,0.773059341,0.875699311,0.989981079,1.259397459,0.158774628,0.903257213,591048.397,2015,0.284030176,906550.8209,63741.32035,0.142015088,97510,Domestic
Penaeus_monodon-Indian Ocean_Eastern,Penaeus monodon,Giant tiger prawn,"Shrimps, prawns",Indian Ocean Eastern,0.606297045,0.693347055,0.800185115,0.925073634,1.235463019,0.172703577,0.828786007,591048.397,2016,0.284030176,906550.8209,63741.32035,0.142015088,97790,Domestic
Penaeus_monodon-Indian Ocean_Western,Penaeus monodon,Giant tiger prawn,"Shrimps, prawns",Indian Ocean Western,1.052710311,1.248633246,1.388061939,1.581064375,1.888733182,0.225613024,1.419791374,826707.8548,1971,0.378207904,1306566.073,120341.3975,0.189103952,230,Domestic
Penaeus_monodon-Indian Ocean_Western,Penaeus monodon,Giant tiger prawn,"Shrimps, prawns",Indian Ocean Western,1.19512772,1.403827985,1.544826686,1.701940136,1.93012582,0.198698356,1.551928874,826707.8548,1972,0.378207904,1306566.073,120341.3975,0.189103952,230,Domestic
Penaeus_monodon-Indian Ocean_Western,Penaeus monodon,Giant tiger prawn,"Shrimps, prawns",Indian Ocean Western,1.308295567,1.527308147,1.656334485,1.778244939,1.948610709,0.171874986,1.650235058,826707.8548,1973,0.378207904,1306566.073,120341.3975,0.189103952,165,Domestic
Penaeus_monodon-Indian Ocean_Western,Penaeus monodon,Giant tiger prawn,"Shrimps, prawns",Indian Ocean Western,1.408729875,1.629472626,1.739973401,1.835145733,1.961304389,0.147245409,1.724383215,826707.8548,1974,0.378207904,1306566.073,120341.3975,0.189103952,147,Domestic
Penaeus_monodon-Indian Ocean_Western,Penaeus monodon,Giant tiger prawn,"Shrimps, prawns",Indian Ocean Western,1.492661518,1.693877976,1.784736767,1.868356162,1.982781568,0.128417868,1.774450524,826707.8548,1975,0.378207904,1306566.073,120341.3975,0.189103952,166,Domestic
Penaeus_monodon-Indian Ocean_Western,Penaeus monodon,Giant tiger prawn,"Shrimps, prawns",Indian Ocean Western,1.552317287,1.737897751,1.81445726,1.884875673,1.986865017,0.112000949,1.803734587,826707.8548,1976,0.378207904,1306566.073,120341.3975,0.189103952,189,Domestic
Penaeus_monodon-Indian Ocean_Western,Penaeus monodon,Giant tiger prawn,"Shrimps, prawns",Indian Ocean Western,1.578596264,1.753566256,1.837093908,1.902851357,1.985490383,0.106216336,1.822577744,826707.8548,1977,0.378207904,1306566.073,120341.3975,0.189103952,161,Domestic
Penaeus_monodon-Indian Ocean_Western,Penaeus monodon,Giant tiger prawn,"Shrimps, prawns",Indian Ocean Western,1.60485487,1.769632403,1.839262436,1.904909354,1.987458808,0.098520676,1.830362523,826707.8548,1978,0.378207904,1306566.073,120341.3975,0.189103952,142,Domestic
Penaeus_monodon-Indian Ocean_Western,Penaeus monodon,Giant tiger prawn,"Shrimps, prawns",Indian Ocean Western,1.622657414,1.778102022,1.84634967,1.911376743,1.989831237,0.096915597,1.83829139,826707.8548,1979,0.378207904,1306566.073,120341.3975,0.189103952,145,Domestic
Penaeus_monodon-Indian Ocean_Western,Penaeus monodon,Giant tiger prawn,"Shrimps, prawns",Indian Ocean Western,1.638196119,1.784758663,1.849544561,1.911194445,1.985823287,0.092018067,1.842764974,826707.8548,1980,0.378207904,1306566.073,120341.3975,0.189103952,156,Domestic
Penaeus_monodon-Indian Ocean_Western,Penaeus monodon,Giant tiger prawn,"Shrimps, prawns",Indian Ocean Western,1.648706705,1.785722998,1.857515674,1.915983923,1.987367451,0.091062505,1.845794066,826707.8548,1981,0.378207904,1306566.073,120341.3975,0.189103952,152,Domestic
Penaeus_monodon-Indian Ocean_Western,Penaeus monodon,Giant tiger prawn,"Shrimps, prawns",Indian Ocean Western,1.649990084,1.786779285,1.857757063,1.921666916,1.986604843,0.090609209,1.847897478,826707.8548,1982,0.378207904,1306566.073,120341.3975,0.189103952,138,Domestic
Penaeus_monodon-Indian Ocean_Western,Penaeus monodon,Giant tiger prawn,"Shrimps, prawns",Indian Ocean Western,1.665908183,1.791062741,1.854441262,1.91636278,1.986313065,0.087567075,1.84808429,826707.8548,1983,0.378207904,1306566.073,120341.3975,0.189103952,134,Domestic
Penaeus_monodon-Indian Ocean_Western,Penaeus monodon,Giant tiger prawn,"Shrimps, prawns",Indian Ocean Western,1.677287947,1.792344814,1.857715318,1.916024991,1.986994347,0.084332403,1.85164812,826707.8548,1984,0.378207904,1306566.073,120341.3975,0.189103952,183,Domestic
Penaeus_monodon-Indian Ocean_Western,Penaeus monodon,Giant tiger prawn,"Shrimps, prawns",Indian Ocean Western,1.674422368,1.802142145,1.859681518,1.91763637,1.989209904,0.083661342,1.853385952,826707.8548,1985,0.378207904,1306566.073,120341.3975,0.189103952,174,Domestic
Penaeus_monodon-Indian Ocean_Western,Penaeus monodon,Giant tiger prawn,"Shrimps, prawns",Indian Ocean Western,1.673483939,1.799260359,1.86949762,1.930557746,1.991125052,0.086859105,1.85948045,826707.8548,1986,0.378207904,1306566.073,120341.3975,0.189103952,181,Domestic
Penaeus_monodon-Indian Ocean_Western,Penaeus monodon,Giant tiger prawn,"Shrimps, prawns",Indian Ocean Western,1.685326021,1.819882444,1.888561567,1.939489013,1.992582394,0.08303513,1.873967346,826707.8548,1987,0.378207904,1306566.073,120341.3975,0.189103952,224,Domestic
Penaeus_monodon-Indian Ocean_Western,Penaeus monodon,Giant tiger prawn,"Shrimps, prawns",Indian Ocean Western,1.610099115,1.727887763,1.799878829,1.864526027,1.971735858,0.094802333,1.794910765,826707.8548,1988,0.378207904,1306566.073,120341.3975,0.189103952,73132,Domestic
Penaeus_monodon-Indian Ocean_Western,Penaeus monodon,Giant tiger prawn,"Shrimps, prawns",Indian Ocean Western,1.55538227,1.688584966,1.761320264,1.833173896,1.956115318,0.102303573,1.75988215,826707.8548,1989,0.378207904,1306566.073,120341.3975,0.189103952,65024,Domestic
Penaeus_monodon-Indian Ocean_Western,Penaeus monodon,Giant tiger prawn,"Shrimps, prawns",Indian Ocean Western,1.518052283,1.65370172,1.726836638,1.804165076,1.942735343,0.107763893,1.729323819,826707.8548,1990,0.378207904,1306566.073,120341.3975,0.189103952,72715,Domestic
Penaeus_monodon-Indian Ocean_Western,Penaeus monodon,Giant tiger prawn,"Shrimps, prawns",Indian Ocean Western,1.445711742,1.57199663,1.657610071,1.734618774,1.907341595,0.119363067,1.659649964,826707.8548,1991,0.378207904,1306566.073,120341.3975,0.189103952,103681,Domestic
Penaeus_monodon-Indian Ocean_Western,Penaeus monodon,Giant tiger prawn,"Shrimps, prawns",Indian Ocean Western,1.377890948,1.51568783,1.595027354,1.68545658,1.842324113,0.121061539,1.602079564,826707.8548,1992,0.378207904,1306566.073,120341.3975,0.189103952,109827,Domestic
Penaeus_monodon-Indian Ocean_Western,Penaeus monodon,Giant tiger prawn,"Shrimps, prawns",Indian Ocean Western,1.282720302,1.432556905,1.523066159,1.60021532,1.761881532,0.123006777,1.520919717,826707.8548,1993,0.378207904,1306566.073,120341.3975,0.189103952,133220,Domestic
Penaeus_monodon-Indian Ocean_Western,Penaeus monodon,Giant tiger prawn,"Shrimps, prawns",Indian Ocean Western,1.145859993,1.28769078,1.370478565,1.45361392,1.612925095,0.121318288,1.371239583,826707.8548,1994,0.378207904,1306566.073,120341.3975,0.189103952,184614,Domestic
Penaeus_monodon-Indian Ocean_Western,Penaeus monodon,Giant tiger prawn,"Shrimps, prawns",Indian Ocean Western,1.084715677,1.231221016,1.318431214,1.403070432,1.587321914,0.128286623,1.320524444,826707.8548,1995,0.378207904,1306566.073,120341.3975,0.189103952,140160,Domestic
Penaeus_monodon-Indian Ocean_Western,Penaeus monodon,Giant tiger prawn,"Shrimps, prawns",Indian Ocean Western,1.087327962,1.224964764,1.310265233,1.40223871,1.574680136,0.129307128,1.316756934,826707.8548,1996,0.378207904,1306566.073,120341.3975,0.189103952,112483,Domestic
Penaeus_monodon-Indian Ocean_Western,Penaeus monodon,Giant tiger prawn,"Shrimps, prawns",Indian Ocean Western,1.073193558,1.231083034,1.316123544,1.407843637,1.585419143,0.131742846,1.321156463,826707.8548,1997,0.378207904,1306566.073,120341.3975,0.189103952,106762,Domestic
Penaeus_monodon-Indian Ocean_Western,Penaeus monodon,Giant tiger prawn,"Shrimps, prawns",Indian Ocean Western,0.984952378,1.135708329,1.230115431,1.324973819,1.495018392,0.135244173,1.233090145,826707.8548,1998,0.378207904,1306566.073,120341.3975,0.189103952,168026,Domestic
Penaeus_monodon-Indian Ocean_Western,Penaeus monodon,Giant tiger prawn,"Shrimps, prawns",Indian Ocean Western,0.900737399,1.045604172,1.146182808,1.247398706,1.436329127,0.139718606,1.150667152,826707.8548,1999,0.378207904,1306566.073,120341.3975,0.189103952,169080,Domestic
Penaeus_monodon-Indian Ocean_Western,Penaeus monodon,Giant tiger prawn,"Shrimps, prawns",Indian Ocean Western,0.856819982,1.002162808,1.096873216,1.207179843,1.418989343,0.145392464,1.10905971,826707.8548,2000,0.378207904,1306566.073,120341.3975,0.189103952,145996,Domestic
Penaeus_monodon-Indian Ocean_Western,Penaeus monodon,Giant tiger prawn,"Shrimps, prawns",Indian Ocean Western,0.88010489,1.023462963,1.126696114,1.241232605,1.46583237,0.153139218,1.138952005,826707.8548,2001,0.378207904,1306566.073,120341.3975,0.189103952,100295,Domestic
Penaeus_monodon-Indian Ocean_Western,Penaeus monodon,Giant tiger prawn,"Shrimps, prawns",Indian Ocean Western,0.856198529,1.013952428,1.121959735,1.239963713,1.452791923,0.157603271,1.132149999,826707.8548,2002,0.378207904,1306566.073,120341.3975,0.189103952,123421,Domestic
Penaeus_monodon-Indian Ocean_Western,Penaeus monodon,Giant tiger prawn,"Shrimps, prawns",Indian Ocean Western,0.834391266,0.994272601,1.099220897,1.232795673,1.470834147,0.166678569,1.114723909,826707.8548,2003,0.378207904,1306566.073,120341.3975,0.189103952,129921,Domestic
Penaeus_monodon-Indian Ocean_Western,Penaeus monodon,Giant tiger prawn,"Shrimps, prawns",Indian Ocean Western,0.83076517,1.004281244,1.107688481,1.241192145,1.48660932,0.169298465,1.126173729,826707.8548,2004,0.378207904,1306566.073,120341.3975,0.189103952,109712,Domestic
Penaeus_monodon-Indian Ocean_Western,Penaeus monodon,Giant tiger prawn,"Shrimps, prawns",Indian Ocean Western,0.816379792,0.978462251,1.098632061,1.22452229,1.469287572,0.171262501,1.10929948,826707.8548,2005,0.378207904,1306566.073,120341.3975,0.189103952,126672,Domestic
Penaeus_monodon-Indian Ocean_Western,Penaeus monodon,Giant tiger prawn,"Shrimps, prawns",Indian Ocean Western,0.793734642,0.954499302,1.072873884,1.211200619,1.450148161,0.175979735,1.08711096,826707.8548,2006,0.378207904,1306566.073,120341.3975,0.189103952,132352,Domestic
Penaeus_monodon-Indian Ocean_Western,Penaeus monodon,Giant tiger prawn,"Shrimps, prawns",Indian Ocean Western,0.767582134,0.933106892,1.059436687,1.199839884,1.463395036,0.185320859,1.073594368,826707.8548,2007,0.378207904,1306566.073,120341.3975,0.189103952,125444,Domestic
Penaeus_monodon-Indian Ocean_Western,Penaeus monodon,Giant tiger prawn,"Shrimps, prawns",Indian Ocean Western,0.731579956,0.901806251,1.041788424,1.189847653,1.436100906,0.192173103,1.054440322,826707.8548,2008,0.378207904,1306566.073,120341.3975,0.189103952,128178,Domestic
Penaeus_monodon-Indian Ocean_Western,Penaeus monodon,Giant tiger prawn,"Shrimps, prawns",Indian Ocean Western,0.705299145,0.887827718,1.031808161,1.185416737,1.434413584,0.200086767,1.045866474,826707.8548,2009,0.378207904,1306566.073,120341.3975,0.189103952,122175,Domestic
Penaeus_monodon-Indian Ocean_Western,Penaeus monodon,Giant tiger prawn,"Shrimps, prawns",Indian Ocean Western,0.716496988,0.898467532,1.050834523,1.219400792,1.446018045,0.207822972,1.062314884,826707.8548,2010,0.378207904,1306566.073,120341.3975,0.189103952,105056,Domestic
Penaeus_monodon-Indian Ocean_Western,Penaeus monodon,Giant tiger prawn,"Shrimps, prawns",Indian Ocean Western,0.700629787,0.893846111,1.062563492,1.226847646,1.473171704,0.214254531,1.065257982,826707.8548,2011,0.378207904,1306566.073,120341.3975,0.189103952,113287,Domestic
Penaeus_monodon-Indian Ocean_Western,Penaeus monodon,Giant tiger prawn,"Shrimps, prawns",Indian Ocean Western,0.698732203,0.908711396,1.086127148,1.247989149,1.48617367,0.219736122,1.080310448,826707.8548,2012,0.378207904,1306566.073,120341.3975,0.189103952,104230,Domestic
Penaeus_monodon-Indian Ocean_Western,Penaeus monodon,Giant tiger prawn,"Shrimps, prawns",Indian Ocean Western,0.709837016,0.918940221,1.107807843,1.264187419,1.498791807,0.224640067,1.100395731,826707.8548,2013,0.378207904,1306566.073,120341.3975,0.189103952,100116,Domestic
Penaeus_monodon-Indian Ocean_Western,Penaeus monodon,Giant tiger prawn,"Shrimps, prawns",Indian Ocean Western,0.683973882,0.913253329,1.103437518,1.262205785,1.476889525,0.226455598,1.08919669,826707.8548,2014,0.378207904,1306566.073,120341.3975,0.189103952,117401,Domestic
Penaeus_monodon-Indian Ocean_Western,Penaeus monodon,Giant tiger prawn,"Shrimps, prawns",Indian Ocean Western,0.659723689,0.892340496,1.10547314,1.270355082,1.457373587,0.231121736,1.082531432,826707.8548,2015,0.378207904,1306566.073,120341.3975,0.189103952,113732,Domestic
Penaeus_monodon-Indian Ocean_Western,Penaeus monodon,Giant tiger prawn,"Shrimps, prawns",Indian Ocean Western,0.633684061,0.888051384,1.109282974,1.273851885,1.387241327,0.231986354,1.071364746,826707.8548,2016,0.378207904,1306566.073,120341.3975,0.189103952,114254,Domestic
Penaeus_monodon-Pacific_Western Central,Penaeus monodon,Giant tiger prawn,"Shrimps, prawns",Pacific Western Central,1.070783932,1.308465139,1.480600186,1.667589459,1.929676964,0.234920503,1.489216201,156640.3433,1950,0.521383766,244941.0299,29055.48526,0.260691883,860,Domestic
Penaeus_monodon-Pacific_Western Central,Penaeus monodon,Giant tiger prawn,"Shrimps, prawns",Pacific Western Central,1.199186904,1.464079751,1.635651642,1.7793504,1.957329664,0.206349149,1.616738812,156640.3433,1951,0.521383766,244941.0299,29055.48526,0.260691883,4060,Domestic
Penaeus_monodon-Pacific_Western Central,Penaeus monodon,Giant tiger prawn,"Shrimps, prawns",Pacific Western Central,1.306745365,1.578410959,1.72385488,1.838742048,1.972713993,0.177613942,1.699211885,156640.3433,1952,0.521383766,244941.0299,29055.48526,0.260691883,4580,Domestic
Penaeus_monodon-Pacific_Western Central,Penaeus monodon,Giant tiger prawn,"Shrimps, prawns",Pacific Western Central,1.397770364,1.662195509,1.775799948,1.865646622,1.976201461,0.151346332,1.751502774,156640.3433,1953,0.521383766,244941.0299,29055.48526,0.260691883,4700,Domestic
Penaeus_monodon-Pacific_Western Central,Penaeus monodon,Giant tiger prawn,"Shrimps, prawns",Pacific Western Central,1.472401045,1.706807108,1.802037887,1.878823658,1.981701394,0.130636571,1.782928445,156640.3433,1954,0.521383766,244941.0299,29055.48526,0.260691883,5000,Domestic
Penaeus_monodon-Pacific_Western Central,Penaeus monodon,Giant tiger prawn,"Shrimps, prawns",Pacific Western Central,1.525747739,1.729230407,1.814010517,1.888307015,1.979234559,0.117836643,1.800100478,156640.3433,1955,0.521383766,244941.0299,29055.48526,0.260691883,5120,Domestic
Penaeus_monodon-Pacific_Western Central,Penaeus monodon,Giant tiger prawn,"Shrimps, prawns",Pacific Western Central,1.564382377,1.74504414,1.823906531,1.892474569,1.981795554,0.108897911,1.810966277,156640.3433,1956,0.521383766,244941.0299,29055.48526,0.260691883,5260,Domestic
Penaeus_monodon-Pacific_Western Central,Penaeus monodon,Giant tiger prawn,"Shrimps, prawns",Pacific Western Central,1.591443286,1.750074319,1.824267307,1.893500314,1.981517219,0.103097828,1.815667401,156640.3433,1957,0.521383766,244941.0299,29055.48526,0.260691883,5180,Domestic
Penaeus_monodon-Pacific_Western Central,Penaeus monodon,Giant tiger prawn,"Shrimps, prawns",Pacific Western Central,1.606554411,1.758634895,1.829858378,1.898777428,1.984083942,0.099360899,1.822317016,156640.3433,1958,0.521383766,244941.0299,29055.48526,0.260691883,5220,Domestic
Penaeus_monodon-Pacific_Western Central,Penaeus monodon,Giant tiger prawn,"Shrimps, prawns",Pacific Western Central,1.606593854,1.766878515,1.838938057,1.902999848,1.984156989,0.098543195,1.828452636,156640.3433,1959,0.521383766,244941.0299,29055.48526,0.260691883,5100,Domestic
Penaeus_monodon-Pacific_Western Central,Penaeus monodon,Giant tiger prawn,"Shrimps, prawns",Pacific Western Central,1.623549196,1.771180008,1.839663202,1.90232249,1.985604122,0.095412297,1.831690238,156640.3433,1960,0.521383766,244941.0299,29055.48526,0.260691883,5200,Domestic
Penaeus_monodon-Pacific_Western Central,Penaeus monodon,Giant tiger prawn,"Shrimps, prawns",Pacific Western Central,1.623190032,1.76258888,1.831351681,1.895023106,1.983790046,0.095840448,1.82438151,156640.3433,1961,0.521383766,244941.0299,29055.48526,0.260691883,6520,Domestic
Penaeus_monodon-Pacific_Western Central,Penaeus monodon,Giant tiger prawn,"Shrimps, prawns",Pacific Western Central,1.616204887,1.759978146,1.828771262,1.893224565,1.982381603,0.096690784,1.821680906,156640.3433,1962,0.521383766,244941.0299,29055.48526,0.260691883,6840,Domestic
Penaeus_monodon-Pacific_Western Central,Penaeus monodon,Giant tiger prawn,"Shrimps, prawns",Pacific Western Central,1.614154096,1.753316445,1.82375916,1.88961355,1.982433542,0.096304501,1.817156231,156640.3433,1963,0.521383766,244941.0299,29055.48526,0.260691883,7018,Domestic
Penaeus_monodon-Pacific_Western Central,Penaeus monodon,Giant tiger prawn,"Shrimps, prawns",Pacific Western Central,1.608619507,1.75025894,1.819272643,1.885522014,1.98037648,0.096344588,1.814130055,156640.3433,1964,0.521383766,244941.0299,29055.48526,0.260691883,7435,Domestic
Penaeus_monodon-Pacific_Western Central,Penaeus monodon,Giant tiger prawn,"Shrimps, prawns",Pacific Western Central,1.598999478,1.745017001,1.812330229,1.880378013,1.978175071,0.098933423,1.807955278,156640.3433,1965,0.521383766,244941.0299,29055.48526,0.260691883,8327,Domestic
Penaeus_monodon-Pacific_Western Central,Penaeus monodon,Giant tiger prawn,"Shrimps, prawns",Pacific Western Central,1.587300617,1.733229269,1.803918169,1.871702477,1.975412281,0.09978568,1.799158527,156640.3433,1966,0.521383766,244941.0299,29055.48526,0.260691883,8974,Domestic
Penaeus_monodon-Pacific_Western Central,Penaeus monodon,Giant tiger prawn,"Shrimps, prawns",Pacific Western Central,1.591217949,1.735277229,1.805168423,1.873220913,1.975117109,0.099501492,1.799693951,156640.3433,1967,0.521383766,244941.0299,29055.48526,0.260691883,8465,Domestic
Penaeus_monodon-Pacific_Western Central,Penaeus monodon,Giant tiger prawn,"Shrimps, prawns",Pacific Western Central,1.581565279,1.730622458,1.801379106,1.870275223,1.972910644,0.101315795,1.796119051,156640.3433,1968,0.521383766,244941.0299,29055.48526,0.260691883,8962,Domestic
Penaeus_monodon-Pacific_Western Central,Penaeus monodon,Giant tiger prawn,"Shrimps, prawns",Pacific Western Central,1.573024241,1.721858552,1.793668501,1.863714881,1.968835607,0.102659501,1.7887756,156640.3433,1969,0.521383766,244941.0299,29055.48526,0.260691883,9618,Domestic
Penaeus_monodon-Pacific_Western Central,Penaeus monodon,Giant tiger prawn,"Shrimps, prawns",Pacific Western Central,1.570244803,1.720376852,1.792689421,1.861060846,1.966617317,0.102529849,1.786883503,156640.3433,1970,0.521383766,244941.0299,29055.48526,0.260691883,9488,Domestic
Penaeus_monodon-Pacific_Western Central,Penaeus monodon,Giant tiger prawn,"Shrimps, prawns",Pacific Western Central,1.567037421,1.718706259,1.791717144,1.861217855,1.966498679,0.102737502,1.785749186,156640.3433,1971,0.521383766,244941.0299,29055.48526,0.260691883,9632,Domestic
Penaeus_monodon-Pacific_Western Central,Penaeus monodon,Giant tiger prawn,"Shrimps, prawns",Pacific Western Central,1.550712557,1.694387802,1.767488378,1.840153917,1.95632842,0.105868471,1.764522317,156640.3433,1972,0.521383766,244941.0299,29055.48526,0.260691883,12109,Domestic
Penaeus_monodon-Pacific_Western Central,Penaeus monodon,Giant tiger prawn,"Shrimps, prawns",Pacific Western Central,1.533090871,1.681375156,1.756623934,1.830079404,1.954255169,0.10687973,1.753787274,156640.3433,1973,0.521383766,244941.0299,29055.48526,0.260691883,12108,Domestic
Penaeus_monodon-Pacific_Western Central,Penaeus monodon,Giant tiger prawn,"Shrimps, prawns",Pacific Western Central,1.534585921,1.686632847,1.763212553,1.836138957,1.955035536,0.107823675,1.758830622,156640.3433,1974,0.521383766,244941.0299,29055.48526,0.260691883,10599,Domestic
Penaeus_monodon-Pacific_Western Central,Penaeus monodon,Giant tiger prawn,"Shrimps, prawns",Pacific Western Central,1.544369101,1.697769185,1.772110962,1.847381721,1.959484877,0.107726507,1.768586795,156640.3433,1975,0.521383766,244941.0299,29055.48526,0.260691883,9493,Domestic
Penaeus_monodon-Pacific_Western Central,Penaeus monodon,Giant tiger prawn,"Shrimps, prawns",Pacific Western Central,1.554992896,1.714487231,1.793031719,1.864108835,1.970000841,0.1071465,1.785423399,156640.3433,1976,0.521383766,244941.0299,29055.48526,0.260691883,7985,Domestic
Penaeus_monodon-Pacific_Western Central,Penaeus monodon,Giant tiger prawn,"Shrimps, prawns",Pacific Western Central,1.560840556,1.725742955,1.803758149,1.873448349,1.975362368,0.106366762,1.795060929,156640.3433,1977,0.521383766,244941.0299,29055.48526,0.260691883,7349,Domestic
Penaeus_monodon-Pacific_Western Central,Penaeus monodon,Giant tiger prawn,"Shrimps, prawns",Pacific Western Central,1.567681002,1.723607792,1.799824276,1.86821436,1.971791542,0.105517512,1.791873787,156640.3433,1978,0.521383766,244941.0299,29055.48526,0.260691883,8960,Domestic
Penaeus_monodon-Pacific_Western Central,Penaeus monodon,Giant tiger prawn,"Shrimps, prawns",Pacific Western Central,1.564741983,1.724139358,1.798377546,1.867405668,1.973434343,0.104029146,1.791429949,156640.3433,1979,0.521383766,244941.0299,29055.48526,0.260691883,8918,Domestic
Penaeus_monodon-Pacific_Western Central,Penaeus monodon,Giant tiger prawn,"Shrimps, prawns",Pacific Western Central,1.564999641,1.711894391,1.785903501,1.855563246,1.967021003,0.103934769,1.781664405,156640.3433,1980,0.521383766,244941.0299,29055.48526,0.260691883,9918,Domestic
Penaeus_monodon-Pacific_Western Central,Penaeus monodon,Giant tiger prawn,"Shrimps, prawns",Pacific Western Central,1.578324474,1.729622857,1.804843931,1.873164889,1.972540613,0.10254924,1.797047857,156640.3433,1981,0.521383766,244941.0299,29055.48526,0.260691883,7220,Domestic
Penaeus_monodon-Pacific_Western Central,Penaeus monodon,Giant tiger prawn,"Shrimps, prawns",Pacific Western Central,1.575830099,1.724953125,1.799159572,1.87153028,1.975955019,0.103350407,1.795420587,156640.3433,1982,0.521383766,244941.0299,29055.48526,0.260691883,8735,Domestic
Penaeus_monodon-Pacific_Western Central,Penaeus monodon,Giant tiger prawn,"Shrimps, prawns",Pacific Western Central,1.574564278,1.718070053,1.791821693,1.860532106,1.971668977,0.103312978,1.78679516,156640.3433,1983,0.521383766,244941.0299,29055.48526,0.260691883,9635,Domestic
Penaeus_monodon-Pacific_Western Central,Penaeus monodon,Giant tiger prawn,"Shrimps, prawns",Pacific Western Central,1.545575473,1.688263322,1.759034264,1.82814795,1.945691335,0.103010605,1.755775434,156640.3433,1984,0.521383766,244941.0299,29055.48526,0.260691883,13216,Domestic
Penaeus_monodon-Pacific_Western Central,Penaeus monodon,Giant tiger prawn,"Shrimps, prawns",Pacific Western Central,1.552866123,1.702708505,1.77484755,1.844116154,1.96422717,0.10523447,1.770690087,156640.3433,1985,0.521383766,244941.0299,29055.48526,0.260691883,9367,Domestic
Penaeus_monodon-Pacific_Western Central,Penaeus monodon,Giant tiger prawn,"Shrimps, prawns",Pacific Western Central,1.526100541,1.683035092,1.755057391,1.82741219,1.948513359,0.107079086,1.751892946,156640.3433,1986,0.521383766,244941.0299,29055.48526,0.260691883,12569,Domestic
Penaeus_monodon-Pacific_Western Central,Penaeus monodon,Giant tiger prawn,"Shrimps, prawns",Pacific Western Central,1.55565237,1.709635567,1.78695557,1.860390081,1.969356585,0.108065978,1.780524644,156640.3433,1987,0.521383766,244941.0299,29055.48526,0.260691883,8001,Domestic
Penaeus_monodon-Pacific_Western Central,Penaeus monodon,Giant tiger prawn,"Shrimps, prawns",Pacific Western Central,1.554218581,1.717948089,1.789276822,1.862851208,1.968725804,0.106228091,1.785280303,156640.3433,1988,0.521383766,244941.0299,29055.48526,0.260691883,9393,Domestic
Penaeus_monodon-Pacific_Western Central,Penaeus monodon,Giant tiger prawn,"Shrimps, prawns",Pacific Western Central,1.546110912,1.696410028,1.768400355,1.84273076,1.958145487,0.105645996,1.766117095,156640.3433,1989,0.521383766,244941.0299,29055.48526,0.260691883,12155,Domestic
Penaeus_monodon-Pacific_Western Central,Penaeus monodon,Giant tiger prawn,"Shrimps, prawns",Pacific Western Central,1.54491652,1.688285252,1.762674721,1.832795127,1.950457869,0.105259252,1.758896548,156640.3433,1990,0.521383766,244941.0299,29055.48526,0.260691883,11996,Domestic
Penaeus_monodon-Pacific_Western Central,Penaeus monodon,Giant tiger prawn,"Shrimps, prawns",Pacific Western Central,1.516433922,1.661733428,1.73434204,1.806544311,1.938393867,0.107394741,1.734046526,156640.3433,1991,0.521383766,244941.0299,29055.48526,0.260691883,14810,Domestic
Penaeus_monodon-Pacific_Western Central,Penaeus monodon,Giant tiger prawn,"Shrimps, prawns",Pacific Western Central,1.495808342,1.633766203,1.709116684,1.784803231,1.916245762,0.108715413,1.708259683,156640.3433,1992,0.521383766,244941.0299,29055.48526,0.260691883,16209,Domestic
Penaeus_monodon-Pacific_Western Central,Penaeus monodon,Giant tiger prawn,"Shrimps, prawns",Pacific Western Central,1.488397859,1.633848054,1.704408763,1.779343463,1.911753378,0.108366571,1.705236306,156640.3433,1993,0.521383766,244941.0299,29055.48526,0.260691883,14832,Domestic
Penaeus_monodon-Pacific_Western Central,Penaeus monodon,Giant tiger prawn,"Shrimps, prawns",Pacific Western Central,1.474577768,1.619612874,1.696384879,1.770510847,1.904659064,0.109313152,1.69446957,156640.3433,1994,0.521383766,244941.0299,29055.48526,0.260691883,15957,Domestic
Penaeus_monodon-Pacific_Western Central,Penaeus monodon,Giant tiger prawn,"Shrimps, prawns",Pacific Western Central,1.42410869,1.564081899,1.637191516,1.713450657,1.855351742,0.109280142,1.638813651,156640.3433,1995,0.521383766,244941.0299,29055.48526,0.260691883,21621,Domestic
Penaeus_monodon-Pacific_Western Central,Penaeus monodon,Giant tiger prawn,"Shrimps, prawns",Pacific Western Central,1.413543995,1.548420726,1.622553939,1.697006447,1.851354657,0.111483046,1.625342821,156640.3433,1996,0.521383766,244941.0299,29055.48526,0.260691883,19453,Domestic
Penaeus_monodon-Pacific_Western Central,Penaeus monodon,Giant tiger prawn,"Shrimps, prawns",Pacific Western Central,1.356371905,1.478615043,1.549910962,1.624991721,1.779623474,0.108922181,1.55473276,156640.3433,1997,0.521383766,244941.0299,29055.48526,0.260691883,26424,Domestic
Penaeus_monodon-Pacific_Western Central,Penaeus monodon,Giant tiger prawn,"Shrimps, prawns",Pacific Western Central,1.287879058,1.404885816,1.476846755,1.551829916,1.711575251,0.109164693,1.482619608,156640.3433,1998,0.521383766,244941.0299,29055.48526,0.260691883,29457,Domestic
Penaeus_monodon-Pacific_Western Central,Penaeus monodon,Giant tiger prawn,"Shrimps, prawns",Pacific Western Central,1.201267826,1.315462635,1.387500171,1.468284201,1.641527092,0.111935165,1.396468201,156640.3433,1999,0.521383766,244941.0299,29055.48526,0.260691883,33135,Domestic
Penaeus_monodon-Pacific_Western Central,Penaeus monodon,Giant tiger prawn,"Shrimps, prawns",Pacific Western Central,1.051009418,1.168626548,1.248721966,1.337756844,1.517702632,0.121555178,1.257947079,156640.3433,2000,0.521383766,244941.0299,29055.48526,0.260691883,41433,Domestic
Penaeus_monodon-Pacific_Western Central,Penaeus monodon,Giant tiger prawn,"Shrimps, prawns",Pacific Western Central,0.919466001,1.056160481,1.142450798,1.236575496,1.427878652,0.131047693,1.151117657,156640.3433,2001,0.521383766,244941.0299,29055.48526,0.260691883,40341,Domestic
Penaeus_monodon-Pacific_Western Central,Penaeus monodon,Giant tiger prawn,"Shrimps, prawns",Pacific Western Central,0.8678639,1.00993726,1.098593769,1.194259052,1.397240351,0.136134839,1.107341066,156640.3433,2002,0.521383766,244941.0299,29055.48526,0.260691883,34184,Domestic
Penaeus_monodon-Pacific_Western Central,Penaeus monodon,Giant tiger prawn,"Shrimps, prawns",Pacific Western Central,0.861845952,0.999846789,1.087188171,1.187230344,1.394613276,0.138680417,1.099758903,156640.3433,2003,0.521383766,244941.0299,29055.48526,0.260691883,30331,Domestic
Penaeus_monodon-Pacific_Western Central,Penaeus monodon,Giant tiger prawn,"Shrimps, prawns",Pacific Western Central,0.828132339,0.964120855,1.055793507,1.16292402,1.386441352,0.143899147,1.069458986,156640.3433,2004,0.521383766,244941.0299,29055.48526,0.260691883,32830,Domestic
Penaeus_monodon-Pacific_Western Central,Penaeus monodon,Giant tiger prawn,"Shrimps, prawns",Pacific Western Central,0.825517133,0.962570392,1.052135644,1.168079417,1.40426668,0.149206598,1.070900499,156640.3433,2005,0.521383766,244941.0299,29055.48526,0.260691883,29136,Domestic
Penaeus_monodon-Pacific_Western Central,Penaeus monodon,Giant tiger prawn,"Shrimps, prawns",Pacific Western Central,0.754678653,0.895005954,0.995044526,1.117602961,1.350899373,0.157643265,1.012893475,156640.3433,2006,0.521383766,244941.0299,29055.48526,0.260691883,35403,Domestic
Penaeus_monodon-Pacific_Western Central,Penaeus monodon,Giant tiger prawn,"Shrimps, prawns",Pacific Western Central,0.632231198,0.803545751,0.91592797,1.045654044,1.296685805,0.174030458,0.931251659,156640.3433,2007,0.521383766,244941.0299,29055.48526,0.260691883,38292,Domestic
Penaeus_monodon-Pacific_Western Central,Penaeus monodon,Giant tiger prawn,"Shrimps, prawns",Pacific Western Central,0.646982505,0.823637614,0.948418428,1.094702588,1.365756737,0.188701295,0.966862897,156640.3433,2008,0.521383766,244941.0299,29055.48526,0.260691883,24455,Domestic
Penaeus_monodon-Pacific_Western Central,Penaeus monodon,Giant tiger prawn,"Shrimps, prawns",Pacific Western Central,0.72345856,0.891331459,1.022579218,1.184802782,1.481384012,0.202686213,1.04706675,156640.3433,2009,0.521383766,244941.0299,29055.48526,0.260691883,19463,Domestic
Penaeus_monodon-Pacific_Western Central,Penaeus monodon,Giant tiger prawn,"Shrimps, prawns",Pacific Western Central,0.710222547,0.887992108,1.033975898,1.200647174,1.481392423,0.209013024,1.051296523,156640.3433,2010,0.521383766,244941.0299,29055.48526,0.260691883,27632,Domestic
Penaeus_monodon-Pacific_Western Central,Penaeus monodon,Giant tiger prawn,"Shrimps, prawns",Pacific Western Central,0.710198457,0.896561576,1.055896289,1.225836017,1.492389999,0.216113396,1.069007591,156640.3433,2011,0.521383766,244941.0299,29055.48526,0.260691883,26121,Domestic
Penaeus_monodon-Pacific_Western Central,Penaeus monodon,Giant tiger prawn,"Shrimps, prawns",Pacific Western Central,0.71551451,0.912712431,1.087957528,1.250931257,1.512426781,0.221233099,1.090032194,156640.3433,2012,0.521383766,244941.0299,29055.48526,0.260691883,25354,Domestic
Penaeus_monodon-Pacific_Western Central,Penaeus monodon,Giant tiger prawn,"Shrimps, prawns",Pacific Western Central,0.721780528,0.928855433,1.113596146,1.282295789,1.520369581,0.224888418,1.108988353,156640.3433,2013,0.521383766,244941.0299,29055.48526,0.260691883,25161,Domestic
Penaeus_monodon-Pacific_Western Central,Penaeus monodon,Giant tiger prawn,"Shrimps, prawns",Pacific Western Central,0.685635523,0.903316157,1.101419451,1.259159644,1.46178709,0.221746665,1.08447241,156640.3433,2014,0.521383766,244941.0299,29055.48526,0.260691883,29580,Domestic
Penaeus_monodon-Pacific_Western Central,Penaeus monodon,Giant tiger prawn,"Shrimps, prawns",Pacific Western Central,0.650683371,0.895283983,1.100067668,1.258310674,1.427780192,0.224529681,1.073545579,156640.3433,2015,0.521383766,244941.0299,29055.48526,0.260691883,28279,Domestic
Penaeus_monodon-Pacific_Western Central,Penaeus monodon,Giant tiger prawn,"Shrimps, prawns",Pacific Western Central,0.629134026,0.907852834,1.13095757,1.282893369,1.387743158,0.227370426,1.085153698,156640.3433,2016,0.521383766,244941.0299,29055.48526,0.260691883,25276,Domestic
Penaeus_setiferus-Atlantic_Western Central,Penaeus setiferus,Northern white shrimp,"Shrimps, prawns",Atlantic Western Central,0.405917277,0.491355225,0.58868328,0.773314853,1.354570813,0.255727471,0.675729035,98005.56647,1950,0.724703426,336871.4584,53929.20398,0.362351713,27323,CBA
Penaeus_setiferus-Atlantic_Western Central,Penaeus setiferus,Northern white shrimp,"Shrimps, prawns",Atlantic Western Central,0.424295816,0.537308229,0.661544722,0.905974753,1.526597104,0.300310197,0.761609492,98005.56647,1951,0.724703426,336871.4584,53929.20398,0.362351713,32139,CBA
Penaeus_setiferus-Atlantic_Western Central,Penaeus setiferus,Northern white shrimp,"Shrimps, prawns",Atlantic Western Central,0.443586314,0.588285643,0.752809213,1.05411624,1.637211585,0.33695729,0.854009371,98005.56647,1952,0.724703426,336871.4584,53929.20398,0.362351713,32504,CBA
Penaeus_setiferus-Atlantic_Western Central,Penaeus setiferus,Northern white shrimp,"Shrimps, prawns",Atlantic Western Central,0.439665348,0.619170477,0.829103375,1.175642596,1.667735701,0.359922407,0.917243758,98005.56647,1953,0.724703426,336871.4584,53929.20398,0.362351713,37367,CBA
Penaeus_setiferus-Atlantic_Western Central,Penaeus setiferus,Northern white shrimp,"Shrimps, prawns",Atlantic Western Central,0.421316404,0.646259392,0.90927498,1.278220852,1.684387063,0.37883446,0.970599993,98005.56647,1954,0.724703426,336871.4584,53929.20398,0.362351713,38581,CBA
Penaeus_setiferus-Atlantic_Western Central,Penaeus setiferus,Northern white shrimp,"Shrimps, prawns",Atlantic Western Central,0.415540896,0.69774329,1.016483839,1.394151584,1.729252911,0.398508037,1.044380522,98005.56647,1955,0.724703426,336871.4584,53929.20398,0.362351713,34973,CBA
Penaeus_setiferus-Atlantic_Western Central,Penaeus setiferus,Northern white shrimp,"Shrimps, prawns",Atlantic Western Central,0.422711927,0.774382492,1.147076239,1.501026343,1.774038095,0.411561236,1.131008383,98005.56647,1956,0.724703426,336871.4584,53929.20398,0.362351713,31807,CBA
Penaeus_setiferus-Atlantic_Western Central,Penaeus setiferus,Northern white shrimp,"Shrimps, prawns",Atlantic Western Central,0.448277743,0.877403899,1.298030807,1.592120794,1.822286212,0.415011807,1.227144898,98005.56647,1957,0.724703426,336871.4584,53929.20398,0.362351713,28601,CBA
Penaeus_setiferus-Atlantic_Western Central,Penaeus setiferus,Northern white shrimp,"Shrimps, prawns",Atlantic Western Central,0.478719136,0.988925013,1.418903063,1.643943051,1.848900044,0.404351455,1.306085227,98005.56647,1958,0.724703426,336871.4584,53929.20398,0.362351713,28441,CBA
Penaeus_setiferus-Atlantic_Western Central,Penaeus setiferus,Northern white shrimp,"Shrimps, prawns",Atlantic Western Central,0.499583482,1.081316869,1.478185341,1.647170429,1.831857991,0.382794388,1.348367892,98005.56647,1959,0.724703426,336871.4584,53929.20398,0.362351713,31862,CBA
Penaeus_setiferus-Atlantic_Western Central,Penaeus setiferus,Northern white shrimp,"Shrimps, prawns",Atlantic Western Central,0.502316248,1.147617035,1.487264473,1.62843064,1.805702696,0.360512924,1.361915433,98005.56647,1960,0.724703426,336871.4584,53929.20398,0.362351713,35452,CBA
Penaeus_setiferus-Atlantic_Western Central,Penaeus setiferus,Northern white shrimp,"Shrimps, prawns",Atlantic Western Central,0.564475447,1.288883622,1.595517501,1.727415141,1.89408055,0.358890509,1.469043452,98005.56647,1961,0.724703426,336871.4584,53929.20398,0.362351713,22287,CBA
Penaeus_setiferus-Atlantic_Western Central,Penaeus setiferus,Northern white shrimp,"Shrimps, prawns",Atlantic Western Central,0.629449568,1.389453944,1.639971696,1.751111303,1.90930014,0.334065225,1.523344044,98005.56647,1962,0.724703426,336871.4584,53929.20398,0.362351713,24356,CBA
Penaeus_setiferus-Atlantic_Western Central,Penaeus setiferus,Northern white shrimp,"Shrimps, prawns",Atlantic Western Central,0.671244877,1.429438855,1.609066765,1.709690527,1.870232255,0.29938067,1.516336045,98005.56647,1963,0.724703426,336871.4584,53929.20398,0.362351713,31481,CBA
Penaeus_setiferus-Atlantic_Western Central,Penaeus setiferus,Northern white shrimp,"Shrimps, prawns",Atlantic Western Central,0.728161932,1.471485226,1.623492894,1.721432027,1.877235613,0.280300603,1.544044671,98005.56647,1964,0.724703426,336871.4584,53929.20398,0.362351713,28504,CBA
Penaeus_setiferus-Atlantic_Western Central,Penaeus setiferus,Northern white shrimp,"Shrimps, prawns",Atlantic Western Central,0.770889591,1.478429493,1.607914499,1.699630822,1.859911437,0.257770144,1.541748817,98005.56647,1965,0.724703426,336871.4584,53929.20398,0.362351713,32141,CBA
Penaeus_setiferus-Atlantic_Western Central,Penaeus setiferus,Northern white shrimp,"Shrimps, prawns",Atlantic Western Central,0.836944764,1.504651996,1.626756308,1.71950802,1.870978215,0.244208863,1.568256647,98005.56647,1966,0.724703426,336871.4584,53929.20398,0.362351713,29133,CBA
Penaeus_setiferus-Atlantic_Western Central,Penaeus setiferus,Northern white shrimp,"Shrimps, prawns",Atlantic Western Central,0.867667802,1.477969793,1.586284042,1.675773402,1.833262331,0.223451726,1.540901106,98005.56647,1967,0.724703426,336871.4584,53929.20398,0.362351713,35755,CBA
Penaeus_setiferus-Atlantic_Western Central,Penaeus setiferus,Northern white shrimp,"Shrimps, prawns",Atlantic Western Central,0.913586147,1.483415953,1.59032144,1.678865999,1.836346195,0.21387836,1.549480713,98005.56647,1968,0.724703426,336871.4584,53929.20398,0.362351713,33139,CBA
Penaeus_setiferus-Atlantic_Western Central,Penaeus setiferus,Northern white shrimp,"Shrimps, prawns",Atlantic Western Central,0.959452273,1.487150192,1.591687212,1.681986665,1.840682764,0.204939597,1.556332686,98005.56647,1969,0.724703426,336871.4584,53929.20398,0.362351713,33056,CBA
Penaeus_setiferus-Atlantic_Western Central,Penaeus setiferus,Northern white shrimp,"Shrimps, prawns",Atlantic Western Central,0.9879919,1.460689366,1.561238755,1.650811229,1.814467106,0.193864978,1.532683682,98005.56647,1970,0.724703426,336871.4584,53929.20398,0.362351713,37300,CBA
Penaeus_setiferus-Atlantic_Western Central,Penaeus setiferus,Northern white shrimp,"Shrimps, prawns",Atlantic Western Central,1.010273767,1.446005558,1.549271823,1.639548845,1.804671906,0.18850602,1.523443823,98005.56647,1971,0.724703426,336871.4584,53929.20398,0.362351713,37200,CBA
Penaeus_setiferus-Atlantic_Western Central,Penaeus setiferus,Northern white shrimp,"Shrimps, prawns",Atlantic Western Central,1.049458826,1.465075516,1.56850489,1.658825546,1.819833347,0.185941053,1.542632809,98005.56647,1972,0.724703426,336871.4584,53929.20398,0.362351713,33700,CBA
Penaeus_setiferus-Atlantic_Western Central,Penaeus setiferus,Northern white shrimp,"Shrimps, prawns",Atlantic Western Central,1.086425525,1.490409142,1.59165907,1.681807745,1.84120281,0.182446742,1.567000459,98005.56647,1973,0.724703426,336871.4584,53929.20398,0.362351713,31700,CBA
Penaeus_setiferus-Atlantic_Western Central,Penaeus setiferus,Northern white shrimp,"Shrimps, prawns",Atlantic Western Central,1.13925572,1.530299718,1.631490905,1.718844367,1.871693859,0.178713181,1.60555699,98005.56647,1974,0.724703426,336871.4584,53929.20398,0.362351713,27981,CBA
Penaeus_setiferus-Atlantic_Western Central,Penaeus setiferus,Northern white shrimp,"Shrimps, prawns",Atlantic Western Central,1.186390813,1.561677294,1.659542785,1.743552794,1.891554313,0.171777506,1.634812337,98005.56647,1975,0.724703426,336871.4584,53929.20398,0.362351713,26802,CBA
Penaeus_setiferus-Atlantic_Western Central,Penaeus setiferus,Northern white shrimp,"Shrimps, prawns",Atlantic Western Central,1.214562885,1.545860875,1.634852533,1.71668386,1.8675973,0.15992692,1.616843989,98005.56647,1976,0.724703426,336871.4584,53929.20398,0.362351713,32035,CBA
Penaeus_setiferus-Atlantic_Western Central,Penaeus setiferus,Northern white shrimp,"Shrimps, prawns",Atlantic Western Central,1.215931806,1.500755222,1.587789826,1.672941927,1.830681549,0.152085366,1.576455054,98005.56647,1977,0.724703426,336871.4584,53929.20398,0.362351713,37215,CBA
Penaeus_setiferus-Atlantic_Western Central,Penaeus setiferus,Northern white shrimp,"Shrimps, prawns",Atlantic Western Central,1.223923264,1.491114739,1.581451802,1.667812791,1.829482787,0.150978722,1.570530168,98005.56647,1978,0.724703426,336871.4584,53929.20398,0.362351713,35279,CBA
Penaeus_setiferus-Atlantic_Western Central,Penaeus setiferus,Northern white shrimp,"Shrimps, prawns",Atlantic Western Central,1.248165638,1.511531899,1.604846412,1.690689808,1.847707782,0.150375884,1.592392555,98005.56647,1979,0.724703426,336871.4584,53929.20398,0.362351713,31396,CBA
Penaeus_setiferus-Atlantic_Western Central,Penaeus setiferus,Northern white shrimp,"Shrimps, prawns",Atlantic Western Central,1.255301633,1.508258133,1.599586407,1.685504748,1.842968997,0.147021403,1.58873988,98005.56647,1980,0.724703426,336871.4584,53929.20398,0.362351713,33784,CBA
Penaeus_setiferus-Atlantic_Western Central,Penaeus setiferus,Northern white shrimp,"Shrimps, prawns",Atlantic Western Central,1.247799865,1.482333735,1.570320878,1.656984066,1.814342281,0.142893437,1.562679342,98005.56647,1981,0.724703426,336871.4584,53929.20398,0.362351713,37407,CBA
Penaeus_setiferus-Atlantic_Western Central,Penaeus setiferus,Northern white shrimp,"Shrimps, prawns",Atlantic Western Central,1.26436848,1.497086437,1.5881063,1.673840217,1.830111255,0.143460209,1.579209532,98005.56647,1982,0.724703426,336871.4584,53929.20398,0.362351713,33021,CBA
Penaeus_setiferus-Atlantic_Western Central,Penaeus setiferus,Northern white shrimp,"Shrimps, prawns",Atlantic Western Central,1.288605996,1.527217084,1.616716099,1.701565764,1.860016299,0.142512515,1.607403995,98005.56647,1983,0.724703426,336871.4584,53929.20398,0.362351713,30064,CBA
Penaeus_setiferus-Atlantic_Western Central,Penaeus setiferus,Northern white shrimp,"Shrimps, prawns",Atlantic Western Central,1.261381233,1.467713447,1.555364384,1.640586748,1.801738796,0.137072037,1.549809281,98005.56647,1984,0.724703426,336871.4584,53929.20398,0.362351713,40747,CBA
Penaeus_setiferus-Atlantic_Western Central,Penaeus setiferus,Northern white shrimp,"Shrimps, prawns",Atlantic Western Central,1.21478218,1.405964375,1.49875465,1.589697147,1.757362182,0.139498633,1.495179254,98005.56647,1985,0.724703426,336871.4584,53929.20398,0.362351713,44573,CBA
Penaeus_setiferus-Atlantic_Western Central,Penaeus setiferus,Northern white shrimp,"Shrimps, prawns",Atlantic Western Central,1.116286589,1.303614892,1.405800273,1.505181464,1.686383026,0.148325031,1.404216399,98005.56647,1986,0.724703426,336871.4584,53929.20398,0.362351713,53273,CBA
Penaeus_setiferus-Atlantic_Western Central,Penaeus setiferus,Northern white shrimp,"Shrimps, prawns",Atlantic Western Central,1.106150318,1.311538374,1.421804757,1.523840084,1.710348395,0.156249743,1.416539677,98005.56647,1987,0.724703426,336871.4584,53929.20398,0.362351713,42554,CBA
Penaeus_setiferus-Atlantic_Western Central,Penaeus setiferus,Northern white shrimp,"Shrimps, prawns",Atlantic Western Central,1.133979881,1.362551604,1.475247623,1.58102986,1.757000599,0.160747254,1.467336067,98005.56647,1988,0.724703426,336871.4584,53929.20398,0.362351713,35830,CBA
Penaeus_setiferus-Atlantic_Western Central,Penaeus setiferus,Northern white shrimp,"Shrimps, prawns",Atlantic Western Central,1.17723326,1.421536255,1.535524539,1.63815246,1.806943632,0.162112371,1.523095812,98005.56647,1989,0.724703426,336871.4584,53929.20398,0.362351713,32217,CBA
Penaeus_setiferus-Atlantic_Western Central,Penaeus setiferus,Northern white shrimp,"Shrimps, prawns",Atlantic Western Central,1.196891497,1.446826833,1.556338128,1.651316684,1.814960195,0.15647142,1.542199525,98005.56647,1990,0.724703426,336871.4584,53929.20398,0.362351713,34104,CBA
Penaeus_setiferus-Atlantic_Western Central,Penaeus setiferus,Northern white shrimp,"Shrimps, prawns",Atlantic Western Central,1.180442836,1.416981842,1.518110711,1.611050274,1.776873712,0.149959983,1.508395924,98005.56647,1991,0.724703426,336871.4584,53929.20398,0.362351713,40988,CBA
Penaeus_setiferus-Atlantic_Western Central,Penaeus setiferus,Northern white shrimp,"Shrimps, prawns",Atlantic Western Central,1.174186483,1.405950429,1.507622878,1.601799852,1.771377354,0.149838519,1.499115103,98005.56647,1992,0.724703426,336871.4584,53929.20398,0.362351713,39814,CBA
Penaeus_setiferus-Atlantic_Western Central,Penaeus setiferus,Northern white shrimp,"Shrimps, prawns",Atlantic Western Central,1.208286902,1.449509137,1.55572292,1.648730613,1.816201029,0.152598458,1.544013177,98005.56647,1993,0.724703426,336871.4584,53929.20398,0.362351713,32264,CBA
Penaeus_setiferus-Atlantic_Western Central,Penaeus setiferus,Northern white shrimp,"Shrimps, prawns",Atlantic Western Central,1.214980773,1.449677371,1.549397259,1.640790067,1.800396125,0.147684688,1.539676413,98005.56647,1994,0.724703426,336871.4584,53929.20398,0.362351713,36838,CBA
Penaeus_setiferus-Atlantic_Western Central,Penaeus setiferus,Northern white shrimp,"Shrimps, prawns",Atlantic Western Central,1.203956285,1.424766841,1.524199594,1.613765484,1.780857189,0.144602338,1.515611781,98005.56647,1995,0.724703426,336871.4584,53929.20398,0.362351713,39959,CBA
Penaeus_setiferus-Atlantic_Western Central,Penaeus setiferus,Northern white shrimp,"Shrimps, prawns",Atlantic Western Central,1.25688528,1.499388424,1.59879233,1.690564763,1.852249077,0.148451841,1.588288915,98005.56647,1996,0.724703426,336871.4584,53929.20398,0.362351713,27461,CBA
Penaeus_setiferus-Atlantic_Western Central,Penaeus setiferus,Northern white shrimp,"Shrimps, prawns",Atlantic Western Central,1.284555679,1.51225349,1.605658954,1.691399375,1.852684214,0.141023815,1.596393646,98005.56647,1997,0.724703426,336871.4584,53929.20398,0.362351713,31928,CBA
Penaeus_setiferus-Atlantic_Western Central,Penaeus setiferus,Northern white shrimp,"Shrimps, prawns",Atlantic Western Central,1.27165319,1.468012075,1.555892757,1.640838643,1.802814558,0.133211964,1.55126672,98005.56647,1998,0.724703426,336871.4584,53929.20398,0.362351713,39799,CBA
Penaeus_setiferus-Atlantic_Western Central,Penaeus setiferus,Northern white shrimp,"Shrimps, prawns",Atlantic Western Central,1.2372377,1.412420002,1.501333116,1.591922095,1.762782787,0.133564074,1.501346701,98005.56647,1999,0.724703426,336871.4584,53929.20398,0.362351713,44014,CBA
Penaeus_setiferus-Atlantic_Western Central,Penaeus setiferus,Northern white shrimp,"Shrimps, prawns",Atlantic Western Central,1.157478868,1.317539226,1.413202353,1.511534549,1.693319957,0.139581143,1.416199081,98005.56647,2000,0.724703426,336871.4584,53929.20398,0.362351713,52280,CBA
Penaeus_setiferus-Atlantic_Western Central,Penaeus setiferus,Northern white shrimp,"Shrimps, prawns",Atlantic Western Central,1.162394415,1.336441644,1.439202659,1.540554879,1.720223123,0.144606249,1.439764101,98005.56647,2001,0.724703426,336871.4584,53929.20398,0.362351713,40696,CBA
Penaeus_setiferus-Atlantic_Western Central,Penaeus setiferus,Northern white shrimp,"Shrimps, prawns",Atlantic Western Central,1.159736394,1.335712633,1.437607552,1.539941085,1.719698255,0.146131328,1.438078262,98005.56647,2002,0.724703426,336871.4584,53929.20398,0.362351713,43015,CBA
Penaeus_setiferus-Atlantic_Western Central,Penaeus setiferus,Northern white shrimp,"Shrimps, prawns",Atlantic Western Central,1.13423656,1.303109809,1.40580839,1.511325416,1.695857167,0.14720125,1.408279451,98005.56647,2003,0.724703426,336871.4584,53929.20398,0.362351713,47134,CBA
Penaeus_setiferus-Atlantic_Western Central,Penaeus setiferus,Northern white shrimp,"Shrimps, prawns",Atlantic Western Central,1.048718013,1.206331204,1.317266701,1.431300606,1.62922573,0.154340038,1.322414248,98005.56647,2004,0.724703426,336871.4584,53929.20398,0.362351713,56818,CBA
Penaeus_setiferus-Atlantic_Western Central,Penaeus setiferus,Northern white shrimp,"Shrimps, prawns",Atlantic Western Central,1.000704462,1.162247813,1.28666514,1.40983035,1.61319211,0.164772167,1.289764442,98005.56647,2005,0.724703426,336871.4584,53929.20398,0.362351713,52406,CBA
Penaeus_setiferus-Atlantic_Western Central,Penaeus setiferus,Northern white shrimp,"Shrimps, prawns",Atlantic Western Central,0.857300952,1.037227334,1.179304643,1.316688465,1.535458235,0.184834763,1.180785714,98005.56647,2006,0.724703426,336871.4584,53929.20398,0.362351713,64517,CBA
Penaeus_setiferus-Atlantic_Western Central,Penaeus setiferus,Northern white shrimp,"Shrimps, prawns",Atlantic Western Central,0.926446354,1.112742186,1.272748133,1.419974147,1.636113686,0.196765999,1.270638316,98005.56647,2007,0.724703426,336871.4584,53929.20398,0.362351713,37390,CBA
Penaeus_setiferus-Atlantic_Western Central,Penaeus setiferus,Northern white shrimp,"Shrimps, prawns",Atlantic Western Central,0.893061438,1.090595722,1.261404957,1.410878722,1.619919283,0.20178312,1.25395179,98005.56647,2008,0.724703426,336871.4584,53929.20398,0.362351713,50290,CBA
Penaeus_setiferus-Atlantic_Western Central,Penaeus setiferus,Northern white shrimp,"Shrimps, prawns",Atlantic Western Central,0.824699387,1.031625081,1.216350454,1.36732103,1.580452235,0.211593797,1.203494606,98005.56647,2009,0.724703426,336871.4584,53929.20398,0.362351713,55597,CBA
Penaeus_setiferus-Atlantic_Western Central,Penaeus setiferus,Northern white shrimp,"Shrimps, prawns",Atlantic Western Central,0.813179384,1.03819077,1.236158353,1.392623685,1.608583679,0.224282513,1.218333734,98005.56647,2010,0.724703426,336871.4584,53929.20398,0.362351713,46754,CBA
Penaeus_setiferus-Atlantic_Western Central,Penaeus setiferus,Northern white shrimp,"Shrimps, prawns",Atlantic Western Central,0.802259551,1.044662127,1.253765412,1.412942119,1.623686407,0.232619445,1.23050281,98005.56647,2011,0.724703426,336871.4584,53929.20398,0.362351713,46166,CBA
Penaeus_setiferus-Atlantic_Western Central,Penaeus setiferus,Northern white shrimp,"Shrimps, prawns",Atlantic Western Central,0.734779271,1.003222814,1.222705001,1.375011101,1.581747718,0.23895459,1.188348429,98005.56647,2012,0.724703426,336871.4584,53929.20398,0.362351713,53330,CBA
Penaeus_setiferus-Atlantic_Western Central,Penaeus setiferus,Northern white shrimp,"Shrimps, prawns",Atlantic Western Central,0.73810106,1.042220784,1.269616131,1.420873828,1.625465006,0.24972171,1.226668116,98005.56647,2013,0.724703426,336871.4584,53929.20398,0.362351713,41955,CBA
Penaeus_setiferus-Atlantic_Western Central,Penaeus setiferus,Northern white shrimp,"Shrimps, prawns",Atlantic Western Central,0.735756705,1.076012751,1.303488325,1.440164764,1.630782424,0.250030882,1.249649146,98005.56647,2014,0.724703426,336871.4584,53929.20398,0.362351713,42082,CBA
Penaeus_setiferus-Atlantic_Western Central,Penaeus setiferus,Northern white shrimp,"Shrimps, prawns",Atlantic Western Central,0.732294183,1.112255082,1.328034404,1.441685688,1.602063876,0.240998856,1.262350414,98005.56647,2015,0.724703426,336871.4584,53929.20398,0.362351713,41642,CBA
Penaeus_setiferus-Atlantic_Western Central,Penaeus setiferus,Northern white shrimp,"Shrimps, prawns",Atlantic Western Central,0.651192498,1.064425816,1.275509988,1.355425654,1.396441984,0.220032334,1.184006183,98005.56647,2016,0.724703426,336871.4584,53929.20398,0.362351713,53106,CBA
Penaeus_stylirostris-Pacific_Eastern Central,Penaeus stylirostris,Blue shrimp,"Shrimps, prawns",Pacific Eastern Central,1.081960016,1.306593647,1.476379213,1.657175688,1.921733822,0.227002445,1.485186895,87253.99291,1962,0.546308979,138068.6999,18354.31134,0.273154489,100,CBA
Penaeus_stylirostris-Pacific_Eastern Central,Penaeus stylirostris,Blue shrimp,"Shrimps, prawns",Pacific Eastern Central,1.246182526,1.51265453,1.666706256,1.809675415,1.97094487,0.196233601,1.652142688,87253.99291,1963,0.546308979,138068.6999,18354.31134,0.273154489,100,CBA
Penaeus_stylirostris-Pacific_Eastern Central,Penaeus stylirostris,Blue shrimp,"Shrimps, prawns",Pacific Eastern Central,1.39504105,1.653834735,1.777597534,1.877803119,1.984357386,0.157934611,1.754511318,87253.99291,1964,0.546308979,138068.6999,18354.31134,0.273154489,200,CBA
Penaeus_stylirostris-Pacific_Eastern Central,Penaeus stylirostris,Blue shrimp,"Shrimps, prawns",Pacific Eastern Central,1.506968389,1.738243049,1.83424396,1.909494534,1.986965203,0.127126617,1.812046179,87253.99291,1965,0.546308979,138068.6999,18354.31134,0.273154489,100,CBA
Penaeus_stylirostris-Pacific_Eastern Central,Penaeus stylirostris,Blue shrimp,"Shrimps, prawns",Pacific Eastern Central,1.581289925,1.783179878,1.863025298,1.924569528,1.990991478,0.106092576,1.843847423,87253.99291,1966,0.546308979,138068.6999,18354.31134,0.273154489,200,CBA
Penaeus_stylirostris-Pacific_Eastern Central,Penaeus stylirostris,Blue shrimp,"Shrimps, prawns",Pacific Eastern Central,1.635652261,1.800692893,1.872556575,1.929373829,1.992794441,0.094189532,1.857679842,87253.99291,1967,0.546308979,138068.6999,18354.31134,0.273154489,200,CBA
Penaeus_stylirostris-Pacific_Eastern Central,Penaeus stylirostris,Blue shrimp,"Shrimps, prawns",Pacific Eastern Central,1.665848351,1.812585677,1.877876132,1.931928147,1.99229741,0.086913268,1.865541875,87253.99291,1968,0.546308979,138068.6999,18354.31134,0.273154489,200,CBA
Penaeus_stylirostris-Pacific_Eastern Central,Penaeus stylirostris,Blue shrimp,"Shrimps, prawns",Pacific Eastern Central,1.676358568,1.815757918,1.880552429,1.935706587,1.992488683,0.085166875,1.86918108,87253.99291,1969,0.546308979,138068.6999,18354.31134,0.273154489,300,CBA
Penaeus_stylirostris-Pacific_Eastern Central,Penaeus stylirostris,Blue shrimp,"Shrimps, prawns",Pacific Eastern Central,1.687211089,1.821673135,1.883741353,1.938863155,1.992736801,0.082633289,1.872991276,87253.99291,2002,0.546308979,138068.6999,18354.31134,0.273154489,38,CBA
Penaeus_stylirostris-Pacific_Eastern Central,Penaeus stylirostris,Blue shrimp,"Shrimps, prawns",Pacific Eastern Central,1.706929104,1.828653494,1.887546587,1.939154485,1.992258192,0.077636848,1.878175366,87253.99291,2003,0.546308979,138068.6999,18354.31134,0.273154489,62,CBA
Penaeus_stylirostris-Pacific_Eastern Central,Penaeus stylirostris,Blue shrimp,"Shrimps, prawns",Pacific Eastern Central,1.714929872,1.837221153,1.896050355,1.945730593,1.994258488,0.075769124,1.885499278,87253.99291,2004,0.546308979,138068.6999,18354.31134,0.273154489,20,CBA
Penaeus_stylirostris-Pacific_Eastern Central,Penaeus stylirostris,Blue shrimp,"Shrimps, prawns",Pacific Eastern Central,1.678545475,1.800359031,1.863013422,1.917704818,1.98696811,0.082133003,1.855303389,87253.99291,2005,0.546308979,138068.6999,18354.31134,0.273154489,4104,CBA
Penaeus_stylirostris-Pacific_Eastern Central,Penaeus stylirostris,Blue shrimp,"Shrimps, prawns",Pacific Eastern Central,1.658193232,1.784163284,1.8478016,1.908749178,1.986945614,0.087123562,1.841889884,87253.99291,2006,0.546308979,138068.6999,18354.31134,0.273154489,4285,CBA
Penaeus_stylirostris-Pacific_Eastern Central,Penaeus stylirostris,Blue shrimp,"Shrimps, prawns",Pacific Eastern Central,1.632974416,1.764200636,1.83150444,1.894842615,1.982645059,0.092332893,1.826411966,87253.99291,2007,0.546308979,138068.6999,18354.31134,0.273154489,5894,CBA
Penaeus_stylirostris-Pacific_Eastern Central,Penaeus stylirostris,Blue shrimp,"Shrimps, prawns",Pacific Eastern Central,1.541745045,1.664796348,1.735311845,1.804927782,1.931347889,0.100084839,1.735078251,87253.99291,2008,0.546308979,138068.6999,18354.31134,0.273154489,12057,CBA
Penaeus_stylirostris-Pacific_Eastern Central,Penaeus stylirostris,Blue shrimp,"Shrimps, prawns",Pacific Eastern Central,1.488619886,1.620049444,1.69128241,1.760751521,1.89750057,0.104457145,1.691899179,87253.99291,2009,0.546308979,138068.6999,18354.31134,0.273154489,11825,CBA
Penaeus_stylirostris-Pacific_Eastern Central,Penaeus stylirostris,Blue shrimp,"Shrimps, prawns",Pacific Eastern Central,1.42011016,1.550849455,1.623218626,1.695953894,1.846708496,0.109157711,1.625092637,87253.99291,2010,0.546308979,138068.6999,18354.31134,0.273154489,14600,CBA
Penaeus_stylirostris-Pacific_Eastern Central,Penaeus stylirostris,Blue shrimp,"Shrimps, prawns",Pacific Eastern Central,1.230985591,1.352947584,1.427282249,1.506424199,1.656158602,0.110247321,1.43261881,87253.99291,2011,0.546308979,138068.6999,18354.31134,0.273154489,24595,CBA
Penaeus_stylirostris-Pacific_Eastern Central,Penaeus stylirostris,Blue shrimp,"Shrimps, prawns",Pacific Eastern Central,1.208791444,1.330690555,1.408551071,1.497592352,1.683959601,0.123377007,1.419584598,87253.99291,2012,0.546308979,138068.6999,18354.31134,0.273154489,16486,CBA
Penaeus_stylirostris-Pacific_Eastern Central,Penaeus stylirostris,Blue shrimp,"Shrimps, prawns",Pacific Eastern Central,1.098468283,1.217398183,1.297071289,1.396089801,1.604062513,0.130307019,1.312844628,87253.99291,2013,0.546308979,138068.6999,18354.31134,0.273154489,22541,CBA
Penaeus_stylirostris-Pacific_Eastern Central,Penaeus stylirostris,Blue shrimp,"Shrimps, prawns",Pacific Eastern Central,1.03873108,1.142471477,1.22524152,1.343734985,1.585026981,0.143799967,1.252176053,87253.99291,2014,0.546308979,138068.6999,18354.31134,0.273154489,20992,CBA
Penaeus_stylirostris-Pacific_Eastern Central,Penaeus stylirostris,Blue shrimp,"Shrimps, prawns",Pacific Eastern Central,0.828413595,0.914428701,1.009306867,1.145971473,1.400860617,0.159237163,1.043486959,87253.99291,2015,0.546308979,138068.6999,18354.31134,0.273154489,31210,CBA
Penaeus_stylirostris-Pacific_Eastern Central,Penaeus stylirostris,Blue shrimp,"Shrimps, prawns",Pacific Eastern Central,0.608979373,0.690126607,0.818032093,0.986817537,1.301643196,0.196971093,0.858275164,87253.99291,2016,0.546308979,138068.6999,18354.31134,0.273154489,30660,CBA
Penaeus_vannamei-Pacific_Eastern Central,Penaeus vannamei,Whiteleg shrimp,"Shrimps, prawns",Pacific Eastern Central,1.095575769,1.337960711,1.514048775,1.699241153,1.935663369,0.233294651,1.517317924,26286.33284,1993,0.637206791,40619.02592,6302.487738,0.318603396,830,Domestic
Penaeus_vannamei-Pacific_Eastern Central,Penaeus vannamei,Whiteleg shrimp,"Shrimps, prawns",Pacific Eastern Central,1.232265837,1.520151264,1.677651897,1.811402875,1.962486374,0.19717367,1.654590081,26286.33284,1994,0.637206791,40619.02592,6302.487738,0.318603396,1175,Domestic
Penaeus_vannamei-Pacific_Eastern Central,Penaeus vannamei,Whiteleg shrimp,"Shrimps, prawns",Pacific Eastern Central,1.346233512,1.632679622,1.759885923,1.859398266,1.97689646,0.166093671,1.732915293,26286.33284,1995,0.637206791,40619.02592,6302.487738,0.318603396,1258,Domestic
Penaeus_vannamei-Pacific_Eastern Central,Penaeus vannamei,Whiteleg shrimp,"Shrimps, prawns",Pacific Eastern Central,1.43037069,1.697843022,1.798855889,1.881074366,1.980523542,0.142073625,1.776428201,26286.33284,1996,0.637206791,40619.02592,6302.487738,0.318603396,1238,Domestic
Penaeus_vannamei-Pacific_Eastern Central,Penaeus vannamei,Whiteleg shrimp,"Shrimps, prawns",Pacific Eastern Central,1.507763243,1.742775035,1.828351849,1.90202372,1.986056955,0.125366856,1.809092885,26286.33284,1997,0.637206791,40619.02592,6302.487738,0.318603396,1046,Domestic
Penaeus_vannamei-Pacific_Eastern Central,Penaeus vannamei,Whiteleg shrimp,"Shrimps, prawns",Pacific Eastern Central,1.550629196,1.750076226,1.828613323,1.898506912,1.984937918,0.113794117,1.814558638,26286.33284,1998,0.637206791,40619.02592,6302.487738,0.318603396,1277,Domestic
Penaeus_vannamei-Pacific_Eastern Central,Penaeus vannamei,Whiteleg shrimp,"Shrimps, prawns",Pacific Eastern Central,1.573989182,1.763012538,1.838966933,1.906339852,1.986372633,0.106829788,1.826191414,26286.33284,1999,0.637206791,40619.02592,6302.487738,0.318603396,1082,Domestic
Penaeus_vannamei-Pacific_Eastern Central,Penaeus vannamei,Whiteleg shrimp,"Shrimps, prawns",Pacific Eastern Central,1.627013205,1.794641721,1.864904155,1.925118415,1.991003096,0.097012213,1.851314022,26286.33284,2000,0.637206791,40619.02592,6302.487738,0.318603396,519,Domestic
Penaeus_vannamei-Pacific_Eastern Central,Penaeus vannamei,Whiteleg shrimp,"Shrimps, prawns",Pacific Eastern Central,1.65810742,1.813532632,1.880813105,1.93608484,1.992101834,0.089052322,1.867025409,26286.33284,2001,0.637206791,40619.02592,6302.487738,0.318603396,460,Domestic
Penaeus_vannamei-Pacific_Eastern Central,Penaeus vannamei,Whiteleg shrimp,"Shrimps, prawns",Pacific Eastern Central,1.642213677,1.788730431,1.853055968,1.913864794,1.987682159,0.090405796,1.84486904,26286.33284,2002,0.637206791,40619.02592,6302.487738,0.318603396,1299,Domestic
Penaeus_vannamei-Pacific_Eastern Central,Penaeus vannamei,Whiteleg shrimp,"Shrimps, prawns",Pacific Eastern Central,1.634744742,1.77357768,1.839921818,1.902089536,1.984145057,0.091976205,1.833305382,26286.33284,2003,0.637206791,40619.02592,6302.487738,0.318603396,1455,Domestic
Penaeus_vannamei-Pacific_Eastern Central,Penaeus vannamei,Whiteleg shrimp,"Shrimps, prawns",Pacific Eastern Central,1.640037952,1.783117593,1.849504939,1.91225003,1.98685788,0.092062714,1.841746475,26286.33284,2004,0.637206791,40619.02592,6302.487738,0.318603396,1136,Domestic
Penaeus_vannamei-Pacific_Eastern Central,Penaeus vannamei,Whiteleg shrimp,"Shrimps, prawns",Pacific Eastern Central,1.620730369,1.764936942,1.834882292,1.898619173,1.98306792,0.095167203,1.826970743,26286.33284,2005,0.637206791,40619.02592,6302.487738,0.318603396,1609,Domestic
Penaeus_vannamei-Pacific_Eastern Central,Penaeus vannamei,Whiteleg shrimp,"Shrimps, prawns",Pacific Eastern Central,1.622950483,1.767068056,1.837438012,1.902130753,1.983696924,0.095599703,1.829237104,26286.33284,2006,0.637206791,40619.02592,6302.487738,0.318603396,1377,Domestic
Penaeus_vannamei-Pacific_Eastern Central,Penaeus vannamei,Whiteleg shrimp,"Shrimps, prawns",Pacific Eastern Central,1.614819078,1.756102744,1.827031165,1.890894273,1.980404636,0.096178966,1.819692621,26286.33284,2007,0.637206791,40619.02592,6302.487738,0.318603396,1574,Domestic
Penaeus_vannamei-Pacific_Eastern Central,Penaeus vannamei,Whiteleg shrimp,"Shrimps, prawns",Pacific Eastern Central,1.634804464,1.779280017,1.846903576,1.91064778,1.987662814,0.092982611,1.839885299,26286.33284,2008,0.637206791,40619.02592,6302.487738,0.318603396,943,Domestic
Penaeus_vannamei-Pacific_Eastern Central,Penaeus vannamei,Whiteleg shrimp,"Shrimps, prawns",Pacific Eastern Central,1.673411895,1.804325213,1.870301202,1.926407228,1.990849906,0.085459178,1.859856423,26286.33284,2009,0.637206791,40619.02592,6302.487738,0.318603396,635,Domestic
Penaeus_vannamei-Pacific_Eastern Central,Penaeus vannamei,Whiteleg shrimp,"Shrimps, prawns",Pacific Eastern Central,1.689812253,1.821742093,1.882876174,1.935560732,1.991729799,0.08072081,1.87256935,26286.33284,2010,0.637206791,40619.02592,6302.487738,0.318603396,668,Domestic
Penaeus_vannamei-Pacific_Eastern Central,Penaeus vannamei,Whiteleg shrimp,"Shrimps, prawns",Pacific Eastern Central,1.621885367,1.737658146,1.802233713,1.865050919,1.970742479,0.090629662,1.800271807,26286.33284,2011,0.637206791,40619.02592,6302.487738,0.318603396,2816,Domestic
Penaeus_vannamei-Pacific_Eastern Central,Penaeus vannamei,Whiteleg shrimp,"Shrimps, prawns",Pacific Eastern Central,1.676083835,1.801668808,1.864771094,1.922389058,1.989477126,0.084189316,1.857118578,26286.33284,2012,0.637206791,40619.02592,6302.487738,0.318603396,962,Domestic
Penaeus_vannamei-Pacific_Eastern Central,Penaeus vannamei,Whiteleg shrimp,"Shrimps, prawns",Pacific Eastern Central,1.367012688,1.476990072,1.535360135,1.59717447,1.718689974,0.089623148,1.538005916,26286.33284,2013,0.637206791,40619.02592,6302.487738,0.318603396,8392,Domestic
Penaeus_vannamei-Pacific_Eastern Central,Penaeus vannamei,Whiteleg shrimp,"Shrimps, prawns",Pacific Eastern Central,1.074144102,1.168885921,1.228481691,1.291360679,1.436983965,0.092007323,1.23429685,26286.33284,2014,0.637206791,40619.02592,6302.487738,0.318603396,10924,Domestic
Penaeus_vannamei-Pacific_Eastern Central,Penaeus vannamei,Whiteleg shrimp,"Shrimps, prawns",Pacific Eastern Central,0.939896532,1.012829277,1.071164266,1.155896469,1.368790462,0.111684101,1.095260273,26286.33284,2015,0.637206791,40619.02592,6302.487738,0.318603396,8999,Domestic
Penaeus_vannamei-Pacific_Eastern Central,Penaeus vannamei,Whiteleg shrimp,"Shrimps, prawns",Pacific Eastern Central,0.605885399,0.662568693,0.742760553,0.870186534,1.157045736,0.152361242,0.784061592,26286.33284,2016,0.637206791,40619.02592,6302.487738,0.318603396,12542,Domestic
Penaeus_vannamei-Pacific_Southeast,Penaeus vannamei,Whiteleg shrimp,"Shrimps, prawns",Pacific Southeast,1.041364895,1.245683868,1.423267214,1.608714641,1.896408616,0.237502594,1.436702663,52676.50722,1950,0.361613747,80667.24558,6969.869823,0.180806873,800,Domestic
Penaeus_vannamei-Pacific_Southeast,Penaeus vannamei,Whiteleg shrimp,"Shrimps, prawns",Pacific Southeast,1.148520294,1.38313783,1.534219149,1.703109878,1.947575531,0.215648904,1.54195399,52676.50722,1951,0.361613747,80667.24558,6969.869823,0.180806873,900,Domestic
Penaeus_vannamei-Pacific_Southeast,Penaeus vannamei,Whiteleg shrimp,"Shrimps, prawns",Pacific Southeast,1.237879939,1.485828675,1.632569293,1.762810438,1.942863259,0.188201548,1.62102764,52676.50722,1952,0.361613747,80667.24558,6969.869823,0.180806873,900,Domestic
Penaeus_vannamei-Pacific_Southeast,Penaeus vannamei,Whiteleg shrimp,"Shrimps, prawns",Pacific Southeast,1.322642686,1.580202639,1.694961863,1.808298306,1.966332314,0.168266327,1.68190099,52676.50722,1953,0.361613747,80667.24558,6969.869823,0.180806873,1000,Domestic
Penaeus_vannamei-Pacific_Southeast,Penaeus vannamei,Whiteleg shrimp,"Shrimps, prawns",Pacific Southeast,1.385620943,1.614152711,1.737654418,1.829520171,1.953022821,0.151865934,1.715084705,52676.50722,1954,0.361613747,80667.24558,6969.869823,0.180806873,1400,Domestic
Penaeus_vannamei-Pacific_Southeast,Penaeus vannamei,Whiteleg shrimp,"Shrimps, prawns",Pacific Southeast,1.419979169,1.644179754,1.748664851,1.839572762,1.965841894,0.137594446,1.736486068,52676.50722,1955,0.361613747,80667.24558,6969.869823,0.180806873,1700,Domestic
Penaeus_vannamei-Pacific_Southeast,Penaeus vannamei,Whiteleg shrimp,"Shrimps, prawns",Pacific Southeast,1.469695301,1.657460049,1.748033058,1.833112331,1.959746094,0.127854173,1.73851479,52676.50722,1956,0.361613747,80667.24558,6969.869823,0.180806873,2300,Domestic
Penaeus_vannamei-Pacific_Southeast,Penaeus vannamei,Whiteleg shrimp,"Shrimps, prawns",Pacific Southeast,1.487006019,1.672744168,1.766417297,1.848037434,1.971292583,0.123571572,1.756556218,52676.50722,1957,0.361613747,80667.24558,6969.869823,0.180806873,2100,Domestic
Penaeus_vannamei-Pacific_Southeast,Penaeus vannamei,Whiteleg shrimp,"Shrimps, prawns",Pacific Southeast,1.510804479,1.67310725,1.757233455,1.834048115,1.963399696,0.117212123,1.749635501,52676.50722,1958,0.361613747,80667.24558,6969.869823,0.180806873,2700,Domestic
Penaeus_vannamei-Pacific_Southeast,Penaeus vannamei,Whiteleg shrimp,"Shrimps, prawns",Pacific Southeast,1.503156563,1.67573632,1.757253911,1.82572931,1.955575189,0.113997184,1.748887152,52676.50722,1959,0.361613747,80667.24558,6969.869823,0.180806873,2800,Domestic
Penaeus_vannamei-Pacific_Southeast,Penaeus vannamei,Whiteleg shrimp,"Shrimps, prawns",Pacific Southeast,1.506717055,1.668911005,1.763529685,1.842949579,1.968686778,0.120874663,1.754731889,52676.50722,1960,0.361613747,80667.24558,6969.869823,0.180806873,2800,Domestic
Penaeus_vannamei-Pacific_Southeast,Penaeus vannamei,Whiteleg shrimp,"Shrimps, prawns",Pacific Southeast,1.479768086,1.636854326,1.717885074,1.796768639,1.943010715,0.119275305,1.714740452,52676.50722,1961,0.361613747,80667.24558,6969.869823,0.180806873,4600,Domestic
Penaeus_vannamei-Pacific_Southeast,Penaeus vannamei,Whiteleg shrimp,"Shrimps, prawns",Pacific Southeast,1.422291976,1.596467161,1.686272629,1.766848721,1.928364747,0.126369666,1.684151343,52676.50722,1962,0.361613747,80667.24558,6969.869823,0.180806873,4700,Domestic
Penaeus_vannamei-Pacific_Southeast,Penaeus vannamei,Whiteleg shrimp,"Shrimps, prawns",Pacific Southeast,1.394254308,1.573076237,1.648017187,1.730590726,1.889767483,0.123050226,1.648738297,52676.50722,1963,0.361613747,80667.24558,6969.869823,0.180806873,5000,Domestic
Penaeus_vannamei-Pacific_Southeast,Penaeus vannamei,Whiteleg shrimp,"Shrimps, prawns",Pacific Southeast,1.391026389,1.540878196,1.624626533,1.708753569,1.871541025,0.123092992,1.626597235,52676.50722,1964,0.361613747,80667.24558,6969.869823,0.180806873,5000,Domestic
Penaeus_vannamei-Pacific_Southeast,Penaeus vannamei,Whiteleg shrimp,"Shrimps, prawns",Pacific Southeast,1.350353443,1.50133679,1.587173975,1.668242887,1.842951908,0.124202872,1.587049339,52676.50722,1965,0.361613747,80667.24558,6969.869823,0.180806873,5700,Domestic
Penaeus_vannamei-Pacific_Southeast,Penaeus vannamei,Whiteleg shrimp,"Shrimps, prawns",Pacific Southeast,1.325855346,1.479783635,1.565074742,1.653154818,1.815940117,0.125357493,1.566567572,52676.50722,1966,0.361613747,80667.24558,6969.869823,0.180806873,5300,Domestic
Penaeus_vannamei-Pacific_Southeast,Penaeus vannamei,Whiteleg shrimp,"Shrimps, prawns",Pacific Southeast,1.309274432,1.450336464,1.538567584,1.6227525,1.779571381,0.125285336,1.539121055,52676.50722,1967,0.361613747,80667.24558,6969.869823,0.180806873,6000,Domestic
Penaeus_vannamei-Pacific_Southeast,Penaeus vannamei,Whiteleg shrimp,"Shrimps, prawns",Pacific Southeast,1.257540162,1.408407027,1.502053997,1.58024181,1.750204991,0.125552047,1.498051415,52676.50722,1968,0.361613747,80667.24558,6969.869823,0.180806873,6600,Domestic
Penaeus_vannamei-Pacific_Southeast,Penaeus vannamei,Whiteleg shrimp,"Shrimps, prawns",Pacific Southeast,1.146511416,1.312139511,1.39713429,1.48358123,1.638857101,0.123963373,1.397029257,52676.50722,1969,0.361613747,80667.24558,6969.869823,0.180806873,9190,Domestic
Penaeus_vannamei-Pacific_Southeast,Penaeus vannamei,Whiteleg shrimp,"Shrimps, prawns",Pacific Southeast,1.155536065,1.302736197,1.387986819,1.474092731,1.657343924,0.124744131,1.392542809,52676.50722,1970,0.361613747,80667.24558,6969.869823,0.180806873,6150,Domestic
Penaeus_vannamei-Pacific_Southeast,Penaeus vannamei,Whiteleg shrimp,"Shrimps, prawns",Pacific Southeast,1.153445186,1.299966777,1.390973349,1.482293701,1.665688567,0.134117961,1.394642776,52676.50722,1971,0.361613747,80667.24558,6969.869823,0.180806873,5850,Domestic
Penaeus_vannamei-Pacific_Southeast,Penaeus vannamei,Whiteleg shrimp,"Shrimps, prawns",Pacific Southeast,1.145322446,1.271014419,1.375839475,1.474383101,1.641981286,0.132803216,1.375375517,52676.50722,1972,0.361613747,80667.24558,6969.869823,0.180806873,6600,Domestic
Penaeus_vannamei-Pacific_Southeast,Penaeus vannamei,Whiteleg shrimp,"Shrimps, prawns",Pacific Southeast,1.097561514,1.252232404,1.337994569,1.437573802,1.615008523,0.133446076,1.347804173,52676.50722,1973,0.361613747,80667.24558,6969.869823,0.180806873,7295,Domestic
Penaeus_vannamei-Pacific_Southeast,Penaeus vannamei,Whiteleg shrimp,"Shrimps, prawns",Pacific Southeast,1.097461022,1.27615682,1.363317501,1.452884525,1.641361708,0.135841993,1.365256202,52676.50722,1974,0.361613747,80667.24558,6969.869823,0.180806873,5490,Domestic
Penaeus_vannamei-Pacific_Southeast,Penaeus vannamei,Whiteleg shrimp,"Shrimps, prawns",Pacific Southeast,1.103568197,1.275223898,1.366394187,1.464641463,1.649613824,0.135689406,1.369652917,52676.50722,1975,0.361613747,80667.24558,6969.869823,0.180806873,5950,Domestic
Penaeus_vannamei-Pacific_Southeast,Penaeus vannamei,Whiteleg shrimp,"Shrimps, prawns",Pacific Southeast,1.105251459,1.26085703,1.350213733,1.45076154,1.602232882,0.133044422,1.353342574,52676.50722,1976,0.361613747,80667.24558,6969.869823,0.180806873,6900,Domestic
Penaeus_vannamei-Pacific_Southeast,Penaeus vannamei,Whiteleg shrimp,"Shrimps, prawns",Pacific Southeast,1.125349568,1.291257729,1.383318376,1.470509121,1.642604381,0.13370583,1.383796071,52676.50722,1977,0.361613747,80667.24558,6969.869823,0.180806873,5194,Domestic
Penaeus_vannamei-Pacific_Southeast,Penaeus vannamei,Whiteleg shrimp,"Shrimps, prawns",Pacific Southeast,1.132320264,1.283566631,1.3766867,1.466741603,1.645813069,0.133347224,1.378843838,52676.50722,1978,0.361613747,80667.24558,6969.869823,0.180806873,6119,Domestic
Penaeus_vannamei-Pacific_Southeast,Penaeus vannamei,Whiteleg shrimp,"Shrimps, prawns",Pacific Southeast,1.099074152,1.24429668,1.330843798,1.426883054,1.573258284,0.125592351,1.336413674,52676.50722,1979,0.361613747,80667.24558,6969.869823,0.180806873,7787,Domestic
Penaeus_vannamei-Pacific_Southeast,Penaeus vannamei,Whiteleg shrimp,"Shrimps, prawns",Pacific Southeast,1.064368717,1.204669584,1.29149431,1.383697499,1.545769854,0.124144849,1.29758055,52676.50722,1980,0.361613747,80667.24558,6969.869823,0.180806873,7800,Domestic
Penaeus_vannamei-Pacific_Southeast,Penaeus vannamei,Whiteleg shrimp,"Shrimps, prawns",Pacific Southeast,1.036614669,1.179839675,1.256544519,1.336595555,1.523806954,0.121390762,1.262772488,52676.50722,1981,0.361613747,80667.24558,6969.869823,0.180806873,8000,Domestic
Penaeus_vannamei-Pacific_Southeast,Penaeus vannamei,Whiteleg shrimp,"Shrimps, prawns",Pacific Southeast,1.012800353,1.148951849,1.218089158,1.300294321,1.468419517,0.116439662,1.227023986,52676.50722,1982,0.361613747,80667.24558,6969.869823,0.180806873,8000,Domestic
Penaeus_vannamei-Pacific_Southeast,Penaeus vannamei,Whiteleg shrimp,"Shrimps, prawns",Pacific Southeast,0.963121731,1.09170399,1.170015543,1.24538612,1.414426104,0.115033465,1.172011066,52676.50722,1983,0.361613747,80667.24558,6969.869823,0.180806873,8900,Domestic
Penaeus_vannamei-Pacific_Southeast,Penaeus vannamei,Whiteleg shrimp,"Shrimps, prawns",Pacific Southeast,0.968786479,1.106606651,1.183753199,1.267104514,1.431269939,0.117913089,1.18754488,52676.50722,1984,0.361613747,80667.24558,6969.869823,0.180806873,6300,Domestic
Penaeus_vannamei-Pacific_Southeast,Penaeus vannamei,Whiteleg shrimp,"Shrimps, prawns",Pacific Southeast,0.988867691,1.122045686,1.198580389,1.284522899,1.465707231,0.121598742,1.208329029,52676.50722,1985,0.361613747,80667.24558,6969.869823,0.180806873,6023,Domestic
Penaeus_vannamei-Pacific_Southeast,Penaeus vannamei,Whiteleg shrimp,"Shrimps, prawns",Pacific Southeast,0.953423832,1.057798963,1.128055894,1.214807924,1.378153284,0.114156075,1.142191528,52676.50722,1986,0.361613747,80667.24558,6969.869823,0.180806873,9346,Domestic
Penaeus_vannamei-Pacific_Southeast,Penaeus vannamei,Whiteleg shrimp,"Shrimps, prawns",Pacific Southeast,0.889736137,0.995638336,1.068000332,1.145224263,1.296444104,0.105275294,1.073666664,52676.50722,1987,0.361613747,80667.24558,6969.869823,0.180806873,9580,Domestic
Penaeus_vannamei-Pacific_Southeast,Penaeus vannamei,Whiteleg shrimp,"Shrimps, prawns",Pacific Southeast,0.867543827,0.969927087,1.03596586,1.1081499,1.265868171,0.102700387,1.043353895,52676.50722,1988,0.361613747,80667.24558,6969.869823,0.180806873,8100,Domestic
Penaeus_vannamei-Pacific_Southeast,Penaeus vannamei,Whiteleg shrimp,"Shrimps, prawns",Pacific Southeast,0.856957454,0.952718513,1.012645806,1.091554087,1.239970792,0.100271637,1.024830366,52676.50722,1989,0.361613747,80667.24558,6969.869823,0.180806873,7640,Domestic
Penaeus_vannamei-Pacific_Southeast,Penaeus vannamei,Whiteleg shrimp,"Shrimps, prawns",Pacific Southeast,0.831818669,0.920274607,0.980483254,1.04403973,1.199882896,0.095897302,0.989675755,52676.50722,1990,0.361613747,80667.24558,6969.869823,0.180806873,8303,Domestic
Penaeus_vannamei-Pacific_Southeast,Penaeus vannamei,Whiteleg shrimp,"Shrimps, prawns",Pacific Southeast,0.702696898,0.767598755,0.813907831,0.863041166,0.972097179,0.069772937,0.818458907,52676.50722,1991,0.361613747,80667.24558,6969.869823,0.180806873,13587,Domestic
Penaeus_vannamei-Pacific_Southeast,Penaeus vannamei,Whiteleg shrimp,"Shrimps, prawns",Pacific Southeast,0.548266157,0.59570667,0.632014778,0.668434547,0.740759202,0.04961593,0.633868346,52676.50722,1992,0.361613747,80667.24558,6969.869823,0.180806873,13900,Domestic
Penaeus_vannamei-Pacific_Southeast,Penaeus vannamei,Whiteleg shrimp,"Shrimps, prawns",Pacific Southeast,0.37099579,0.406864741,0.427331006,0.450384194,0.490757984,0.031276126,0.429092906,52676.50722,1993,0.361613747,80667.24558,6969.869823,0.180806873,14048,Domestic
Penaeus_vannamei-Pacific_Southeast,Penaeus vannamei,Whiteleg shrimp,"Shrimps, prawns",Pacific Southeast,0.251300948,0.278759091,0.29156305,0.308036145,0.360916137,0.025904873,0.294625665,52676.50722,1994,0.361613747,80667.24558,6969.869823,0.180806873,10000,Domestic
Penaeus_vannamei-Pacific_Southeast,Penaeus vannamei,Whiteleg shrimp,"Shrimps, prawns",Pacific Southeast,0.190700687,0.213121403,0.227153359,0.242360417,0.298259754,0.026346999,0.230782963,52676.50722,1995,0.361613747,80667.24558,6969.869823,0.180806873,6000,Domestic
Penaeus_vannamei-Pacific_Southeast,Penaeus vannamei,Whiteleg shrimp,"Shrimps, prawns",Pacific Southeast,0.147163434,0.168160656,0.181308315,0.203659927,0.266040736,0.029798347,0.188461196,52676.50722,1996,0.361613747,80667.24558,6969.869823,0.180806873,4497,Domestic
Penaeus_vannamei-Pacific_Southeast,Penaeus vannamei,Whiteleg shrimp,"Shrimps, prawns",Pacific Southeast,0.100509926,0.118577485,0.137001282,0.164961702,0.241998932,0.036608572,0.146068318,52676.50722,1997,0.361613747,80667.24558,6969.869823,0.180806873,4000,Domestic
Penaeus_vannamei-Pacific_Southeast,Penaeus vannamei,Whiteleg shrimp,"Shrimps, prawns",Pacific Southeast,0.060291231,0.080162823,0.104467595,0.139937647,0.230205098,0.045715438,0.115988728,52676.50722,1998,0.361613747,80667.24558,6969.869823,0.180806873,3000,Domestic
Penaeus_vannamei-Pacific_Southeast,Penaeus vannamei,Whiteleg shrimp,"Shrimps, prawns",Pacific Southeast,0.053875359,0.081093599,0.112598467,0.156993527,0.259620573,0.055361097,0.124584408,52676.50722,1999,0.361613747,80667.24558,6969.869823,0.180806873,1100,Domestic
Penaeus_vannamei-Pacific_Southeast,Penaeus vannamei,Whiteleg shrimp,"Shrimps, prawns",Pacific Southeast,0.041824949,0.080014966,0.120422662,0.174001353,0.294885542,0.068343663,0.134091174,52676.50722,2004,0.361613747,80667.24558,6969.869823,0.180806873,1171,Domestic
Penaeus_vannamei-Pacific_Southeast,Penaeus vannamei,Whiteleg shrimp,"Shrimps, prawns",Pacific Southeast,0.031883111,0.083526411,0.137585155,0.203511687,0.337110152,0.083442447,0.150303879,52676.50722,2005,0.361613747,80667.24558,6969.869823,0.180806873,982,Domestic
Penaeus_vannamei-Pacific_Southeast,Penaeus vannamei,Whiteleg shrimp,"Shrimps, prawns",Pacific Southeast,0.020219538,0.090930756,0.161595146,0.244668161,0.393718723,0.101614801,0.1731437,52676.50722,2006,0.361613747,80667.24558,6969.869823,0.180806873,880,Domestic
Penaeus_vannamei-Pacific_Southeast,Penaeus vannamei,Whiteleg shrimp,"Shrimps, prawns",Pacific Southeast,0.027031109,0.12513976,0.216853017,0.314948299,0.476911632,0.123167617,0.22376219,52676.50722,2007,0.361613747,80667.24558,6969.869823,0.180806873,21,Domestic
Penaeus_vannamei-Pacific_Southeast,Penaeus vannamei,Whiteleg shrimp,"Shrimps, prawns",Pacific Southeast,0.040473643,0.168327887,0.285623487,0.40558535,0.573408868,0.149563974,0.288485341,52676.50722,2008,0.361613747,80667.24558,6969.869823,0.180806873,32,Domestic
Penaeus_vannamei-Pacific_Southeast,Penaeus vannamei,Whiteleg shrimp,"Shrimps, prawns",Pacific Southeast,0.045960998,0.215756149,0.371610951,0.509177594,0.668391804,0.179563235,0.36251093,52676.50722,2011,0.361613747,80667.24558,6969.869823,0.180806873,256,Domestic
Penaeus_vannamei-Pacific_Southeast,Penaeus vannamei,Whiteleg shrimp,"Shrimps, prawns",Pacific Southeast,0.060552126,0.27552442,0.475329914,0.640371352,0.784712852,0.21697147,0.454428057,52676.50722,2012,0.361613747,80667.24558,6969.869823,0.180806873,256,Domestic
Perna_viridis-Indian Ocean_Eastern,Perna viridis,Green mussel,Mussels,Indian Ocean Eastern,1.07246846,1.279826609,1.442669514,1.628609349,1.90520285,0.226759263,1.458779786,9780.732325,1984,0.493857166,15466.76911,1886.078013,0.246928583,31,CBA
Perna_viridis-Indian Ocean_Eastern,Perna viridis,Green mussel,Mussels,Indian Ocean Eastern,1.233637958,1.476881076,1.632108118,1.769713362,1.951438501,0.194063668,1.618472664,9780.732325,1985,0.493857166,15466.76911,1886.078013,0.246928583,21,CBA
Perna_viridis-Indian Ocean_Eastern,Perna viridis,Green mussel,Mussels,Indian Ocean Eastern,1.368421282,1.618033786,1.746467362,1.851018842,1.97872585,0.163114974,1.726037485,9780.732325,1986,0.493857166,15466.76911,1886.078013,0.246928583,8,CBA
Perna_viridis-Indian Ocean_Eastern,Perna viridis,Green mussel,Mussels,Indian Ocean Eastern,1.467653959,1.709201402,1.810185576,1.896741462,1.98464887,0.137881809,1.788582359,9780.732325,1987,0.493857166,15466.76911,1886.078013,0.246928583,24,CBA
Perna_viridis-Indian Ocean_Eastern,Perna viridis,Green mussel,Mussels,Indian Ocean Eastern,1.550919765,1.757290054,1.841670616,1.909777391,1.986320862,0.114280348,1.823615689,9780.732325,1988,0.493857166,15466.76911,1886.078013,0.246928583,15,CBA
Perna_viridis-Indian Ocean_Eastern,Perna viridis,Green mussel,Mussels,Indian Ocean Eastern,1.613969086,1.782786382,1.857519095,1.92165544,1.991593036,0.100225782,1.844554024,9780.732325,1989,0.493857166,15466.76911,1886.078013,0.246928583,10,CBA
Perna_viridis-Indian Ocean_Eastern,Perna viridis,Green mussel,Mussels,Indian Ocean Eastern,1.658923885,1.796665414,1.865997767,1.924566031,1.99165895,0.090815409,1.855047018,9780.732325,1990,0.493857166,15466.76911,1886.078013,0.246928583,12,CBA
Perna_viridis-Indian Ocean_Eastern,Perna viridis,Green mussel,Mussels,Indian Ocean Eastern,1.670842424,1.808604232,1.8748277,1.927012564,1.989194912,0.086182064,1.862558998,9780.732325,2004,0.493857166,15466.76911,1886.078013,0.246928583,4,CBA
Perna_viridis-Indian Ocean_Eastern,Perna viridis,Green mussel,Mussels,Indian Ocean Eastern,1.679949229,1.817854376,1.88111525,1.93522195,1.992159541,0.0831485,1.870186686,9780.732325,2005,0.493857166,15466.76911,1886.078013,0.246928583,4,CBA
Perna_viridis-Indian Ocean_Eastern,Perna viridis,Green mussel,Mussels,Indian Ocean Eastern,1.661925079,1.788250903,1.851411953,1.909424457,1.984710579,0.086496042,1.844291074,9780.732325,2006,0.493857166,15466.76911,1886.078013,0.246928583,313,CBA
Perna_viridis-Indian Ocean_Eastern,Perna viridis,Green mussel,Mussels,Indian Ocean Eastern,1.677858926,1.805116956,1.86690843,1.926422721,1.990138795,0.08447631,1.85999247,9780.732325,2007,0.493857166,15466.76911,1886.078013,0.246928583,9,CBA
Perna_viridis-Indian Ocean_Eastern,Perna viridis,Green mussel,Mussels,Indian Ocean Eastern,1.699760112,1.819779567,1.88095683,1.93355382,1.992980813,0.079547922,1.872782803,9780.732325,2008,0.493857166,15466.76911,1886.078013,0.246928583,7,CBA
Perna_viridis-Indian Ocean_Eastern,Perna viridis,Green mussel,Mussels,Indian Ocean Eastern,1.706028763,1.831763931,1.89201128,1.941864744,1.99458835,0.076851116,1.88106419,9780.732325,2009,0.493857166,15466.76911,1886.078013,0.246928583,4,CBA
Perna_viridis-Indian Ocean_Eastern,Perna viridis,Green mussel,Mussels,Indian Ocean Eastern,1.751918884,1.860317177,1.913653019,1.958101413,1.995528593,0.067534763,1.90301393,9780.732325,2010,0.493857166,15466.76911,1886.078013,0.246928583,20,CBA
Perna_viridis-Indian Ocean_Eastern,Perna viridis,Green mussel,Mussels,Indian Ocean Eastern,1.492790294,1.599184842,1.65807463,1.719223119,1.846038764,0.087934293,1.660632078,9780.732325,2011,0.493857166,15466.76911,1886.078013,0.246928583,2438,CBA
Perna_viridis-Indian Ocean_Eastern,Perna viridis,Green mussel,Mussels,Indian Ocean Eastern,1.301349088,1.392616032,1.44936041,1.502929806,1.619906128,0.080997986,1.45099347,9780.732325,2012,0.493857166,15466.76911,1886.078013,0.246928583,2904,CBA
Perna_viridis-Indian Ocean_Eastern,Perna viridis,Green mussel,Mussels,Indian Ocean Eastern,0.5154157,0.582638534,0.627755851,0.67736173,0.780466681,0.068819704,0.633206672,9780.732325,2013,0.493857166,15466.76911,1886.078013,0.246928583,7854,CBA
Perna_viridis-Indian Ocean_Eastern,Perna viridis,Green mussel,Mussels,Indian Ocean Eastern,0.340443461,0.395596067,0.448160239,0.518767613,0.677044109,0.089524382,0.465045744,9780.732325,2014,0.493857166,15466.76911,1886.078013,0.246928583,2932,CBA
Perna_viridis-Indian Ocean_Eastern,Perna viridis,Green mussel,Mussels,Indian Ocean Eastern,0.179794316,0.235860219,0.312642914,0.42546372,0.65552338,0.132635448,0.343149199,9780.732325,2015,0.493857166,15466.76911,1886.078013,0.246928583,2294,CBA
Perna_viridis-Indian Ocean_Eastern,Perna viridis,Green mussel,Mussels,Indian Ocean Eastern,0.027360378,0.101027687,0.216188255,0.382855063,0.722371855,0.19356718,0.261338606,9780.732325,2016,0.493857166,15466.76911,1886.078013,0.246928583,1714,CBA
Perna_viridis-Pacific_Western Central,Perna viridis,Green mussel,Mussels,Pacific Western Central,NA,NA,NA,NA,NA,NA,NA,NA,NA,NA,NA,NA,NA,NA,CBA
Platichthys_flesus-Atlantic_Northeast,Platichthys flesus,European flounder,"Flounders, halibuts, soles",Atlantic Northeast,0.373236381,0.460214048,0.539802016,0.726059161,1.363436767,0.261692387,0.637907931,34083.90784,1950,0.751377661,128351.0493,21877.11334,0.37568883,9700,CBA
Platichthys_flesus-Atlantic_Northeast,Platichthys flesus,European flounder,"Flounders, halibuts, soles",Atlantic Northeast,0.397135695,0.548336913,0.685634205,0.931382867,1.595946206,0.319502735,0.782176702,34083.90784,1951,0.751377661,128351.0493,21877.11334,0.37568883,9300,CBA
Platichthys_flesus-Atlantic_Northeast,Platichthys flesus,European flounder,"Flounders, halibuts, soles",Atlantic Northeast,0.438723983,0.680218176,0.899405993,1.202661347,1.769517704,0.366544656,0.968442273,34083.90784,1952,0.751377661,128351.0493,21877.11334,0.37568883,8000,CBA
Platichthys_flesus-Atlantic_Northeast,Platichthys flesus,European flounder,"Flounders, halibuts, soles",Atlantic Northeast,0.484139662,0.831797728,1.140931977,1.466580459,1.847849015,0.391747956,1.151918722,34083.90784,1953,0.751377661,128351.0493,21877.11334,0.37568883,8300,CBA
Platichthys_flesus-Atlantic_Northeast,Platichthys flesus,European flounder,"Flounders, halibuts, soles",Atlantic Northeast,0.544832884,1.011458733,1.384914086,1.664160823,1.903536774,0.3961041,1.324025149,34083.90784,1954,0.751377661,128351.0493,21877.11334,0.37568883,7500,CBA
Platichthys_flesus-Atlantic_Northeast,Platichthys flesus,European flounder,"Flounders, halibuts, soles",Atlantic Northeast,0.59918594,1.173924956,1.546003945,1.731809023,1.912778374,0.374308952,1.432464199,34083.90784,1955,0.751377661,128351.0493,21877.11334,0.37568883,8800,CBA
Platichthys_flesus-Atlantic_Northeast,Platichthys flesus,European flounder,"Flounders, halibuts, soles",Atlantic Northeast,0.661032611,1.325521807,1.634942142,1.76498879,1.923924448,0.345213955,1.512718508,34083.90784,1956,0.751377661,128351.0493,21877.11334,0.37568883,8700,CBA
Platichthys_flesus-Atlantic_Northeast,Platichthys flesus,European flounder,"Flounders, halibuts, soles",Atlantic Northeast,0.723494393,1.443825401,1.672837631,1.780187323,1.93270325,0.314974191,1.566255864,34083.90784,1957,0.751377661,128351.0493,21877.11334,0.37568883,9000,CBA
Platichthys_flesus-Atlantic_Northeast,Platichthys flesus,European flounder,"Flounders, halibuts, soles",Atlantic Northeast,0.795595502,1.521586402,1.692739318,1.785848516,1.930296514,0.285772564,1.603136537,34083.90784,1958,0.751377661,128351.0493,21877.11334,0.37568883,9200,CBA
Platichthys_flesus-Atlantic_Northeast,Platichthys flesus,European flounder,"Flounders, halibuts, soles",Atlantic Northeast,0.876093731,1.580369367,1.715514472,1.803115216,1.940140459,0.261330475,1.641873429,34083.90784,1959,0.751377661,128351.0493,21877.11334,0.37568883,8600,CBA
Platichthys_flesus-Atlantic_Northeast,Platichthys flesus,European flounder,"Flounders, halibuts, soles",Atlantic Northeast,0.96342742,1.627899824,1.739731322,1.823300022,1.953243183,0.23848348,1.679557986,34083.90784,1960,0.751377661,128351.0493,21877.11334,0.37568883,7900,CBA
Platichthys_flesus-Atlantic_Northeast,Platichthys flesus,European flounder,"Flounders, halibuts, soles",Atlantic Northeast,1.057319159,1.655925336,1.756575635,1.835310937,1.95728429,0.217038584,1.706304897,34083.90784,1961,0.751377661,128351.0493,21877.11334,0.37568883,7800,CBA
Platichthys_flesus-Atlantic_Northeast,Platichthys flesus,European flounder,"Flounders, halibuts, soles",Atlantic Northeast,1.145095774,1.669546523,1.760456795,1.837584767,1.958740154,0.19714019,1.72093196,34083.90784,1962,0.751377661,128351.0493,21877.11334,0.37568883,8000,CBA
Platichthys_flesus-Atlantic_Northeast,Platichthys flesus,European flounder,"Flounders, halibuts, soles",Atlantic Northeast,1.213628505,1.665630806,1.751016061,1.82679788,1.949677381,0.179196179,1.720417511,34083.90784,1963,0.751377661,128351.0493,21877.11334,0.37568883,8800,CBA
Platichthys_flesus-Atlantic_Northeast,Platichthys flesus,European flounder,"Flounders, halibuts, soles",Atlantic Northeast,1.250281498,1.623677987,1.706078598,1.779962526,1.917695033,0.164403209,1.683493045,34083.90784,1964,0.751377661,128351.0493,21877.11334,0.37568883,11300,CBA
Platichthys_flesus-Atlantic_Northeast,Platichthys flesus,European flounder,"Flounders, halibuts, soles",Atlantic Northeast,1.307562417,1.646233431,1.72882458,1.803570422,1.9371302,0.159058505,1.707773034,34083.90784,1965,0.751377661,128351.0493,21877.11334,0.37568883,9200,CBA
Platichthys_flesus-Atlantic_Northeast,Platichthys flesus,European flounder,"Flounders, halibuts, soles",Atlantic Northeast,1.349423827,1.650792521,1.73089089,1.804403579,1.936023202,0.150726506,1.71326438,34083.90784,1966,0.751377661,128351.0493,21877.11334,0.37568883,9400,CBA
Platichthys_flesus-Atlantic_Northeast,Platichthys flesus,European flounder,"Flounders, halibuts, soles",Atlantic Northeast,1.391694765,1.66620674,1.745968956,1.818564375,1.945069464,0.144964996,1.728797425,34083.90784,1967,0.751377661,128351.0493,21877.11334,0.37568883,8700,CBA
Platichthys_flesus-Atlantic_Northeast,Platichthys flesus,European flounder,"Flounders, halibuts, soles",Atlantic Northeast,1.428769415,1.680471447,1.758559775,1.831582644,1.954372786,0.138726628,1.744077341,34083.90784,1968,0.751377661,128351.0493,21877.11334,0.37568883,8200,CBA
Platichthys_flesus-Atlantic_Northeast,Platichthys flesus,European flounder,"Flounders, halibuts, soles",Atlantic Northeast,1.459533529,1.689495213,1.76703271,1.838786742,1.957304222,0.132356233,1.753859902,34083.90784,1969,0.751377661,128351.0493,21877.11334,0.37568883,8100,CBA
Platichthys_flesus-Atlantic_Northeast,Platichthys flesus,European flounder,"Flounders, halibuts, soles",Atlantic Northeast,1.493975931,1.707656211,1.782907634,1.853519793,1.966710466,0.12657772,1.770585993,34083.90784,1970,0.751377661,128351.0493,21877.11334,0.37568883,7400,CBA
Platichthys_flesus-Atlantic_Northeast,Platichthys flesus,European flounder,"Flounders, halibuts, soles",Atlantic Northeast,1.500277708,1.693599154,1.766946487,1.83785721,1.957581458,0.121225562,1.758108065,34083.90784,1971,0.751377661,128351.0493,21877.11334,0.37568883,8700,CBA
Platichthys_flesus-Atlantic_Northeast,Platichthys flesus,European flounder,"Flounders, halibuts, soles",Atlantic Northeast,1.461410012,1.631883122,1.704038014,1.776578174,1.91189395,0.118520382,1.699982314,34083.90784,1972,0.751377661,128351.0493,21877.11334,0.37568883,12100,CBA
Platichthys_flesus-Atlantic_Northeast,Platichthys flesus,European flounder,"Flounders, halibuts, soles",Atlantic Northeast,1.436651133,1.603041371,1.677678733,1.752844533,1.8880025,0.118810435,1.674140678,34083.90784,1973,0.751377661,128351.0493,21877.11334,0.37568883,12300,CBA
Platichthys_flesus-Atlantic_Northeast,Platichthys flesus,European flounder,"Flounders, halibuts, soles",Atlantic Northeast,1.395742612,1.556389048,1.632508747,1.710524493,1.857447251,0.120721062,1.630960119,34083.90784,1974,0.751377661,128351.0493,21877.11334,0.37568883,14097,CBA
Platichthys_flesus-Atlantic_Northeast,Platichthys flesus,European flounder,"Flounders, halibuts, soles",Atlantic Northeast,1.379836021,1.550528869,1.630623238,1.709135242,1.857617577,0.123848094,1.627300142,34083.90784,1975,0.751377661,128351.0493,21877.11334,0.37568883,13094,CBA
Platichthys_flesus-Atlantic_Northeast,Platichthys flesus,European flounder,"Flounders, halibuts, soles",Atlantic Northeast,1.383724913,1.565244456,1.647514994,1.725924368,1.871025632,0.125817202,1.641903095,34083.90784,1976,0.751377661,128351.0493,21877.11334,0.37568883,11973,CBA
Platichthys_flesus-Atlantic_Northeast,Platichthys flesus,European flounder,"Flounders, halibuts, soles",Atlantic Northeast,1.369304939,1.552951859,1.635537143,1.714600936,1.864661446,0.126800307,1.630282931,34083.90784,1977,0.751377661,128351.0493,21877.11334,0.37568883,12982,CBA
Platichthys_flesus-Atlantic_Northeast,Platichthys flesus,European flounder,"Flounders, halibuts, soles",Atlantic Northeast,1.372031368,1.565739889,1.648753176,1.728635799,1.874961558,0.128268962,1.642861064,34083.90784,1978,0.751377661,128351.0493,21877.11334,0.37568883,11923,CBA
Platichthys_flesus-Atlantic_Northeast,Platichthys flesus,European flounder,"Flounders, halibuts, soles",Atlantic Northeast,1.374570251,1.566875825,1.649929857,1.729605632,1.877361792,0.128398209,1.644128156,34083.90784,1979,0.751377661,128351.0493,21877.11334,0.37568883,12165,CBA
Platichthys_flesus-Atlantic_Northeast,Platichthys flesus,European flounder,"Flounders, halibuts, soles",Atlantic Northeast,1.388895634,1.593432193,1.676327846,1.756044793,1.901443898,0.129141455,1.669055758,34083.90784,1980,0.751377661,128351.0493,21877.11334,0.37568883,10710,CBA
Platichthys_flesus-Atlantic_Northeast,Platichthys flesus,European flounder,"Flounders, halibuts, soles",Atlantic Northeast,1.400082586,1.59739354,1.679704457,1.757375391,1.899369319,0.126982291,1.672240677,34083.90784,1981,0.751377661,128351.0493,21877.11334,0.37568883,11195,CBA
Platichthys_flesus-Atlantic_Northeast,Platichthys flesus,European flounder,"Flounders, halibuts, soles",Atlantic Northeast,1.404986556,1.596247391,1.677562462,1.756939521,1.898120509,0.125818976,1.671590856,34083.90784,1982,0.751377661,128351.0493,21877.11334,0.37568883,11377,CBA
Platichthys_flesus-Atlantic_Northeast,Platichthys flesus,European flounder,"Flounders, halibuts, soles",Atlantic Northeast,1.369794559,1.54747343,1.627436055,1.705332323,1.852497212,0.122815197,1.623392369,34083.90784,1983,0.751377661,128351.0493,21877.11334,0.37568883,14220,CBA
Platichthys_flesus-Atlantic_Northeast,Platichthys flesus,European flounder,"Flounders, halibuts, soles",Atlantic Northeast,1.375145017,1.566704892,1.648695325,1.728657656,1.875590414,0.126421723,1.643667288,34083.90784,1984,0.751377661,128351.0493,21877.11334,0.37568883,11679,CBA
Platichthys_flesus-Atlantic_Northeast,Platichthys flesus,European flounder,"Flounders, halibuts, soles",Atlantic Northeast,1.410301854,1.613506442,1.698390462,1.776463126,1.916762855,0.127764427,1.689691664,34083.90784,1985,0.751377661,128351.0493,21877.11334,0.37568883,9487,CBA
Platichthys_flesus-Atlantic_Northeast,Platichthys flesus,European flounder,"Flounders, halibuts, soles",Atlantic Northeast,1.428102353,1.62534806,1.706138494,1.783548758,1.919656307,0.124455226,1.698768904,34083.90784,1986,0.751377661,128351.0493,21877.11334,0.37568883,10103,CBA
Platichthys_flesus-Atlantic_Northeast,Platichthys flesus,European flounder,"Flounders, halibuts, soles",Atlantic Northeast,1.468057917,1.673394296,1.754204439,1.830452984,1.956158239,0.123709631,1.744812147,34083.90784,1987,0.751377661,128351.0493,21877.11334,0.37568883,7659,CBA
Platichthys_flesus-Atlantic_Northeast,Platichthys flesus,European flounder,"Flounders, halibuts, soles",Atlantic Northeast,1.459963846,1.637120758,1.712308231,1.786835863,1.91995705,0.116555231,1.707542107,34083.90784,1988,0.751377661,128351.0493,21877.11334,0.37568883,11044,CBA
Platichthys_flesus-Atlantic_Northeast,Platichthys flesus,European flounder,"Flounders, halibuts, soles",Atlantic Northeast,1.448928421,1.621756066,1.69619919,1.770877558,1.909520354,0.115990392,1.692745423,34083.90784,1989,0.751377661,128351.0493,21877.11334,0.37568883,11232,CBA
Platichthys_flesus-Atlantic_Northeast,Platichthys flesus,European flounder,"Flounders, halibuts, soles",Atlantic Northeast,1.482303055,1.662279934,1.739149324,1.814309023,1.944359411,0.116866564,1.733825478,34083.90784,1990,0.751377661,128351.0493,21877.11334,0.37568883,8407,CBA
Platichthys_flesus-Atlantic_Northeast,Platichthys flesus,European flounder,"Flounders, halibuts, soles",Atlantic Northeast,1.495617424,1.666689582,1.74164946,1.815524804,1.940539405,0.113399998,1.736485955,34083.90784,1991,0.751377661,128351.0493,21877.11334,0.37568883,9130,CBA
Platichthys_flesus-Atlantic_Northeast,Platichthys flesus,European flounder,"Flounders, halibuts, soles",Atlantic Northeast,1.518686682,1.693479707,1.76792438,1.839858699,1.958329524,0.11193893,1.761627982,34083.90784,1992,0.751377661,128351.0493,21877.11334,0.37568883,7738,CBA
Platichthys_flesus-Atlantic_Northeast,Platichthys flesus,European flounder,"Flounders, halibuts, soles",Atlantic Northeast,1.527043086,1.692222471,1.76636821,1.837353708,1.957342384,0.109444136,1.761274637,34083.90784,1993,0.751377661,128351.0493,21877.11334,0.37568883,8418,CBA
Platichthys_flesus-Atlantic_Northeast,Platichthys flesus,European flounder,"Flounders, halibuts, soles",Atlantic Northeast,1.486574252,1.633208502,1.705590059,1.77848855,1.914584465,0.108910097,1.704608441,34083.90784,1994,0.751377661,128351.0493,21877.11334,0.37568883,11989,CBA
Platichthys_flesus-Atlantic_Northeast,Platichthys flesus,European flounder,"Flounders, halibuts, soles",Atlantic Northeast,1.46850495,1.621418116,1.69494433,1.768543954,1.908977275,0.110966133,1.693848889,34083.90784,1995,0.751377661,128351.0493,21877.11334,0.37568883,11381,CBA
Platichthys_flesus-Atlantic_Northeast,Platichthys flesus,European flounder,"Flounders, halibuts, soles",Atlantic Northeast,1.46891794,1.621599578,1.696887435,1.771318064,1.913500003,0.112772081,1.695523127,34083.90784,1996,0.751377661,128351.0493,21877.11334,0.37568883,10957,CBA
Platichthys_flesus-Atlantic_Northeast,Platichthys flesus,European flounder,"Flounders, halibuts, soles",Atlantic Northeast,1.450092229,1.602597428,1.678720847,1.752843877,1.895086973,0.11257158,1.677207156,34083.90784,1997,0.751377661,128351.0493,21877.11334,0.37568883,11991,CBA
Platichthys_flesus-Atlantic_Northeast,Platichthys flesus,European flounder,"Flounders, halibuts, soles",Atlantic Northeast,1.378248636,1.523980964,1.599375856,1.678752854,1.833063459,0.115350858,1.601418972,34083.90784,1998,0.751377661,128351.0493,21877.11334,0.37568883,15994,CBA
Platichthys_flesus-Atlantic_Northeast,Platichthys flesus,European flounder,"Flounders, halibuts, soles",Atlantic Northeast,1.390727047,1.545697885,1.625355553,1.705798713,1.857096095,0.118886829,1.625267097,34083.90784,1999,0.751377661,128351.0493,21877.11334,0.37568883,12402,CBA
Platichthys_flesus-Atlantic_Northeast,Platichthys flesus,European flounder,"Flounders, halibuts, soles",Atlantic Northeast,1.364982035,1.51933601,1.600007183,1.67931413,1.832370183,0.119000772,1.5994994,34083.90784,2000,0.751377661,128351.0493,21877.11334,0.37568883,14528,CBA
Platichthys_flesus-Atlantic_Northeast,Platichthys flesus,European flounder,"Flounders, halibuts, soles",Atlantic Northeast,1.337131511,1.492621089,1.57441747,1.655773072,1.808248409,0.120536082,1.574064638,34083.90784,2001,0.751377661,128351.0493,21877.11334,0.37568883,15276,CBA
Platichthys_flesus-Atlantic_Northeast,Platichthys flesus,European flounder,"Flounders, halibuts, soles",Atlantic Northeast,1.330487584,1.485153363,1.568690442,1.652011295,1.807172175,0.122231267,1.568714503,34083.90784,2002,0.751377661,128351.0493,21877.11334,0.37568883,14801,CBA
Platichthys_flesus-Atlantic_Northeast,Platichthys flesus,European flounder,"Flounders, halibuts, soles",Atlantic Northeast,1.360136451,1.524131429,1.607706634,1.691941981,1.845946807,0.123937298,1.60711469,34083.90784,2003,0.751377661,128351.0493,21877.11334,0.37568883,12371,CBA
Platichthys_flesus-Atlantic_Northeast,Platichthys flesus,European flounder,"Flounders, halibuts, soles",Atlantic Northeast,1.225066879,1.361986759,1.44569165,1.533952519,1.702082019,0.124107947,1.449983708,34083.90784,2004,0.751377661,128351.0493,21877.11334,0.37568883,22635,CBA
Platichthys_flesus-Atlantic_Northeast,Platichthys flesus,European flounder,"Flounders, halibuts, soles",Atlantic Northeast,1.082676292,1.231955431,1.331549576,1.433958013,1.61756668,0.140098525,1.335701007,34083.90784,2005,0.751377661,128351.0493,21877.11334,0.37568883,24138,CBA
Platichthys_flesus-Atlantic_Northeast,Platichthys flesus,European flounder,"Flounders, halibuts, soles",Atlantic Northeast,1.00979517,1.170820345,1.283906199,1.398878781,1.590138756,0.154840161,1.28714722,34083.90784,2006,0.751377661,128351.0493,21877.11334,0.37568883,22152,CBA
Platichthys_flesus-Atlantic_Northeast,Platichthys flesus,European flounder,"Flounders, halibuts, soles",Atlantic Northeast,0.927846424,1.103082386,1.235653553,1.363781863,1.565635819,0.172427923,1.236524044,34083.90784,2007,0.751377661,128351.0493,21877.11334,0.37568883,22797,CBA
Platichthys_flesus-Atlantic_Northeast,Platichthys flesus,European flounder,"Flounders, halibuts, soles",Atlantic Northeast,0.918559198,1.10247053,1.250689555,1.394283888,1.599774827,0.186828757,1.250680325,34083.90784,2008,0.751377661,128351.0493,21877.11334,0.37568883,19447,CBA
Platichthys_flesus-Atlantic_Northeast,Platichthys flesus,European flounder,"Flounders, halibuts, soles",Atlantic Northeast,0.92487798,1.113168796,1.274036742,1.424620522,1.633154043,0.19707575,1.27211607,34083.90784,2009,0.751377661,128351.0493,21877.11334,0.37568883,18619,CBA
Platichthys_flesus-Atlantic_Northeast,Platichthys flesus,European flounder,"Flounders, halibuts, soles",Atlantic Northeast,0.919502284,1.112959346,1.287524671,1.437148091,1.640407232,0.202451682,1.279194266,34083.90784,2010,0.751377661,128351.0493,21877.11334,0.37568883,19003,CBA
Platichthys_flesus-Atlantic_Northeast,Platichthys flesus,European flounder,"Flounders, halibuts, soles",Atlantic Northeast,0.932715243,1.135761779,1.317925228,1.465163342,1.668285342,0.206094927,1.304409033,34083.90784,2011,0.751377661,128351.0493,21877.11334,0.37568883,17734,CBA
Platichthys_flesus-Atlantic_Northeast,Platichthys flesus,European flounder,"Flounders, halibuts, soles",Atlantic Northeast,0.935621364,1.145532731,1.331713831,1.47302845,1.66317318,0.204744588,1.311908378,34083.90784,2012,0.751377661,128351.0493,21877.11334,0.37568883,18284,CBA
Platichthys_flesus-Atlantic_Northeast,Platichthys flesus,European flounder,"Flounders, halibuts, soles",Atlantic Northeast,0.855842377,1.063232137,1.252497614,1.3884184,1.573451133,0.203900148,1.229019827,34083.90784,2013,0.751377661,128351.0493,21877.11334,0.37568883,23327,CBA
Platichthys_flesus-Atlantic_Northeast,Platichthys flesus,European flounder,"Flounders, halibuts, soles",Atlantic Northeast,0.771750234,0.993968536,1.200984547,1.339348868,1.52150322,0.215539691,1.16869428,34083.90784,2014,0.751377661,128351.0493,21877.11334,0.37568883,22960,CBA
Platichthys_flesus-Atlantic_Northeast,Platichthys flesus,European flounder,"Flounders, halibuts, soles",Atlantic Northeast,0.738041801,0.991019244,1.222197793,1.361432802,1.522765969,0.229630967,1.175307812,34083.90784,2015,0.751377661,128351.0493,21877.11334,0.37568883,19262,CBA
Platichthys_flesus-Atlantic_Northeast,Platichthys flesus,European flounder,"Flounders, halibuts, soles",Atlantic Northeast,0.631532411,0.922709239,1.177020765,1.314719131,1.392384779,0.237686709,1.108148641,34083.90784,2016,0.751377661,128351.0493,21877.11334,0.37568883,22936,CBA
Pleurogrammus_azonus-Pacific_Northwest,Pleurogrammus azonus,Okhotsk atka mackerel,Miscellaneous coastal fishes,Pacific Northwest,0.514587051,0.707125754,0.884765172,1.073667716,1.346215214,0.23430614,0.895750722,785406.7041,1950,0.433040645,1803925.458,177937.8239,0.216520322,150100,CBA
Pleurogrammus_azonus-Pacific_Northwest,Pleurogrammus azonus,Okhotsk atka mackerel,Miscellaneous coastal fishes,Pacific Northwest,0.506196291,0.721591762,0.913823479,1.111344693,1.390131795,0.246816535,0.920040286,785406.7041,1951,0.433040645,1803925.458,177937.8239,0.216520322,150100,CBA
Pleurogrammus_azonus-Pacific_Northwest,Pleurogrammus azonus,Okhotsk atka mackerel,Miscellaneous coastal fishes,Pacific Northwest,0.49341607,0.733841789,0.942580684,1.141693466,1.434569551,0.260346909,0.943027966,785406.7041,1952,0.433040645,1803925.458,177937.8239,0.216520322,150100,CBA
Pleurogrammus_azonus-Pacific_Northwest,Pleurogrammus azonus,Okhotsk atka mackerel,Miscellaneous coastal fishes,Pacific Northwest,0.470245496,0.741628064,0.959067886,1.166817925,1.451800729,0.273517421,0.95702341,785406.7041,1953,0.433040645,1803925.458,177937.8239,0.216520322,158600,CBA
Pleurogrammus_azonus-Pacific_Northwest,Pleurogrammus azonus,Okhotsk atka mackerel,Miscellaneous coastal fishes,Pacific Northwest,0.500082346,0.793938281,1.024915218,1.239003448,1.54611082,0.290795571,1.021116741,785406.7041,1954,0.433040645,1803925.458,177937.8239,0.216520322,113900,CBA
Pleurogrammus_azonus-Pacific_Northwest,Pleurogrammus azonus,Okhotsk atka mackerel,Miscellaneous coastal fishes,Pacific Northwest,0.519424728,0.854266572,1.097609286,1.310280352,1.616854182,0.300285932,1.081982671,785406.7041,1955,0.433040645,1803925.458,177937.8239,0.216520322,113900,CBA
Pleurogrammus_azonus-Pacific_Northwest,Pleurogrammus azonus,Okhotsk atka mackerel,Miscellaneous coastal fishes,Pacific Northwest,0.541653696,0.899248621,1.156157114,1.365685773,1.648356153,0.303406896,1.130328822,785406.7041,1956,0.433040645,1803925.458,177937.8239,0.216520322,121100,CBA
Pleurogrammus_azonus-Pacific_Northwest,Pleurogrammus azonus,Okhotsk atka mackerel,Miscellaneous coastal fishes,Pacific Northwest,0.574356676,0.963722486,1.22211282,1.430608113,1.682914427,0.303627675,1.191771183,785406.7041,1957,0.433040645,1803925.458,177937.8239,0.216520322,105600,CBA
Pleurogrammus_azonus-Pacific_Northwest,Pleurogrammus azonus,Okhotsk atka mackerel,Miscellaneous coastal fishes,Pacific Northwest,0.684567409,1.091335959,1.343194501,1.562904936,1.82072018,0.308254129,1.31878412,785406.7041,1958,0.433040645,1803925.458,177937.8239,0.216520322,47900,CBA
Pleurogrammus_azonus-Pacific_Northwest,Pleurogrammus azonus,Okhotsk atka mackerel,Miscellaneous coastal fishes,Pacific Northwest,0.754803352,1.161072786,1.396908475,1.593865206,1.819923961,0.288550282,1.36702608,785406.7041,1959,0.433040645,1803925.458,177937.8239,0.216520322,100300,CBA
Pleurogrammus_azonus-Pacific_Northwest,Pleurogrammus azonus,Okhotsk atka mackerel,Miscellaneous coastal fishes,Pacific Northwest,0.809645447,1.213442891,1.430469743,1.590697933,1.795341914,0.264088913,1.389724839,785406.7041,1960,0.433040645,1803925.458,177937.8239,0.216520322,118400,CBA
Pleurogrammus_azonus-Pacific_Northwest,Pleurogrammus azonus,Okhotsk atka mackerel,Miscellaneous coastal fishes,Pacific Northwest,0.765195226,1.168088189,1.346754352,1.474316798,1.652109907,0.231247235,1.302763843,785406.7041,1961,0.433040645,1803925.458,177937.8239,0.216520322,207300,CBA
Pleurogrammus_azonus-Pacific_Northwest,Pleurogrammus azonus,Okhotsk atka mackerel,Miscellaneous coastal fishes,Pacific Northwest,0.810283883,1.199134589,1.371467412,1.501761118,1.685333577,0.229181137,1.333568586,785406.7041,1962,0.433040645,1803925.458,177937.8239,0.216520322,127100,CBA
Pleurogrammus_azonus-Pacific_Northwest,Pleurogrammus azonus,Okhotsk atka mackerel,Miscellaneous coastal fishes,Pacific Northwest,0.818425134,1.193154903,1.362549627,1.48645383,1.665537707,0.220191156,1.324760249,785406.7041,1963,0.433040645,1803925.458,177937.8239,0.216520322,155600,CBA
Pleurogrammus_azonus-Pacific_Northwest,Pleurogrammus azonus,Okhotsk atka mackerel,Miscellaneous coastal fishes,Pacific Northwest,0.77263558,1.138618077,1.289033315,1.394408707,1.572437631,0.204142241,1.251798523,785406.7041,1964,0.433040645,1803925.458,177937.8239,0.216520322,212200,CBA
Pleurogrammus_azonus-Pacific_Northwest,Pleurogrammus azonus,Okhotsk atka mackerel,Miscellaneous coastal fishes,Pacific Northwest,0.821519753,1.183232297,1.341231366,1.462272366,1.641700932,0.211458373,1.307497579,785406.7041,1965,0.433040645,1803925.458,177937.8239,0.216520322,114600,CBA
Pleurogrammus_azonus-Pacific_Northwest,Pleurogrammus azonus,Okhotsk atka mackerel,Miscellaneous coastal fishes,Pacific Northwest,0.871338374,1.232447185,1.392305358,1.514653329,1.704441409,0.214357318,1.361445566,785406.7041,1966,0.433040645,1803925.458,177937.8239,0.216520322,110500,CBA
Pleurogrammus_azonus-Pacific_Northwest,Pleurogrammus azonus,Okhotsk atka mackerel,Miscellaneous coastal fishes,Pacific Northwest,0.948308141,1.297419405,1.45748253,1.586809964,1.791982184,0.215616045,1.4329163,785406.7041,1967,0.433040645,1803925.458,177937.8239,0.216520322,86200,CBA
Pleurogrammus_azonus-Pacific_Northwest,Pleurogrammus azonus,Okhotsk atka mackerel,Miscellaneous coastal fishes,Pacific Northwest,0.994902506,1.331204171,1.484618735,1.607295307,1.795464014,0.20333963,1.459268923,785406.7041,1968,0.433040645,1803925.458,177937.8239,0.216520322,111300,CBA
Pleurogrammus_azonus-Pacific_Northwest,Pleurogrammus azonus,Okhotsk atka mackerel,Miscellaneous coastal fishes,Pacific Northwest,1.053633966,1.36025354,1.498729588,1.61294463,1.797102925,0.191997019,1.477202561,785406.7041,1969,0.433040645,1803925.458,177937.8239,0.216520322,117500,CBA
Pleurogrammus_azonus-Pacific_Northwest,Pleurogrammus azonus,Okhotsk atka mackerel,Miscellaneous coastal fishes,Pacific Northwest,1.052004678,1.332371894,1.453169378,1.549175477,1.730334339,0.17211869,1.434653181,785406.7041,1970,0.433040645,1803925.458,177937.8239,0.216520322,166200,CBA
Pleurogrammus_azonus-Pacific_Northwest,Pleurogrammus azonus,Okhotsk atka mackerel,Miscellaneous coastal fishes,Pacific Northwest,1.032288162,1.301523887,1.411386949,1.50635631,1.669178075,0.160867293,1.395506238,785406.7041,1971,0.433040645,1803925.458,177937.8239,0.216520322,173100,CBA
Pleurogrammus_azonus-Pacific_Northwest,Pleurogrammus azonus,Okhotsk atka mackerel,Miscellaneous coastal fishes,Pacific Northwest,0.985254259,1.226939291,1.32726408,1.414920968,1.580871728,0.149397059,1.314942535,785406.7041,1972,0.433040645,1803925.458,177937.8239,0.216520322,216800,CBA
Pleurogrammus_azonus-Pacific_Northwest,Pleurogrammus azonus,Okhotsk atka mackerel,Miscellaneous coastal fishes,Pacific Northwest,1.006032979,1.242976879,1.345113347,1.440310486,1.60691532,0.153079779,1.334740481,785406.7041,1973,0.433040645,1803925.458,177937.8239,0.216520322,144800,CBA
Pleurogrammus_azonus-Pacific_Northwest,Pleurogrammus azonus,Okhotsk atka mackerel,Miscellaneous coastal fishes,Pacific Northwest,0.979576881,1.193538113,1.294114045,1.387414752,1.565252028,0.14844576,1.287235086,785406.7041,1974,0.433040645,1803925.458,177937.8239,0.216520322,197739,CBA
Pleurogrammus_azonus-Pacific_Northwest,Pleurogrammus azonus,Okhotsk atka mackerel,Miscellaneous coastal fishes,Pacific Northwest,0.927500617,1.124459235,1.224577567,1.314993269,1.504831894,0.145133386,1.220251739,785406.7041,1975,0.433040645,1803925.458,177937.8239,0.216520322,220408,CBA
Pleurogrammus_azonus-Pacific_Northwest,Pleurogrammus azonus,Okhotsk atka mackerel,Miscellaneous coastal fishes,Pacific Northwest,0.790607158,0.972818383,1.063971528,1.161448385,1.360511607,0.144452669,1.069709396,785406.7041,1976,0.433040645,1803925.458,177937.8239,0.216520322,295747,CBA
Pleurogrammus_azonus-Pacific_Northwest,Pleurogrammus azonus,Okhotsk atka mackerel,Miscellaneous coastal fishes,Pacific Northwest,0.651185062,0.830302401,0.927734738,1.038956123,1.255838515,0.153043358,0.935379917,785406.7041,1977,0.433040645,1803925.458,177937.8239,0.216520322,290833,CBA
Pleurogrammus_azonus-Pacific_Northwest,Pleurogrammus azonus,Okhotsk atka mackerel,Miscellaneous coastal fishes,Pacific Northwest,0.621139307,0.821763061,0.930152757,1.041290218,1.249811969,0.161764162,0.932471689,785406.7041,1978,0.433040645,1803925.458,177937.8239,0.216520322,178759,CBA
Pleurogrammus_azonus-Pacific_Northwest,Pleurogrammus azonus,Okhotsk atka mackerel,Miscellaneous coastal fishes,Pacific Northwest,0.603782947,0.832771666,0.958308289,1.074977528,1.298390805,0.176721406,0.955455542,785406.7041,1979,0.433040645,1803925.458,177937.8239,0.216520322,158460,CBA
Pleurogrammus_azonus-Pacific_Northwest,Pleurogrammus azonus,Okhotsk atka mackerel,Miscellaneous coastal fishes,Pacific Northwest,0.615766833,0.879160387,1.019654239,1.152147335,1.371870606,0.192532869,1.014190003,785406.7041,1980,0.433040645,1803925.458,177937.8239,0.216520322,127483,CBA
Pleurogrammus_azonus-Pacific_Northwest,Pleurogrammus azonus,Okhotsk atka mackerel,Miscellaneous coastal fishes,Pacific Northwest,0.64456402,0.932176292,1.088804139,1.231560296,1.468552528,0.21122626,1.078335171,785406.7041,1981,0.433040645,1803925.458,177937.8239,0.216520322,123380,CBA
Pleurogrammus_azonus-Pacific_Northwest,Pleurogrammus azonus,Okhotsk atka mackerel,Miscellaneous coastal fishes,Pacific Northwest,0.6804561,0.988330736,1.160382182,1.311340635,1.581534151,0.229842473,1.148244531,785406.7041,1982,0.433040645,1803925.458,177937.8239,0.216520322,115043,CBA
Pleurogrammus_azonus-Pacific_Northwest,Pleurogrammus azonus,Okhotsk atka mackerel,Miscellaneous coastal fishes,Pacific Northwest,0.774083033,1.103181721,1.287836249,1.456662695,1.732461284,0.250490023,1.277727516,785406.7041,1983,0.433040645,1803925.458,177937.8239,0.216520322,59209,CBA
Pleurogrammus_azonus-Pacific_Northwest,Pleurogrammus azonus,Okhotsk atka mackerel,Miscellaneous coastal fishes,Pacific Northwest,0.854855202,1.191962689,1.380761228,1.551965644,1.817075079,0.251335418,1.367211335,785406.7041,1984,0.433040645,1803925.458,177937.8239,0.216520322,75932,CBA
Pleurogrammus_azonus-Pacific_Northwest,Pleurogrammus azonus,Okhotsk atka mackerel,Miscellaneous coastal fishes,Pacific Northwest,0.940299612,1.266831725,1.460141149,1.617622727,1.84155487,0.239860584,1.435119873,785406.7041,1985,0.433040645,1803925.458,177937.8239,0.216520322,82119,CBA
Pleurogrammus_azonus-Pacific_Northwest,Pleurogrammus azonus,Okhotsk atka mackerel,Miscellaneous coastal fishes,Pacific Northwest,0.99250132,1.318050794,1.497081174,1.641654767,1.832516698,0.223850447,1.470851957,785406.7041,1986,0.433040645,1803925.458,177937.8239,0.216520322,99342,CBA
Pleurogrammus_azonus-Pacific_Northwest,Pleurogrammus azonus,Okhotsk atka mackerel,Miscellaneous coastal fishes,Pacific Northwest,1.041888251,1.348591327,1.512426958,1.638142433,1.816385535,0.204564113,1.485890798,785406.7041,1987,0.433040645,1803925.458,177937.8239,0.216520322,113639,CBA
Pleurogrammus_azonus-Pacific_Northwest,Pleurogrammus azonus,Okhotsk atka mackerel,Miscellaneous coastal fishes,Pacific Northwest,1.079849535,1.368571239,1.508353353,1.622434583,1.791520708,0.18724396,1.487079635,785406.7041,1988,0.433040645,1803925.458,177937.8239,0.216520322,124805,CBA
Pleurogrammus_azonus-Pacific_Northwest,Pleurogrammus azonus,Okhotsk atka mackerel,Miscellaneous coastal fishes,Pacific Northwest,1.092573479,1.378932564,1.501603518,1.608846288,1.772072831,0.174346986,1.483896526,785406.7041,1989,0.433040645,1803925.458,177937.8239,0.216520322,129758,CBA
Pleurogrammus_azonus-Pacific_Northwest,Pleurogrammus azonus,Okhotsk atka mackerel,Miscellaneous coastal fishes,Pacific Northwest,1.105716603,1.367197065,1.479544641,1.57451635,1.734600874,0.160743943,1.462663861,785406.7041,1990,0.433040645,1803925.458,177937.8239,0.216520322,149607,CBA
Pleurogrammus_azonus-Pacific_Northwest,Pleurogrammus azonus,Okhotsk atka mackerel,Miscellaneous coastal fishes,Pacific Northwest,1.109663684,1.346845739,1.451670998,1.542875906,1.708082996,0.150563687,1.440815332,785406.7041,1991,0.433040645,1803925.458,177937.8239,0.216520322,155586,CBA
Pleurogrammus_azonus-Pacific_Northwest,Pleurogrammus azonus,Okhotsk atka mackerel,Miscellaneous coastal fishes,Pacific Northwest,1.141690446,1.371725164,1.471707443,1.567140409,1.725838084,0.148993678,1.461968131,785406.7041,1992,0.433040645,1803925.458,177937.8239,0.216520322,123141,CBA
Pleurogrammus_azonus-Pacific_Northwest,Pleurogrammus azonus,Okhotsk atka mackerel,Miscellaneous coastal fishes,Pacific Northwest,1.141266448,1.348558137,1.445664308,1.530769365,1.684032835,0.138411989,1.43684423,785406.7041,1993,0.433040645,1803925.458,177937.8239,0.216520322,158320,CBA
Pleurogrammus_azonus-Pacific_Northwest,Pleurogrammus azonus,Okhotsk atka mackerel,Miscellaneous coastal fishes,Pacific Northwest,1.12736245,1.315184852,1.402455671,1.485695368,1.63792405,0.130015482,1.396826024,785406.7041,1994,0.433040645,1803925.458,177937.8239,0.216520322,177815,CBA
Pleurogrammus_azonus-Pacific_Northwest,Pleurogrammus azonus,Okhotsk atka mackerel,Miscellaneous coastal fishes,Pacific Northwest,1.089896188,1.258998208,1.340967573,1.412193799,1.551869677,0.1163804,1.333665461,785406.7041,1995,0.433040645,1803925.458,177937.8239,0.216520322,202537,CBA
Pleurogrammus_azonus-Pacific_Northwest,Pleurogrammus azonus,Okhotsk atka mackerel,Miscellaneous coastal fishes,Pacific Northwest,1.051027481,1.200162582,1.270445048,1.338594736,1.46941721,0.106767521,1.268044869,785406.7041,1996,0.433040645,1803925.458,177937.8239,0.216520322,213363,CBA
Pleurogrammus_azonus-Pacific_Northwest,Pleurogrammus azonus,Okhotsk atka mackerel,Miscellaneous coastal fishes,Pacific Northwest,0.977655418,1.102647765,1.164547728,1.23215268,1.361683215,0.096790373,1.167109355,785406.7041,1997,0.433040645,1803925.458,177937.8239,0.216520322,249356,CBA
Pleurogrammus_azonus-Pacific_Northwest,Pleurogrammus azonus,Okhotsk atka mackerel,Miscellaneous coastal fishes,Pacific Northwest,0.862204642,0.963219293,1.022328502,1.084138561,1.210216074,0.089910352,1.025605443,785406.7041,1998,0.433040645,1803925.458,177937.8239,0.216520322,293271,CBA
Pleurogrammus_azonus-Pacific_Northwest,Pleurogrammus azonus,Okhotsk atka mackerel,Miscellaneous coastal fishes,Pacific Northwest,0.827541547,0.9250394,0.981378273,1.038737167,1.160996875,0.086002475,0.983638357,785406.7041,1999,0.433040645,1803925.458,177937.8239,0.216520322,214269,CBA
Pleurogrammus_azonus-Pacific_Northwest,Pleurogrammus azonus,Okhotsk atka mackerel,Miscellaneous coastal fishes,Pacific Northwest,0.78352696,0.875789678,0.927735265,0.98213837,1.090052319,0.079967239,0.930400971,785406.7041,2000,0.433040645,1803925.458,177937.8239,0.216520322,223456,CBA
Pleurogrammus_azonus-Pacific_Northwest,Pleurogrammus azonus,Okhotsk atka mackerel,Miscellaneous coastal fishes,Pacific Northwest,0.75181407,0.833929869,0.88487255,0.93919783,1.043399107,0.074221218,0.887733059,785406.7041,2001,0.433040645,1803925.458,177937.8239,0.216520322,214592,CBA
Pleurogrammus_azonus-Pacific_Northwest,Pleurogrammus azonus,Okhotsk atka mackerel,Miscellaneous coastal fishes,Pacific Northwest,0.714498974,0.791232986,0.837267058,0.88503595,0.99446229,0.071132744,0.841527556,785406.7041,2002,0.433040645,1803925.458,177937.8239,0.216520322,213933,CBA
Pleurogrammus_azonus-Pacific_Northwest,Pleurogrammus azonus,Okhotsk atka mackerel,Miscellaneous coastal fishes,Pacific Northwest,0.653334394,0.719870395,0.764156191,0.808591733,0.913243484,0.066863245,0.768082011,785406.7041,2003,0.433040645,1803925.458,177937.8239,0.216520322,234859,CBA
Pleurogrammus_azonus-Pacific_Northwest,Pleurogrammus azonus,Okhotsk atka mackerel,Miscellaneous coastal fishes,Pacific Northwest,0.585090993,0.650555674,0.691311014,0.732701164,0.830876644,0.063797545,0.694606708,785406.7041,2004,0.433040645,1803925.458,177937.8239,0.216520322,228621,CBA
Pleurogrammus_azonus-Pacific_Northwest,Pleurogrammus azonus,Okhotsk atka mackerel,Miscellaneous coastal fishes,Pacific Northwest,0.553341118,0.616704483,0.654712422,0.696829951,0.801949791,0.062871259,0.659745951,785406.7041,2005,0.433040645,1803925.458,177937.8239,0.216520322,188949,CBA
Pleurogrammus_azonus-Pacific_Northwest,Pleurogrammus azonus,Okhotsk atka mackerel,Miscellaneous coastal fishes,Pacific Northwest,0.540704124,0.607324617,0.643765441,0.684937409,0.782367734,0.059813079,0.648584335,785406.7041,2006,0.433040645,1803925.458,177937.8239,0.216520322,166597,CBA
Pleurogrammus_azonus-Pacific_Northwest,Pleurogrammus azonus,Okhotsk atka mackerel,Miscellaneous coastal fishes,Pacific Northwest,0.494957245,0.564982625,0.602232234,0.640153302,0.73365448,0.059295297,0.604570956,785406.7041,2007,0.433040645,1803925.458,177937.8239,0.216520322,192224,CBA
Pleurogrammus_azonus-Pacific_Northwest,Pleurogrammus azonus,Okhotsk atka mackerel,Miscellaneous coastal fishes,Pacific Northwest,0.412134716,0.467605826,0.500378462,0.542419693,0.646240264,0.060313065,0.508678407,785406.7041,2008,0.433040645,1803925.458,177937.8239,0.216520322,229885,CBA
Pleurogrammus_azonus-Pacific_Northwest,Pleurogrammus azonus,Okhotsk atka mackerel,Miscellaneous coastal fishes,Pacific Northwest,0.349058344,0.403452623,0.439537158,0.489378476,0.60900153,0.066948917,0.451514772,785406.7041,2009,0.433040645,1803925.458,177937.8239,0.216520322,182403,CBA
Pleurogrammus_azonus-Pacific_Northwest,Pleurogrammus azonus,Okhotsk atka mackerel,Miscellaneous coastal fishes,Pacific Northwest,0.297633183,0.353317808,0.395413174,0.456518013,0.578591585,0.07509168,0.408818841,785406.7041,2010,0.433040645,1803925.458,177937.8239,0.216520322,158031,CBA
Pleurogrammus_azonus-Pacific_Northwest,Pleurogrammus azonus,Okhotsk atka mackerel,Miscellaneous coastal fishes,Pacific Northwest,0.257696873,0.325145825,0.378244283,0.445577694,0.581524793,0.086060236,0.390291488,785406.7041,2011,0.433040645,1803925.458,177937.8239,0.216520322,128778,CBA
Pleurogrammus_azonus-Pacific_Northwest,Pleurogrammus azonus,Okhotsk atka mackerel,Miscellaneous coastal fishes,Pacific Northwest,0.199188696,0.274081922,0.343370538,0.426193853,0.570062546,0.102230574,0.354933719,785406.7041,2012,0.433040645,1803925.458,177937.8239,0.216520322,138837,CBA
Pleurogrammus_azonus-Pacific_Northwest,Pleurogrammus azonus,Okhotsk atka mackerel,Miscellaneous coastal fishes,Pacific Northwest,0.149812024,0.246346197,0.337856584,0.435386914,0.58673584,0.122133593,0.345684753,785406.7041,2013,0.433040645,1803925.458,177937.8239,0.216520322,107090,CBA
Pleurogrammus_azonus-Pacific_Northwest,Pleurogrammus azonus,Okhotsk atka mackerel,Miscellaneous coastal fishes,Pacific Northwest,0.101775909,0.23668172,0.354781131,0.471057339,0.621635786,0.147987863,0.354944069,785406.7041,2014,0.433040645,1803925.458,177937.8239,0.216520322,88729,CBA
Pleurogrammus_azonus-Pacific_Northwest,Pleurogrammus azonus,Okhotsk atka mackerel,Miscellaneous coastal fishes,Pacific Northwest,0.074717919,0.261548915,0.41231324,0.553267577,0.689877408,0.179039252,0.402018408,785406.7041,2015,0.433040645,1803925.458,177937.8239,0.216520322,56757,CBA
Pleurogrammus_azonus-Pacific_Northwest,Pleurogrammus azonus,Okhotsk atka mackerel,Miscellaneous coastal fishes,Pacific Northwest,0.048382324,0.302983496,0.493627835,0.664588404,0.787378889,0.219370248,0.471950955,785406.7041,2016,0.433040645,1803925.458,177937.8239,0.216520322,47400,CBA
Pollachius_pollachius-Atlantic_Northeast,Pollachius pollachius,Pollack,"Cods, hakes, haddocks",Atlantic Northeast,0.39078889,0.593835909,0.814213409,1.058747559,1.355309122,0.279913758,0.829307746,56490.5911,1950,0.356152209,143396.768,12393.8327,0.178076104,8500,CBA
Pollachius_pollachius-Atlantic_Northeast,Pollachius pollachius,Pollack,"Cods, hakes, haddocks",Atlantic Northeast,0.356984919,0.586365739,0.833890477,1.079486439,1.400416994,0.300144978,0.842871104,56490.5911,1951,0.356152209,143396.768,12393.8327,0.178076104,10400,CBA
Pollachius_pollachius-Atlantic_Northeast,Pollachius pollachius,Pollack,"Cods, hakes, haddocks",Atlantic Northeast,0.390455274,0.660173836,0.935394701,1.18283558,1.501095233,0.320439684,0.927101313,56490.5911,1952,0.356152209,143396.768,12393.8327,0.178076104,5100,CBA
Pollachius_pollachius-Atlantic_Northeast,Pollachius pollachius,Pollack,"Cods, hakes, haddocks",Atlantic Northeast,0.43117808,0.741934189,1.036247127,1.284335285,1.60893408,0.337276203,1.01742516,56490.5911,1953,0.356152209,143396.768,12393.8327,0.178076104,5000,CBA
Pollachius_pollachius-Atlantic_Northeast,Pollachius pollachius,Pollack,"Cods, hakes, haddocks",Atlantic Northeast,0.460065892,0.798053928,1.115572838,1.361172382,1.669803597,0.344310261,1.086687227,56490.5911,1954,0.356152209,143396.768,12393.8327,0.178076104,6200,CBA
Pollachius_pollachius-Atlantic_Northeast,Pollachius pollachius,Pollack,"Cods, hakes, haddocks",Atlantic Northeast,0.406891732,0.793297498,1.104769415,1.334847619,1.633359176,0.341259353,1.062345588,56490.5911,1955,0.356152209,143396.768,12393.8327,0.178076104,12600,CBA
Pollachius_pollachius-Atlantic_Northeast,Pollachius pollachius,Pollack,"Cods, hakes, haddocks",Atlantic Northeast,0.430507251,0.870398264,1.183737425,1.400291244,1.669745073,0.346217553,1.128050348,56490.5911,1956,0.356152209,143396.768,12393.8327,0.178076104,6300,CBA
Pollachius_pollachius-Atlantic_Northeast,Pollachius pollachius,Pollack,"Cods, hakes, haddocks",Atlantic Northeast,0.462962772,0.945298244,1.268229108,1.469650714,1.718051697,0.350109338,1.195777197,56490.5911,1957,0.356152209,143396.768,12393.8327,0.178076104,6000,CBA
Pollachius_pollachius-Atlantic_Northeast,Pollachius pollachius,Pollack,"Cods, hakes, haddocks",Atlantic Northeast,0.493829932,1.001017606,1.313103018,1.508120571,1.735015546,0.345423388,1.23820219,56490.5911,1958,0.356152209,143396.768,12393.8327,0.178076104,7200,CBA
Pollachius_pollachius-Atlantic_Northeast,Pollachius pollachius,Pollack,"Cods, hakes, haddocks",Atlantic Northeast,0.506044965,1.070660199,1.375297372,1.559463743,1.801965519,0.342037153,1.297943511,56490.5911,1959,0.356152209,143396.768,12393.8327,0.178076104,5900,CBA
Pollachius_pollachius-Atlantic_Northeast,Pollachius pollachius,Pollack,"Cods, hakes, haddocks",Atlantic Northeast,0.569692556,1.158188174,1.438249798,1.617060688,1.845800252,0.332361841,1.36061728,56490.5911,1960,0.356152209,143396.768,12393.8327,0.178076104,5300,CBA
Pollachius_pollachius-Atlantic_Northeast,Pollachius pollachius,Pollack,"Cods, hakes, haddocks",Atlantic Northeast,0.634651354,1.243848099,1.488052526,1.6423926,1.852663798,0.318009335,1.414407774,56490.5911,1961,0.356152209,143396.768,12393.8327,0.178076104,5500,CBA
Pollachius_pollachius-Atlantic_Northeast,Pollachius pollachius,Pollack,"Cods, hakes, haddocks",Atlantic Northeast,0.688556472,1.295786956,1.520482136,1.661237109,1.854082599,0.301315143,1.443847629,56490.5911,1962,0.356152209,143396.768,12393.8327,0.178076104,6800,CBA
Pollachius_pollachius-Atlantic_Northeast,Pollachius pollachius,Pollack,"Cods, hakes, haddocks",Atlantic Northeast,0.744420364,1.34968902,1.541208785,1.670155073,1.865430464,0.283337271,1.476086224,56490.5911,1963,0.356152209,143396.768,12393.8327,0.178076104,6500,CBA
Pollachius_pollachius-Atlantic_Northeast,Pollachius pollachius,Pollack,"Cods, hakes, haddocks",Atlantic Northeast,0.786582407,1.389915954,1.555113485,1.6805273,1.865526704,0.268574413,1.498248854,56490.5911,1964,0.356152209,143396.768,12393.8327,0.178076104,6900,CBA
Pollachius_pollachius-Atlantic_Northeast,Pollachius pollachius,Pollack,"Cods, hakes, haddocks",Atlantic Northeast,0.862150571,1.421563566,1.57041548,1.683387168,1.869683737,0.253032166,1.517421291,56490.5911,1965,0.356152209,143396.768,12393.8327,0.178076104,6800,CBA
Pollachius_pollachius-Atlantic_Northeast,Pollachius pollachius,Pollack,"Cods, hakes, haddocks",Atlantic Northeast,0.900321361,1.447345693,1.580809815,1.690157851,1.867737424,0.235162907,1.538115481,56490.5911,1966,0.356152209,143396.768,12393.8327,0.178076104,6800,CBA
Pollachius_pollachius-Atlantic_Northeast,Pollachius pollachius,Pollack,"Cods, hakes, haddocks",Atlantic Northeast,0.978564924,1.454542301,1.58076945,1.692976151,1.869492837,0.219683964,1.547685584,56490.5911,1967,0.356152209,143396.768,12393.8327,0.178076104,7400,CBA
Pollachius_pollachius-Atlantic_Northeast,Pollachius pollachius,Pollack,"Cods, hakes, haddocks",Atlantic Northeast,1.02786685,1.482501139,1.600686288,1.697964735,1.871353127,0.208939185,1.565531469,56490.5911,1968,0.356152209,143396.768,12393.8327,0.178076104,6500,CBA
Pollachius_pollachius-Atlantic_Northeast,Pollachius pollachius,Pollack,"Cods, hakes, haddocks",Atlantic Northeast,1.103433753,1.507461861,1.612963412,1.711612904,1.882082676,0.192852132,1.587126519,56490.5911,1969,0.356152209,143396.768,12393.8327,0.178076104,5900,CBA
Pollachius_pollachius-Atlantic_Northeast,Pollachius pollachius,Pollack,"Cods, hakes, haddocks",Atlantic Northeast,1.195598719,1.518078839,1.633696755,1.726796637,1.899405537,0.184234191,1.609794303,56490.5911,1970,0.356152209,143396.768,12393.8327,0.178076104,5700,CBA
Pollachius_pollachius-Atlantic_Northeast,Pollachius pollachius,Pollack,"Cods, hakes, haddocks",Atlantic Northeast,1.244572473,1.570835882,1.675877187,1.765953175,1.922867453,0.173319863,1.652188239,56490.5911,1971,0.356152209,143396.768,12393.8327,0.178076104,4100,CBA
Pollachius_pollachius-Atlantic_Northeast,Pollachius pollachius,Pollack,"Cods, hakes, haddocks",Atlantic Northeast,1.308193153,1.598085704,1.697687519,1.779626047,1.934489525,0.158108081,1.677471877,56490.5911,1972,0.356152209,143396.768,12393.8327,0.178076104,4700,CBA
Pollachius_pollachius-Atlantic_Northeast,Pollachius pollachius,Pollack,"Cods, hakes, haddocks",Atlantic Northeast,1.381261527,1.631117063,1.731648136,1.815501746,1.957602435,0.14656679,1.716222965,56490.5911,1973,0.356152209,143396.768,12393.8327,0.178076104,3100,CBA
Pollachius_pollachius-Atlantic_Northeast,Pollachius pollachius,Pollack,"Cods, hakes, haddocks",Atlantic Northeast,1.442664119,1.658268729,1.744619686,1.831560897,1.956235784,0.135081874,1.732826161,56490.5911,1974,0.356152209,143396.768,12393.8327,0.178076104,4293,CBA
Pollachius_pollachius-Atlantic_Northeast,Pollachius pollachius,Pollack,"Cods, hakes, haddocks",Atlantic Northeast,1.487693035,1.677708189,1.762810415,1.841034953,1.962317523,0.121935392,1.753824227,56490.5911,1975,0.356152209,143396.768,12393.8327,0.178076104,3724,CBA
Pollachius_pollachius-Atlantic_Northeast,Pollachius pollachius,Pollack,"Cods, hakes, haddocks",Atlantic Northeast,1.52576852,1.698143751,1.778128949,1.855638122,1.966314167,0.115257389,1.77199335,56490.5911,1976,0.356152209,143396.768,12393.8327,0.178076104,3922,CBA
Pollachius_pollachius-Atlantic_Northeast,Pollachius pollachius,Pollack,"Cods, hakes, haddocks",Atlantic Northeast,1.441886768,1.605429514,1.680561268,1.764038796,1.908093739,0.118095798,1.684236943,56490.5911,1977,0.356152209,143396.768,12393.8327,0.178076104,11469,CBA
Pollachius_pollachius-Atlantic_Northeast,Pollachius pollachius,Pollack,"Cods, hakes, haddocks",Atlantic Northeast,1.362893562,1.500298597,1.579663227,1.66016562,1.817901555,0.118046221,1.580476387,56490.5911,1978,0.356152209,143396.768,12393.8327,0.178076104,14304,CBA
Pollachius_pollachius-Atlantic_Northeast,Pollachius pollachius,Pollack,"Cods, hakes, haddocks",Atlantic Northeast,1.251931981,1.390969307,1.466704069,1.553273684,1.706985865,0.119483128,1.471700058,56490.5911,1979,0.356152209,143396.768,12393.8327,0.178076104,16468,CBA
Pollachius_pollachius-Atlantic_Northeast,Pollachius pollachius,Pollack,"Cods, hakes, haddocks",Atlantic Northeast,1.1526511,1.279556038,1.362806891,1.437635003,1.608114976,0.118852992,1.363704643,56490.5911,1980,0.356152209,143396.768,12393.8327,0.178076104,17856,CBA
Pollachius_pollachius-Atlantic_Northeast,Pollachius pollachius,Pollack,"Cods, hakes, haddocks",Atlantic Northeast,1.057480106,1.192247644,1.273422036,1.354266624,1.536927303,0.120318585,1.277591348,56490.5911,1981,0.356152209,143396.768,12393.8327,0.178076104,17572,CBA
Pollachius_pollachius-Atlantic_Northeast,Pollachius pollachius,Pollack,"Cods, hakes, haddocks",Atlantic Northeast,1.053188776,1.182112293,1.259465771,1.339100232,1.505492725,0.117443334,1.261644054,56490.5911,1982,0.356152209,143396.768,12393.8327,0.178076104,13252,CBA
Pollachius_pollachius-Atlantic_Northeast,Pollachius pollachius,Pollack,"Cods, hakes, haddocks",Atlantic Northeast,0.989012738,1.126847253,1.199075764,1.280199463,1.444744119,0.116333419,1.205518602,56490.5911,1983,0.356152209,143396.768,12393.8327,0.178076104,15944,CBA
Pollachius_pollachius-Atlantic_Northeast,Pollachius pollachius,Pollack,"Cods, hakes, haddocks",Atlantic Northeast,0.952432927,1.088193585,1.160803205,1.240154059,1.400113431,0.113519195,1.166322413,56490.5911,1984,0.356152209,143396.768,12393.8327,0.178076104,15325,CBA
Pollachius_pollachius-Atlantic_Northeast,Pollachius pollachius,Pollack,"Cods, hakes, haddocks",Atlantic Northeast,0.930018968,1.049544079,1.126301944,1.196858755,1.349799673,0.1102408,1.128613596,56490.5911,1985,0.356152209,143396.768,12393.8327,0.178076104,15267,CBA
Pollachius_pollachius-Atlantic_Northeast,Pollachius pollachius,Pollack,"Cods, hakes, haddocks",Atlantic Northeast,0.871181828,0.981583184,1.049173632,1.124853258,1.284594062,0.106943992,1.056849961,56490.5911,1986,0.356152209,143396.768,12393.8327,0.178076104,17484,CBA
Pollachius_pollachius-Atlantic_Northeast,Pollachius pollachius,Pollack,"Cods, hakes, haddocks",Atlantic Northeast,0.821473073,0.920067977,0.988331604,1.063021995,1.22205316,0.106378191,0.998357846,56490.5911,1987,0.356152209,143396.768,12393.8327,0.178076104,16751,CBA
Pollachius_pollachius-Atlantic_Northeast,Pollachius pollachius,Pollack,"Cods, hakes, haddocks",Atlantic Northeast,0.769844606,0.867264893,0.932171795,1.012203918,1.164451032,0.103288687,0.94303585,56490.5911,1988,0.356152209,143396.768,12393.8327,0.178076104,16546,CBA
Pollachius_pollachius-Atlantic_Northeast,Pollachius pollachius,Pollack,"Cods, hakes, haddocks",Atlantic Northeast,0.775752572,0.879162876,0.947170385,1.015705698,1.173605555,0.100020023,0.95273815,56490.5911,1989,0.356152209,143396.768,12393.8327,0.178076104,11753,CBA
Pollachius_pollachius-Atlantic_Northeast,Pollachius pollachius,Pollack,"Cods, hakes, haddocks",Atlantic Northeast,0.738815551,0.843850146,0.907591667,0.968718818,1.119085813,0.096613253,0.910737323,56490.5911,1990,0.356152209,143396.768,12393.8327,0.178076104,15496,CBA
Pollachius_pollachius-Atlantic_Northeast,Pollachius pollachius,Pollack,"Cods, hakes, haddocks",Atlantic Northeast,0.711465994,0.799207075,0.857649232,0.92151047,1.068943385,0.09462169,0.867532262,56490.5911,1991,0.356152209,143396.768,12393.8327,0.178076104,15397,CBA
Pollachius_pollachius-Atlantic_Northeast,Pollachius pollachius,Pollack,"Cods, hakes, haddocks",Atlantic Northeast,0.680406785,0.773273147,0.82352211,0.888255071,1.032562013,0.091024089,0.834269306,56490.5911,1992,0.356152209,143396.768,12393.8327,0.178076104,14507,CBA
Pollachius_pollachius-Atlantic_Northeast,Pollachius pollachius,Pollack,"Cods, hakes, haddocks",Atlantic Northeast,0.630761216,0.716390413,0.771358354,0.836679648,0.984333701,0.089371322,0.780147569,56490.5911,1993,0.356152209,143396.768,12393.8327,0.178076104,15694,CBA
Pollachius_pollachius-Atlantic_Northeast,Pollachius pollachius,Pollack,"Cods, hakes, haddocks",Atlantic Northeast,0.606449634,0.691539215,0.746875275,0.808920701,0.957545228,0.088876576,0.753862808,56490.5911,1994,0.356152209,143396.768,12393.8327,0.178076104,13537,CBA
Pollachius_pollachius-Atlantic_Northeast,Pollachius pollachius,Pollack,"Cods, hakes, haddocks",Atlantic Northeast,0.568536538,0.650233755,0.705369323,0.766032049,0.911874615,0.088222305,0.71390097,56490.5911,1995,0.356152209,143396.768,12393.8327,0.178076104,14180,CBA
Pollachius_pollachius-Atlantic_Northeast,Pollachius pollachius,Pollack,"Cods, hakes, haddocks",Atlantic Northeast,0.539561569,0.624632704,0.676708313,0.739280805,0.882312289,0.088259197,0.687441453,56490.5911,1996,0.356152209,143396.768,12393.8327,0.178076104,12988,CBA
Pollachius_pollachius-Atlantic_Northeast,Pollachius pollachius,Pollack,"Cods, hakes, haddocks",Atlantic Northeast,0.525012396,0.609174137,0.660643465,0.722670453,0.855187921,0.086203126,0.670081938,56490.5911,1997,0.356152209,143396.768,12393.8327,0.178076104,12164,CBA
Pollachius_pollachius-Atlantic_Northeast,Pollachius pollachius,Pollack,"Cods, hakes, haddocks",Atlantic Northeast,0.526624889,0.609474691,0.660377419,0.72077789,0.855079634,0.084445888,0.668649126,56490.5911,1998,0.356152209,143396.768,12393.8327,0.178076104,10952,CBA
Pollachius_pollachius-Atlantic_Northeast,Pollachius pollachius,Pollack,"Cods, hakes, haddocks",Atlantic Northeast,0.539165579,0.615411029,0.665527811,0.728018889,0.852087477,0.083303977,0.674055673,56490.5911,1999,0.356152209,143396.768,12393.8327,0.178076104,10379,CBA
Pollachius_pollachius-Atlantic_Northeast,Pollachius pollachius,Pollack,"Cods, hakes, haddocks",Atlantic Northeast,0.529508328,0.598767476,0.646864004,0.706166743,0.833566931,0.080696497,0.656800024,56490.5911,2000,0.356152209,143396.768,12393.8327,0.178076104,12059,CBA
Pollachius_pollachius-Atlantic_Northeast,Pollachius pollachius,Pollack,"Cods, hakes, haddocks",Atlantic Northeast,0.516346179,0.584427693,0.627538759,0.685554846,0.817202052,0.078414188,0.63892546,56490.5911,2001,0.356152209,143396.768,12393.8327,0.178076104,11945,CBA
Pollachius_pollachius-Atlantic_Northeast,Pollachius pollachius,Pollack,"Cods, hakes, haddocks",Atlantic Northeast,0.48586033,0.553019235,0.596610431,0.652657025,0.785213264,0.077564815,0.608131316,56490.5911,2002,0.356152209,143396.768,12393.8327,0.178076104,12687,CBA
Pollachius_pollachius-Atlantic_Northeast,Pollachius pollachius,Pollack,"Cods, hakes, haddocks",Atlantic Northeast,0.460675229,0.522825467,0.569860344,0.623489136,0.756763292,0.078435523,0.579873537,56490.5911,2003,0.356152209,143396.768,12393.8327,0.178076104,12237,CBA
Pollachius_pollachius-Atlantic_Northeast,Pollachius pollachius,Pollack,"Cods, hakes, haddocks",Atlantic Northeast,0.452702936,0.515585138,0.561061346,0.618782736,0.761535398,0.079458814,0.574012042,56490.5911,2004,0.356152209,143396.768,12393.8327,0.178076104,10324,CBA
Pollachius_pollachius-Atlantic_Northeast,Pollachius pollachius,Pollack,"Cods, hakes, haddocks",Atlantic Northeast,0.444244279,0.506372374,0.550281777,0.608914458,0.750521911,0.079747834,0.564818563,56490.5911,2005,0.356152209,143396.768,12393.8327,0.178076104,10452,CBA
Pollachius_pollachius-Atlantic_Northeast,Pollachius pollachius,Pollack,"Cods, hakes, haddocks",Atlantic Northeast,0.428101059,0.491622694,0.53765368,0.596691906,0.736624157,0.080615127,0.550511029,56490.5911,2006,0.356152209,143396.768,12393.8327,0.178076104,10677,CBA
Pollachius_pollachius-Atlantic_Northeast,Pollachius pollachius,Pollack,"Cods, hakes, haddocks",Atlantic Northeast,0.395593831,0.459617123,0.50955694,0.572221045,0.708473245,0.083838256,0.523180007,56490.5911,2007,0.356152209,143396.768,12393.8327,0.178076104,11528,CBA
Pollachius_pollachius-Atlantic_Northeast,Pollachius pollachius,Pollack,"Cods, hakes, haddocks",Atlantic Northeast,0.370705903,0.441143588,0.496641515,0.567201026,0.706524019,0.089163373,0.509980604,56490.5911,2008,0.356152209,143396.768,12393.8327,0.178076104,10190,CBA
Pollachius_pollachius-Atlantic_Northeast,Pollachius pollachius,Pollack,"Cods, hakes, haddocks",Atlantic Northeast,0.360973898,0.43462744,0.497747295,0.570158698,0.707742056,0.094823669,0.508522098,56490.5911,2009,0.356152209,143396.768,12393.8327,0.178076104,9269,CBA
Pollachius_pollachius-Atlantic_Northeast,Pollachius pollachius,Pollack,"Cods, hakes, haddocks",Atlantic Northeast,0.340662572,0.425489906,0.496767982,0.575032833,0.710477439,0.101573517,0.505350187,56490.5911,2010,0.356152209,143396.768,12393.8327,0.178076104,9225,CBA
Pollachius_pollachius-Atlantic_Northeast,Pollachius pollachius,Pollack,"Cods, hakes, haddocks",Atlantic Northeast,0.313761251,0.407779057,0.493718811,0.583008798,0.723697806,0.112476419,0.501549825,56490.5911,2011,0.356152209,143396.768,12393.8327,0.178076104,9315,CBA
Pollachius_pollachius-Atlantic_Northeast,Pollachius pollachius,Pollack,"Cods, hakes, haddocks",Atlantic Northeast,0.296023814,0.407561686,0.511009011,0.601848424,0.741605837,0.124712438,0.510172895,56490.5911,2012,0.356152209,143396.768,12393.8327,0.178076104,8370,CBA
Pollachius_pollachius-Atlantic_Northeast,Pollachius pollachius,Pollack,"Cods, hakes, haddocks",Atlantic Northeast,0.256469811,0.399725181,0.513076516,0.616706214,0.752488252,0.139524665,0.508524608,56490.5911,2013,0.356152209,143396.768,12393.8327,0.178076104,9067,CBA
Pollachius_pollachius-Atlantic_Northeast,Pollachius pollachius,Pollack,"Cods, hakes, haddocks",Atlantic Northeast,0.199909804,0.364288825,0.504110937,0.626959491,0.752474628,0.161215438,0.49299753,56490.5911,2014,0.356152209,143396.768,12393.8327,0.178076104,10111,CBA
Pollachius_pollachius-Atlantic_Northeast,Pollachius pollachius,Pollack,"Cods, hakes, haddocks",Atlantic Northeast,0.144381284,0.349103396,0.510457566,0.658643007,0.781733264,0.187699566,0.494954805,56490.5911,2015,0.356152209,143396.768,12393.8327,0.178076104,8625,CBA
Pollachius_pollachius-Atlantic_Northeast,Pollachius pollachius,Pollack,"Cods, hakes, haddocks",Atlantic Northeast,0.066218867,0.316452537,0.520429926,0.685952994,0.791670716,0.218847637,0.490480904,56490.5911,2016,0.356152209,143396.768,12393.8327,0.178076104,8911,CBA
Portunus_pelagicus-Indian Ocean_Eastern,Portunus pelagicus,Blue swimming crab,"Crabs, sea-spiders",Indian Ocean Eastern,1.052505006,1.270470869,1.428794583,1.610133499,1.900146483,0.227241454,1.443013293,94386.99037,1963,0.44657788,149231.2601,16042.14013,0.22328894,300,CBA
Portunus_pelagicus-Indian Ocean_Eastern,Portunus pelagicus,Blue swimming crab,"Crabs, sea-spiders",Indian Ocean Eastern,1.202685879,1.440354849,1.591283628,1.747294303,1.946914605,0.201948958,1.5881762,94386.99037,1964,0.44657788,149231.2601,16042.14013,0.22328894,300,CBA
Portunus_pelagicus-Indian Ocean_Eastern,Portunus pelagicus,Blue swimming crab,"Crabs, sea-spiders",Indian Ocean Eastern,1.317237972,1.573643546,1.708583652,1.82667452,1.974927736,0.174757662,1.691715309,94386.99037,1965,0.44657788,149231.2601,16042.14013,0.22328894,300,CBA
Portunus_pelagicus-Indian Ocean_Eastern,Portunus pelagicus,Blue swimming crab,"Crabs, sea-spiders",Indian Ocean Eastern,1.421393203,1.662795138,1.776225184,1.869947138,1.976192666,0.148488796,1.756491117,94386.99037,1966,0.44657788,149231.2601,16042.14013,0.22328894,400,CBA
Portunus_pelagicus-Indian Ocean_Eastern,Portunus pelagicus,Blue swimming crab,"Crabs, sea-spiders",Indian Ocean Eastern,1.513707121,1.725699034,1.818579307,1.898303866,1.985849048,0.12616325,1.800000861,94386.99037,1967,0.44657788,149231.2601,16042.14013,0.22328894,400,CBA
Portunus_pelagicus-Indian Ocean_Eastern,Portunus pelagicus,Blue swimming crab,"Crabs, sea-spiders",Indian Ocean Eastern,1.559543916,1.751186315,1.833157734,1.903929122,1.982878326,0.111272486,1.817897598,94386.99037,1968,0.44657788,149231.2601,16042.14013,0.22328894,700,CBA
Portunus_pelagicus-Indian Ocean_Eastern,Portunus pelagicus,Blue swimming crab,"Crabs, sea-spiders",Indian Ocean Eastern,1.61655866,1.771472015,1.848632826,1.914016065,1.988482172,0.1011134,1.83661461,94386.99037,1969,0.44657788,149231.2601,16042.14013,0.22328894,400,CBA
Portunus_pelagicus-Indian Ocean_Eastern,Portunus pelagicus,Blue swimming crab,"Crabs, sea-spiders",Indian Ocean Eastern,1.638740234,1.782107696,1.857893746,1.91891099,1.990858079,0.096004952,1.844937905,94386.99037,1970,0.44657788,149231.2601,16042.14013,0.22328894,400,CBA
Portunus_pelagicus-Indian Ocean_Eastern,Portunus pelagicus,Blue swimming crab,"Crabs, sea-spiders",Indian Ocean Eastern,1.649590857,1.78837454,1.857657036,1.919923753,1.98985044,0.091578093,1.84854322,94386.99037,1971,0.44657788,149231.2601,16042.14013,0.22328894,600,CBA
Portunus_pelagicus-Indian Ocean_Eastern,Portunus pelagicus,Blue swimming crab,"Crabs, sea-spiders",Indian Ocean Eastern,1.651560037,1.795385761,1.861034234,1.921128949,1.990019274,0.089766289,1.852252245,94386.99037,1972,0.44657788,149231.2601,16042.14013,0.22328894,600,CBA
Portunus_pelagicus-Indian Ocean_Eastern,Portunus pelagicus,Blue swimming crab,"Crabs, sea-spiders",Indian Ocean Eastern,1.663190363,1.80181504,1.863514544,1.92172251,1.991670611,0.088010809,1.8551697,94386.99037,1973,0.44657788,149231.2601,16042.14013,0.22328894,600,CBA
Portunus_pelagicus-Indian Ocean_Eastern,Portunus pelagicus,Blue swimming crab,"Crabs, sea-spiders",Indian Ocean Eastern,1.673869064,1.803897476,1.870390114,1.927821977,1.991477513,0.086241336,1.860421721,94386.99037,1974,0.44657788,149231.2601,16042.14013,0.22328894,285,CBA
Portunus_pelagicus-Indian Ocean_Eastern,Portunus pelagicus,Blue swimming crab,"Crabs, sea-spiders",Indian Ocean Eastern,1.673783491,1.810653955,1.872668328,1.926865143,1.990689069,0.084550272,1.862546322,94386.99037,1975,0.44657788,149231.2601,16042.14013,0.22328894,627,CBA
Portunus_pelagicus-Indian Ocean_Eastern,Portunus pelagicus,Blue swimming crab,"Crabs, sea-spiders",Indian Ocean Eastern,1.664793772,1.796501671,1.86239117,1.921534461,1.988129362,0.087083084,1.854238111,94386.99037,1976,0.44657788,149231.2601,16042.14013,0.22328894,1689,CBA
Portunus_pelagicus-Indian Ocean_Eastern,Portunus pelagicus,Blue swimming crab,"Crabs, sea-spiders",Indian Ocean Eastern,1.642157747,1.776966998,1.847841201,1.906429984,1.987809476,0.09107407,1.837523655,94386.99037,1977,0.44657788,149231.2601,16042.14013,0.22328894,3592,CBA
Portunus_pelagicus-Indian Ocean_Eastern,Portunus pelagicus,Blue swimming crab,"Crabs, sea-spiders",Indian Ocean Eastern,1.606507973,1.747915008,1.816071976,1.880652205,1.977033006,0.096549401,1.810206672,94386.99037,1978,0.44657788,149231.2601,16042.14013,0.22328894,5394,CBA
Portunus_pelagicus-Indian Ocean_Eastern,Portunus pelagicus,Blue swimming crab,"Crabs, sea-spiders",Indian Ocean Eastern,1.596124353,1.731067089,1.806244232,1.874819901,1.979919425,0.102050535,1.800550458,94386.99037,1979,0.44657788,149231.2601,16042.14013,0.22328894,4950,CBA
Portunus_pelagicus-Indian Ocean_Eastern,Portunus pelagicus,Blue swimming crab,"Crabs, sea-spiders",Indian Ocean Eastern,1.562022837,1.707149634,1.778109652,1.852927957,1.968712899,0.104551143,1.775962852,94386.99037,1980,0.44657788,149231.2601,16042.14013,0.22328894,6439,CBA
Portunus_pelagicus-Indian Ocean_Eastern,Portunus pelagicus,Blue swimming crab,"Crabs, sea-spiders",Indian Ocean Eastern,1.542746924,1.694543628,1.769483653,1.842256845,1.959514753,0.107251748,1.765412586,94386.99037,1981,0.44657788,149231.2601,16042.14013,0.22328894,5933,CBA
Portunus_pelagicus-Indian Ocean_Eastern,Portunus pelagicus,Blue swimming crab,"Crabs, sea-spiders",Indian Ocean Eastern,1.552502647,1.702453601,1.781360808,1.855265398,1.963131504,0.107358757,1.775403515,94386.99037,1982,0.44657788,149231.2601,16042.14013,0.22328894,4714,CBA
Portunus_pelagicus-Indian Ocean_Eastern,Portunus pelagicus,Blue swimming crab,"Crabs, sea-spiders",Indian Ocean Eastern,1.565723091,1.717944561,1.792787498,1.86639483,1.977765526,0.107272341,1.788562433,94386.99037,1983,0.44657788,149231.2601,16042.14013,0.22328894,3962,CBA
Portunus_pelagicus-Indian Ocean_Eastern,Portunus pelagicus,Blue swimming crab,"Crabs, sea-spiders",Indian Ocean Eastern,1.562245322,1.717026299,1.791544015,1.867068395,1.976144317,0.106950494,1.788064456,94386.99037,1984,0.44657788,149231.2601,16042.14013,0.22328894,4707,CBA
Portunus_pelagicus-Indian Ocean_Eastern,Portunus pelagicus,Blue swimming crab,"Crabs, sea-spiders",Indian Ocean Eastern,1.564910979,1.719381736,1.794870297,1.872855897,1.97061708,0.106680377,1.790689615,94386.99037,1985,0.44657788,149231.2601,16042.14013,0.22328894,4448,CBA
Portunus_pelagicus-Indian Ocean_Eastern,Portunus pelagicus,Blue swimming crab,"Crabs, sea-spiders",Indian Ocean Eastern,1.536015275,1.688633707,1.762457785,1.836313865,1.954565349,0.107238971,1.759251579,94386.99037,1986,0.44657788,149231.2601,16042.14013,0.22328894,7319,CBA
Portunus_pelagicus-Indian Ocean_Eastern,Portunus pelagicus,Blue swimming crab,"Crabs, sea-spiders",Indian Ocean Eastern,1.517341233,1.67273,1.74976648,1.826387377,1.956413655,0.112189064,1.746646988,94386.99037,1987,0.44657788,149231.2601,16042.14013,0.22328894,6997,CBA
Portunus_pelagicus-Indian Ocean_Eastern,Portunus pelagicus,Blue swimming crab,"Crabs, sea-spiders",Indian Ocean Eastern,1.514443337,1.661730382,1.743904881,1.820068537,1.948312828,0.112081281,1.740715796,94386.99037,1988,0.44657788,149231.2601,16042.14013,0.22328894,6692,CBA
Portunus_pelagicus-Indian Ocean_Eastern,Portunus pelagicus,Blue swimming crab,"Crabs, sea-spiders",Indian Ocean Eastern,1.502413853,1.656426277,1.739072507,1.818358985,1.942235752,0.113761067,1.734515004,94386.99037,1989,0.44657788,149231.2601,16042.14013,0.22328894,6960,CBA
Portunus_pelagicus-Indian Ocean_Eastern,Portunus pelagicus,Blue swimming crab,"Crabs, sea-spiders",Indian Ocean Eastern,1.508539037,1.677146394,1.75819212,1.834086356,1.957754536,0.114807662,1.752049659,94386.99037,1990,0.44657788,149231.2601,16042.14013,0.22328894,5448,CBA
Portunus_pelagicus-Indian Ocean_Eastern,Portunus pelagicus,Blue swimming crab,"Crabs, sea-spiders",Indian Ocean Eastern,1.519445287,1.675651122,1.75489318,1.829910639,1.947896541,0.111233123,1.748957606,94386.99037,1991,0.44657788,149231.2601,16042.14013,0.22328894,6142,CBA
Portunus_pelagicus-Indian Ocean_Eastern,Portunus pelagicus,Blue swimming crab,"Crabs, sea-spiders",Indian Ocean Eastern,1.52558332,1.681869286,1.758911192,1.832423657,1.956125539,0.111494675,1.754211773,94386.99037,1992,0.44657788,149231.2601,16042.14013,0.22328894,5919,CBA
Portunus_pelagicus-Indian Ocean_Eastern,Portunus pelagicus,Blue swimming crab,"Crabs, sea-spiders",Indian Ocean Eastern,1.504548654,1.665223251,1.745723155,1.820504211,1.944824025,0.113524429,1.741073697,94386.99037,1993,0.44657788,149231.2601,16042.14013,0.22328894,7194,CBA
Portunus_pelagicus-Indian Ocean_Eastern,Portunus pelagicus,Blue swimming crab,"Crabs, sea-spiders",Indian Ocean Eastern,1.498978261,1.659379625,1.740042275,1.820785497,1.94932424,0.114676253,1.73645193,94386.99037,1994,0.44657788,149231.2601,16042.14013,0.22328894,7116,CBA
Portunus_pelagicus-Indian Ocean_Eastern,Portunus pelagicus,Blue swimming crab,"Crabs, sea-spiders",Indian Ocean Eastern,1.485955198,1.633114545,1.717479364,1.799170941,1.936108235,0.116866844,1.715966322,94386.99037,1995,0.44657788,149231.2601,16042.14013,0.22328894,8363,CBA
Portunus_pelagicus-Indian Ocean_Eastern,Portunus pelagicus,Blue swimming crab,"Crabs, sea-spiders",Indian Ocean Eastern,1.471113179,1.630769587,1.71156786,1.791731552,1.935731258,0.11905193,1.70859683,94386.99037,1996,0.44657788,149231.2601,16042.14013,0.22328894,8048,CBA
Portunus_pelagicus-Indian Ocean_Eastern,Portunus pelagicus,Blue swimming crab,"Crabs, sea-spiders",Indian Ocean Eastern,1.456631202,1.616619555,1.699978949,1.783466044,1.924584808,0.119968077,1.698862825,94386.99037,1997,0.44657788,149231.2601,16042.14013,0.22328894,8596,CBA
Portunus_pelagicus-Indian Ocean_Eastern,Portunus pelagicus,Blue swimming crab,"Crabs, sea-spiders",Indian Ocean Eastern,1.381902465,1.536281396,1.618738063,1.700264299,1.8475803,0.11996863,1.618145671,94386.99037,1998,0.44657788,149231.2601,16042.14013,0.22328894,14007,CBA
Portunus_pelagicus-Indian Ocean_Eastern,Portunus pelagicus,Blue swimming crab,"Crabs, sea-spiders",Indian Ocean Eastern,1.338457868,1.500974281,1.582992853,1.668930722,1.833250117,0.125860503,1.585179053,94386.99037,1999,0.44657788,149231.2601,16042.14013,0.22328894,12556,CBA
Portunus_pelagicus-Indian Ocean_Eastern,Portunus pelagicus,Blue swimming crab,"Crabs, sea-spiders",Indian Ocean Eastern,1.333899197,1.482777219,1.565997154,1.663129661,1.830815743,0.129614981,1.572986194,94386.99037,2000,0.44657788,149231.2601,16042.14013,0.22328894,11382,CBA
Portunus_pelagicus-Indian Ocean_Eastern,Portunus pelagicus,Blue swimming crab,"Crabs, sea-spiders",Indian Ocean Eastern,1.306347937,1.466191521,1.557806903,1.649592247,1.819867997,0.132282655,1.558186607,94386.99037,2001,0.44657788,149231.2601,16042.14013,0.22328894,11872,CBA
Portunus_pelagicus-Indian Ocean_Eastern,Portunus pelagicus,Blue swimming crab,"Crabs, sea-spiders",Indian Ocean Eastern,1.29913344,1.45779417,1.549630635,1.645930766,1.812389668,0.134110426,1.550182223,94386.99037,2002,0.44657788,149231.2601,16042.14013,0.22328894,11651,CBA
Portunus_pelagicus-Indian Ocean_Eastern,Portunus pelagicus,Blue swimming crab,"Crabs, sea-spiders",Indian Ocean Eastern,1.243471221,1.409654948,1.50342099,1.593761257,1.76685461,0.137594515,1.502990224,94386.99037,2003,0.44657788,149231.2601,16042.14013,0.22328894,14551,CBA
Portunus_pelagicus-Indian Ocean_Eastern,Portunus pelagicus,Blue swimming crab,"Crabs, sea-spiders",Indian Ocean Eastern,1.227924102,1.403902894,1.494566647,1.594345235,1.781504702,0.141564663,1.498801602,94386.99037,2004,0.44657788,149231.2601,16042.14013,0.22328894,12382,CBA
Portunus_pelagicus-Indian Ocean_Eastern,Portunus pelagicus,Blue swimming crab,"Crabs, sea-spiders",Indian Ocean Eastern,1.195161409,1.369231861,1.458062988,1.559528126,1.743523309,0.141451115,1.463921476,94386.99037,2005,0.44657788,149231.2601,16042.14013,0.22328894,14417,CBA
Portunus_pelagicus-Indian Ocean_Eastern,Portunus pelagicus,Blue swimming crab,"Crabs, sea-spiders",Indian Ocean Eastern,1.181141903,1.359168449,1.453121841,1.550901181,1.759444102,0.145763661,1.457993145,94386.99037,2006,0.44657788,149231.2601,16042.14013,0.22328894,13027,CBA
Portunus_pelagicus-Indian Ocean_Eastern,Portunus pelagicus,Blue swimming crab,"Crabs, sea-spiders",Indian Ocean Eastern,1.159390995,1.336877796,1.436587732,1.535864342,1.721388138,0.146068075,1.438913934,94386.99037,2007,0.44657788,149231.2601,16042.14013,0.22328894,14099,CBA
Portunus_pelagicus-Indian Ocean_Eastern,Portunus pelagicus,Blue swimming crab,"Crabs, sea-spiders",Indian Ocean Eastern,1.166295476,1.336357904,1.439468908,1.546739656,1.752148083,0.151466406,1.443469575,94386.99037,2008,0.44657788,149231.2601,16042.14013,0.22328894,12591,CBA
Portunus_pelagicus-Indian Ocean_Eastern,Portunus pelagicus,Blue swimming crab,"Crabs, sea-spiders",Indian Ocean Eastern,1.165092208,1.336037131,1.433303824,1.545316324,1.753803591,0.151718669,1.442455407,94386.99037,2009,0.44657788,149231.2601,16042.14013,0.22328894,12922,CBA
Portunus_pelagicus-Indian Ocean_Eastern,Portunus pelagicus,Blue swimming crab,"Crabs, sea-spiders",Indian Ocean Eastern,1.160896513,1.326184476,1.425677551,1.530724514,1.744284156,0.150046191,1.432804654,94386.99037,2010,0.44657788,149231.2601,16042.14013,0.22328894,13670,CBA
Portunus_pelagicus-Indian Ocean_Eastern,Portunus pelagicus,Blue swimming crab,"Crabs, sea-spiders",Indian Ocean Eastern,1.113285319,1.269148444,1.365798309,1.472827057,1.672626258,0.146545622,1.372771494,94386.99037,2011,0.44657788,149231.2601,16042.14013,0.22328894,17447,CBA
Portunus_pelagicus-Indian Ocean_Eastern,Portunus pelagicus,Blue swimming crab,"Crabs, sea-spiders",Indian Ocean Eastern,1.102013038,1.255361946,1.355394767,1.465763903,1.677948995,0.15063467,1.365588248,94386.99037,2012,0.44657788,149231.2601,16042.14013,0.22328894,14575,CBA
Portunus_pelagicus-Indian Ocean_Eastern,Portunus pelagicus,Blue swimming crab,"Crabs, sea-spiders",Indian Ocean Eastern,1.019195904,1.157339646,1.255300058,1.374251957,1.59505442,0.151161533,1.27024828,94386.99037,2013,0.44657788,149231.2601,16042.14013,0.22328894,20906,CBA
Portunus_pelagicus-Indian Ocean_Eastern,Portunus pelagicus,Blue swimming crab,"Crabs, sea-spiders",Indian Ocean Eastern,0.95867645,1.081855274,1.17859421,1.306098918,1.532066733,0.155399796,1.201481573,94386.99037,2014,0.44657788,149231.2601,16042.14013,0.22328894,19967,CBA
Portunus_pelagicus-Indian Ocean_Eastern,Portunus pelagicus,Blue swimming crab,"Crabs, sea-spiders",Indian Ocean Eastern,0.755718923,0.855808751,0.95844609,1.104072557,1.357602403,0.168557986,0.99046811,94386.99037,2015,0.44657788,149231.2601,16042.14013,0.22328894,30542,CBA
Portunus_pelagicus-Indian Ocean_Eastern,Portunus pelagicus,Blue swimming crab,"Crabs, sea-spiders",Indian Ocean Eastern,0.615024872,0.719547158,0.848389929,1.015428212,1.309752507,0.196249202,0.882614946,94386.99037,2016,0.44657788,149231.2601,16042.14013,0.22328894,23673,CBA
Portunus_pelagicus-Indian Ocean_Western,Portunus pelagicus,Blue swimming crab,"Crabs, sea-spiders",Indian Ocean Western,1.065124348,1.272565405,1.429456292,1.60801707,1.896287894,0.224006967,1.446552326,52352.8294,1976,0.446542981,82694.05886,8958.518131,0.22327149,25,CBA
Portunus_pelagicus-Indian Ocean_Western,Portunus pelagicus,Blue swimming crab,"Crabs, sea-spiders",Indian Ocean Western,1.213715075,1.450317713,1.6039578,1.744376589,1.935843281,0.195996881,1.59620887,52352.8294,1977,0.446542981,82694.05886,8958.518131,0.22327149,30,CBA
Portunus_pelagicus-Indian Ocean_Western,Portunus pelagicus,Blue swimming crab,"Crabs, sea-spiders",Indian Ocean Western,1.340689901,1.589635816,1.712364257,1.831877405,1.974384737,0.168958462,1.700855888,52352.8294,1978,0.446542981,82694.05886,8958.518131,0.22327149,25,CBA
Portunus_pelagicus-Indian Ocean_Western,Portunus pelagicus,Blue swimming crab,"Crabs, sea-spiders",Indian Ocean Western,1.44230166,1.683785701,1.792436258,1.8769186,1.979129632,0.140301928,1.77163337,52352.8294,1979,0.446542981,82694.05886,8958.518131,0.22327149,23,CBA
Portunus_pelagicus-Indian Ocean_Western,Portunus pelagicus,Blue swimming crab,"Crabs, sea-spiders",Indian Ocean Western,1.528137714,1.739494146,1.828784609,1.898122975,1.986473183,0.119456122,1.810861769,52352.8294,1980,0.446542981,82694.05886,8958.518131,0.22327149,41,CBA
Portunus_pelagicus-Indian Ocean_Western,Portunus pelagicus,Blue swimming crab,"Crabs, sea-spiders",Indian Ocean Western,1.595251679,1.769237304,1.84428622,1.912485909,1.987283574,0.104343596,1.83258332,52352.8294,1981,0.446542981,82694.05886,8958.518131,0.22327149,193,CBA
Portunus_pelagicus-Indian Ocean_Western,Portunus pelagicus,Blue swimming crab,"Crabs, sea-spiders",Indian Ocean Western,1.628024899,1.776137467,1.849736662,1.915825485,1.987199549,0.097626794,1.839108944,52352.8294,1982,0.446542981,82694.05886,8958.518131,0.22327149,230,CBA
Portunus_pelagicus-Indian Ocean_Western,Portunus pelagicus,Blue swimming crab,"Crabs, sea-spiders",Indian Ocean Western,1.651791608,1.785405578,1.856377962,1.916263854,1.989133494,0.091765464,1.846392503,52352.8294,1983,0.446542981,82694.05886,8958.518131,0.22327149,232,CBA
Portunus_pelagicus-Indian Ocean_Western,Portunus pelagicus,Blue swimming crab,"Crabs, sea-spiders",Indian Ocean Western,1.639624631,1.794449612,1.860249111,1.919626234,1.985351315,0.090307009,1.85064089,52352.8294,1984,0.446542981,82694.05886,8958.518131,0.22327149,261,CBA
Portunus_pelagicus-Indian Ocean_Western,Portunus pelagicus,Blue swimming crab,"Crabs, sea-spiders",Indian Ocean Western,1.663678656,1.790031748,1.859919255,1.918867008,1.987947784,0.088429743,1.849718603,52352.8294,1985,0.446542981,82694.05886,8958.518131,0.22327149,584,CBA
Portunus_pelagicus-Indian Ocean_Western,Portunus pelagicus,Blue swimming crab,"Crabs, sea-spiders",Indian Ocean Western,1.662075306,1.79582328,1.863573123,1.922597421,1.990477667,0.088815938,1.854193387,52352.8294,1986,0.446542981,82694.05886,8958.518131,0.22327149,468,CBA
Portunus_pelagicus-Indian Ocean_Western,Portunus pelagicus,Blue swimming crab,"Crabs, sea-spiders",Indian Ocean Western,1.660302528,1.791987867,1.860198079,1.918389598,1.988171475,0.087950574,1.851858433,52352.8294,1987,0.446542981,82694.05886,8958.518131,0.22327149,526,CBA
Portunus_pelagicus-Indian Ocean_Western,Portunus pelagicus,Blue swimming crab,"Crabs, sea-spiders",Indian Ocean Western,1.652124408,1.789270126,1.852456329,1.913133843,1.988183557,0.088727419,1.845726127,52352.8294,1988,0.446542981,82694.05886,8958.518131,0.22327149,572,CBA
Portunus_pelagicus-Indian Ocean_Western,Portunus pelagicus,Blue swimming crab,"Crabs, sea-spiders",Indian Ocean Western,1.660281737,1.798095354,1.859682592,1.919017727,1.987449175,0.088447915,1.851787843,52352.8294,1989,0.446542981,82694.05886,8958.518131,0.22327149,532,CBA
Portunus_pelagicus-Indian Ocean_Western,Portunus pelagicus,Blue swimming crab,"Crabs, sea-spiders",Indian Ocean Western,1.657580527,1.792762679,1.858191922,1.916066372,1.986538718,0.087764594,1.849814696,52352.8294,1990,0.446542981,82694.05886,8958.518131,0.22327149,727,CBA
Portunus_pelagicus-Indian Ocean_Western,Portunus pelagicus,Blue swimming crab,"Crabs, sea-spiders",Indian Ocean Western,1.648182999,1.793043952,1.860023657,1.917087296,1.987280688,0.088112949,1.849796167,52352.8294,1991,0.446542981,82694.05886,8958.518131,0.22327149,730,CBA
Portunus_pelagicus-Indian Ocean_Western,Portunus pelagicus,Blue swimming crab,"Crabs, sea-spiders",Indian Ocean Western,1.64474597,1.783914844,1.851879759,1.917167309,1.987517751,0.091576082,1.844568603,52352.8294,1992,0.446542981,82694.05886,8958.518131,0.22327149,1158,CBA
Portunus_pelagicus-Indian Ocean_Western,Portunus pelagicus,Blue swimming crab,"Crabs, sea-spiders",Indian Ocean Western,1.655456319,1.787587755,1.852455028,1.913727178,1.98996725,0.088901742,1.845866585,52352.8294,1993,0.446542981,82694.05886,8958.518131,0.22327149,1048,CBA
Portunus_pelagicus-Indian Ocean_Western,Portunus pelagicus,Blue swimming crab,"Crabs, sea-spiders",Indian Ocean Western,1.631560562,1.772578969,1.838620442,1.900470738,1.98507267,0.092433786,1.83272138,52352.8294,1994,0.446542981,82694.05886,8958.518131,0.22327149,2035,CBA
Portunus_pelagicus-Indian Ocean_Western,Portunus pelagicus,Blue swimming crab,"Crabs, sea-spiders",Indian Ocean Western,1.634833562,1.766789764,1.830787552,1.896714265,1.981006169,0.092135356,1.827722389,52352.8294,1995,0.446542981,82694.05886,8958.518131,0.22327149,1928,CBA
Portunus_pelagicus-Indian Ocean_Western,Portunus pelagicus,Blue swimming crab,"Crabs, sea-spiders",Indian Ocean Western,1.631572342,1.763657246,1.836854503,1.901608826,1.982507858,0.094757418,1.828190645,52352.8294,1996,0.446542981,82694.05886,8958.518131,0.22327149,2210,CBA
Portunus_pelagicus-Indian Ocean_Western,Portunus pelagicus,Blue swimming crab,"Crabs, sea-spiders",Indian Ocean Western,1.568527861,1.705727434,1.77515708,1.845470294,1.960828828,0.101755575,1.774168104,52352.8294,1997,0.446542981,82694.05886,8958.518131,0.22327149,4759,CBA
Portunus_pelagicus-Indian Ocean_Western,Portunus pelagicus,Blue swimming crab,"Crabs, sea-spiders",Indian Ocean Western,1.565846847,1.700152036,1.768285412,1.837169334,1.954100567,0.100980023,1.764856484,52352.8294,1998,0.446542981,82694.05886,8958.518131,0.22327149,3791,CBA
Portunus_pelagicus-Indian Ocean_Western,Portunus pelagicus,Blue swimming crab,"Crabs, sea-spiders",Indian Ocean Western,1.525028045,1.665944333,1.74020159,1.81280639,1.938853981,0.1065476,1.737457124,52352.8294,1999,0.446542981,82694.05886,8958.518131,0.22327149,4729,CBA
Portunus_pelagicus-Indian Ocean_Western,Portunus pelagicus,Blue swimming crab,"Crabs, sea-spiders",Indian Ocean Western,1.462013772,1.602087986,1.681475719,1.757842224,1.896368499,0.112453126,1.680632492,52352.8294,2000,0.446542981,82694.05886,8958.518131,0.22327149,6372,CBA
Portunus_pelagicus-Indian Ocean_Western,Portunus pelagicus,Blue swimming crab,"Crabs, sea-spiders",Indian Ocean Western,1.406091524,1.557727816,1.630895121,1.707149298,1.853959948,0.113847916,1.631297425,52352.8294,2001,0.446542981,82694.05886,8958.518131,0.22327149,6902,CBA
Portunus_pelagicus-Indian Ocean_Western,Portunus pelagicus,Blue swimming crab,"Crabs, sea-spiders",Indian Ocean Western,1.397957699,1.550841747,1.629749339,1.707199925,1.867699079,0.117495021,1.630815677,52352.8294,2002,0.446542981,82694.05886,8958.518131,0.22327149,5454,CBA
Portunus_pelagicus-Indian Ocean_Western,Portunus pelagicus,Blue swimming crab,"Crabs, sea-spiders",Indian Ocean Western,1.378592769,1.525732949,1.60993376,1.693175089,1.855318357,0.121538952,1.610393362,52352.8294,2003,0.446542981,82694.05886,8958.518131,0.22327149,6285,CBA
Portunus_pelagicus-Indian Ocean_Western,Portunus pelagicus,Blue swimming crab,"Crabs, sea-spiders",Indian Ocean Western,1.344750606,1.488641921,1.571675459,1.651023405,1.821771909,0.120862078,1.573157342,52352.8294,2004,0.446542981,82694.05886,8958.518131,0.22327149,7119,CBA
Portunus_pelagicus-Indian Ocean_Western,Portunus pelagicus,Blue swimming crab,"Crabs, sea-spiders",Indian Ocean Western,1.294615509,1.446743838,1.528442154,1.606263931,1.774486513,0.122440102,1.529109647,52352.8294,2005,0.446542981,82694.05886,8958.518131,0.22327149,8065,CBA
Portunus_pelagicus-Indian Ocean_Western,Portunus pelagicus,Blue swimming crab,"Crabs, sea-spiders",Indian Ocean Western,1.259239253,1.409922599,1.488144029,1.573468795,1.743699902,0.124304707,1.492594872,52352.8294,2006,0.446542981,82694.05886,8958.518131,0.22327149,8056,CBA
Portunus_pelagicus-Indian Ocean_Western,Portunus pelagicus,Blue swimming crab,"Crabs, sea-spiders",Indian Ocean Western,1.19398838,1.351184177,1.428221303,1.511612059,1.681005301,0.123822311,1.431050685,52352.8294,2007,0.446542981,82694.05886,8958.518131,0.22327149,9485,CBA
Portunus_pelagicus-Indian Ocean_Western,Portunus pelagicus,Blue swimming crab,"Crabs, sea-spiders",Indian Ocean Western,1.125784515,1.274556207,1.349143351,1.438272506,1.623683436,0.125066844,1.356950768,52352.8294,2008,0.446542981,82694.05886,8958.518131,0.22327149,10506,CBA
Portunus_pelagicus-Indian Ocean_Western,Portunus pelagicus,Blue swimming crab,"Crabs, sea-spiders",Indian Ocean Western,1.027215754,1.170135969,1.250259909,1.342269721,1.526166994,0.129688116,1.26055635,52352.8294,2009,0.446542981,82694.05886,8958.518131,0.22327149,11858,CBA
Portunus_pelagicus-Indian Ocean_Western,Portunus pelagicus,Blue swimming crab,"Crabs, sea-spiders",Indian Ocean Western,0.980054667,1.120852167,1.215640741,1.311353557,1.53360725,0.140079181,1.223017017,52352.8294,2010,0.446542981,82694.05886,8958.518131,0.22327149,10067,CBA
Portunus_pelagicus-Indian Ocean_Western,Portunus pelagicus,Blue swimming crab,"Crabs, sea-spiders",Indian Ocean Western,0.969340447,1.107742754,1.201395475,1.310491222,1.53126119,0.147596521,1.216654716,52352.8294,2011,0.446542981,82694.05886,8958.518131,0.22327149,8856,CBA
Portunus_pelagicus-Indian Ocean_Western,Portunus pelagicus,Blue swimming crab,"Crabs, sea-spiders",Indian Ocean Western,0.910643283,1.046607009,1.142136614,1.261854426,1.50008994,0.154662193,1.161677685,52352.8294,2012,0.446542981,82694.05886,8958.518131,0.22327149,10808,CBA
Portunus_pelagicus-Indian Ocean_Western,Portunus pelagicus,Blue swimming crab,"Crabs, sea-spiders",Indian Ocean Western,0.904728345,1.037061317,1.140576877,1.270583039,1.514919402,0.165907458,1.163629135,52352.8294,2013,0.446542981,82694.05886,8958.518131,0.22327149,8631,CBA
Portunus_pelagicus-Indian Ocean_Western,Portunus pelagicus,Blue swimming crab,"Crabs, sea-spiders",Indian Ocean Western,0.846557723,0.964321259,1.08150607,1.227370479,1.476368531,0.173354625,1.105582345,52352.8294,2014,0.446542981,82694.05886,8958.518131,0.22327149,11010,CBA
Portunus_pelagicus-Indian Ocean_Western,Portunus pelagicus,Blue swimming crab,"Crabs, sea-spiders",Indian Ocean Western,0.743439482,0.867954569,0.988042526,1.158837806,1.410715053,0.187687644,1.019660182,52352.8294,2015,0.446542981,82694.05886,8958.518131,0.22327149,12165,CBA
Portunus_pelagicus-Indian Ocean_Western,Portunus pelagicus,Blue swimming crab,"Crabs, sea-spiders",Indian Ocean Western,0.613508619,0.746922982,0.890624718,1.076933772,1.329177084,0.206104758,0.918700004,52352.8294,2016,0.446542981,82694.05886,8958.518131,0.22327149,12736,CBA
Portunus_pelagicus-Pacific_Northwest,Portunus pelagicus,Blue swimming crab,"Crabs, sea-spiders",Pacific Northwest,1.077793828,1.304588353,1.473878734,1.665560954,1.936651864,0.235754076,1.487848173,312320.8864,1983,0.654835496,518324.9811,78633.37398,0.327417748,1846,CBA
Portunus_pelagicus-Pacific_Northwest,Portunus pelagicus,Blue swimming crab,"Crabs, sea-spiders",Pacific Northwest,1.248284244,1.523048173,1.693417467,1.839385242,1.979493007,0.204355746,1.670838448,312320.8864,1984,0.654835496,518324.9811,78633.37398,0.327417748,3878,CBA
Portunus_pelagicus-Pacific_Northwest,Portunus pelagicus,Blue swimming crab,"Crabs, sea-spiders",Pacific Northwest,1.387228745,1.670503382,1.805837146,1.899826101,1.988111066,0.163415644,1.770880087,312320.8864,1985,0.654835496,518324.9811,78633.37398,0.327417748,4336,CBA
Portunus_pelagicus-Pacific_Northwest,Portunus pelagicus,Blue swimming crab,"Crabs, sea-spiders",Pacific Northwest,1.502145477,1.75184009,1.849329256,1.921286964,1.991096125,0.129762915,1.822271477,312320.8864,1986,0.654835496,518324.9811,78633.37398,0.327417748,4687,CBA
Portunus_pelagicus-Pacific_Northwest,Portunus pelagicus,Blue swimming crab,"Crabs, sea-spiders",Pacific Northwest,1.584583765,1.787587752,1.86456036,1.925590767,1.990496578,0.107020362,1.845649942,312320.8864,1987,0.654835496,518324.9811,78633.37398,0.327417748,6153,CBA
Portunus_pelagicus-Pacific_Northwest,Portunus pelagicus,Blue swimming crab,"Crabs, sea-spiders",Pacific Northwest,1.632025865,1.796982959,1.867683555,1.926962195,1.990172236,0.095137641,1.854314761,312320.8864,1988,0.654835496,518324.9811,78633.37398,0.327417748,8111,CBA
Portunus_pelagicus-Pacific_Northwest,Portunus pelagicus,Blue swimming crab,"Crabs, sea-spiders",Pacific Northwest,1.662641065,1.815769245,1.880877637,1.936446003,1.99327822,0.088284144,1.868437313,312320.8864,1989,0.654835496,518324.9811,78633.37398,0.327417748,6094,CBA
Portunus_pelagicus-Pacific_Northwest,Portunus pelagicus,Blue swimming crab,"Crabs, sea-spiders",Pacific Northwest,1.647216705,1.781452758,1.846408107,1.906229361,1.985968715,0.08972672,1.839347866,312320.8864,1990,0.654835496,518324.9811,78633.37398,0.327417748,18911,CBA
Portunus_pelagicus-Pacific_Northwest,Portunus pelagicus,Blue swimming crab,"Crabs, sea-spiders",Pacific Northwest,1.629897509,1.767395871,1.833353296,1.896899573,1.982021902,0.092300156,1.82781158,312320.8864,1991,0.654835496,518324.9811,78633.37398,0.327417748,19930,CBA
Portunus_pelagicus-Pacific_Northwest,Portunus pelagicus,Blue swimming crab,"Crabs, sea-spiders",Pacific Northwest,1.637241035,1.777694668,1.84409017,1.905907924,1.985792182,0.091444647,1.836951239,312320.8864,1992,0.654835496,518324.9811,78633.37398,0.327417748,15880,CBA
Portunus_pelagicus-Pacific_Northwest,Portunus pelagicus,Blue swimming crab,"Crabs, sea-spiders",Pacific Northwest,1.642409597,1.780165074,1.846784309,1.907533288,1.985678483,0.090406345,1.839340277,312320.8864,1993,0.654835496,518324.9811,78633.37398,0.327417748,16579,CBA
Portunus_pelagicus-Pacific_Northwest,Portunus pelagicus,Blue swimming crab,"Crabs, sea-spiders",Pacific Northwest,1.63240823,1.766393537,1.8329759,1.895619524,1.981764136,0.092052769,1.826630885,312320.8864,1994,0.654835496,518324.9811,78633.37398,0.327417748,21690,CBA
Portunus_pelagicus-Pacific_Northwest,Portunus pelagicus,Blue swimming crab,"Crabs, sea-spiders",Pacific Northwest,1.600923653,1.738820662,1.806629727,1.873293312,1.976335114,0.096926695,1.802843085,312320.8864,1995,0.654835496,518324.9811,78633.37398,0.327417748,27976,CBA
Portunus_pelagicus-Pacific_Northwest,Portunus pelagicus,Blue swimming crab,"Crabs, sea-spiders",Pacific Northwest,1.492175383,1.624068945,1.696165863,1.767079537,1.905565345,0.104788935,1.696276436,312320.8864,1996,0.654835496,518324.9811,78633.37398,0.327417748,52679,CBA
Portunus_pelagicus-Pacific_Northwest,Portunus pelagicus,Blue swimming crab,"Crabs, sea-spiders",Pacific Northwest,1.473970111,1.611037924,1.684915757,1.759316777,1.901072283,0.109243657,1.685062552,312320.8864,1997,0.654835496,518324.9811,78633.37398,0.327417748,43422,CBA
Portunus_pelagicus-Pacific_Northwest,Portunus pelagicus,Blue swimming crab,"Crabs, sea-spiders",Pacific Northwest,1.454954175,1.598771466,1.676200692,1.752417134,1.899257445,0.112393285,1.675644789,312320.8864,1998,0.654835496,518324.9811,78633.37398,0.327417748,43677,CBA
Portunus_pelagicus-Pacific_Northwest,Portunus pelagicus,Blue swimming crab,"Crabs, sea-spiders",Pacific Northwest,1.431919102,1.581051418,1.658903185,1.73628687,1.884612497,0.114802171,1.658289574,312320.8864,1999,0.654835496,518324.9811,78633.37398,0.327417748,46114,CBA
Portunus_pelagicus-Pacific_Northwest,Portunus pelagicus,Blue swimming crab,"Crabs, sea-spiders",Pacific Northwest,1.400846562,1.553273485,1.63135689,1.71036699,1.865744531,0.117701891,1.631508438,312320.8864,2000,0.654835496,518324.9811,78633.37398,0.327417748,50086,CBA
Portunus_pelagicus-Pacific_Northwest,Portunus pelagicus,Blue swimming crab,"Crabs, sea-spiders",Pacific Northwest,1.371491528,1.526805531,1.607309661,1.687728633,1.838557681,0.119275262,1.606942056,312320.8864,2001,0.654835496,518324.9811,78633.37398,0.327417748,52394,CBA
Portunus_pelagicus-Pacific_Northwest,Portunus pelagicus,Blue swimming crab,"Crabs, sea-spiders",Pacific Northwest,1.348033601,1.506765823,1.588349565,1.668813454,1.827709754,0.122101551,1.587814828,312320.8864,2002,0.654835496,518324.9811,78633.37398,0.327417748,53762,CBA
Portunus_pelagicus-Pacific_Northwest,Portunus pelagicus,Blue swimming crab,"Crabs, sea-spiders",Pacific Northwest,1.27076138,1.425192297,1.509910232,1.59520835,1.763331564,0.125562297,1.51163458,312320.8864,2003,0.654835496,518324.9811,78633.37398,0.327417748,69080,CBA
Portunus_pelagicus-Pacific_Northwest,Portunus pelagicus,Blue swimming crab,"Crabs, sea-spiders",Pacific Northwest,1.22171397,1.382028394,1.470858293,1.564845053,1.73529052,0.132250363,1.473761154,312320.8864,2004,0.654835496,518324.9811,78633.37398,0.327417748,66513,CBA
Portunus_pelagicus-Pacific_Northwest,Portunus pelagicus,Blue swimming crab,"Crabs, sea-spiders",Pacific Northwest,1.231698199,1.39863124,1.494472009,1.590499337,1.765135804,0.138054759,1.49490921,312320.8864,2005,0.654835496,518324.9811,78633.37398,0.327417748,55425,CBA
Portunus_pelagicus-Pacific_Northwest,Portunus pelagicus,Blue swimming crab,"Crabs, sea-spiders",Pacific Northwest,1.217780497,1.391420531,1.488950391,1.584418454,1.760176805,0.140459542,1.488280331,312320.8864,2006,0.654835496,518324.9811,78633.37398,0.327417748,59952,CBA
Portunus_pelagicus-Pacific_Northwest,Portunus pelagicus,Blue swimming crab,"Crabs, sea-spiders",Pacific Northwest,1.169613041,1.340823488,1.440980375,1.539103174,1.720574234,0.142577943,1.441268622,312320.8864,2007,0.654835496,518324.9811,78633.37398,0.327417748,70040,CBA
Portunus_pelagicus-Pacific_Northwest,Portunus pelagicus,Blue swimming crab,"Crabs, sea-spiders",Pacific Northwest,1.14962806,1.32476625,1.428328123,1.53107784,1.716400469,0.147391219,1.42900515,312320.8864,2008,0.654835496,518324.9811,78633.37398,0.327417748,65424,CBA
Portunus_pelagicus-Pacific_Northwest,Portunus pelagicus,Blue swimming crab,"Crabs, sea-spiders",Pacific Northwest,1.148767149,1.330490887,1.435077889,1.543217211,1.725781753,0.15112712,1.436797472,312320.8864,2009,0.654835496,518324.9811,78633.37398,0.327417748,61307,CBA
Portunus_pelagicus-Pacific_Northwest,Portunus pelagicus,Blue swimming crab,"Crabs, sea-spiders",Pacific Northwest,1.104578867,1.274583645,1.382463532,1.492732748,1.677962992,0.151027262,1.384965514,312320.8864,2010,0.654835496,518324.9811,78633.37398,0.327417748,74618,CBA
Portunus_pelagicus-Pacific_Northwest,Portunus pelagicus,Blue swimming crab,"Crabs, sea-spiders",Pacific Northwest,1.052964865,1.21690509,1.328739886,1.44484807,1.644325975,0.1564322,1.334295149,312320.8864,2011,0.654835496,518324.9811,78633.37398,0.327417748,77788,CBA
Portunus_pelagicus-Pacific_Northwest,Portunus pelagicus,Blue swimming crab,"Crabs, sea-spiders",Pacific Northwest,1.004647371,1.168175345,1.28651443,1.413043181,1.61210558,0.164003055,1.29308022,312320.8864,2012,0.654835496,518324.9811,78633.37398,0.327417748,78147,CBA
Portunus_pelagicus-Pacific_Northwest,Portunus pelagicus,Blue swimming crab,"Crabs, sea-spiders",Pacific Northwest,0.933784139,1.093301215,1.227615738,1.365160367,1.566921592,0.174315413,1.232937814,312320.8864,2013,0.654835496,518324.9811,78633.37398,0.327417748,84398,CBA
Portunus_pelagicus-Pacific_Northwest,Portunus pelagicus,Blue swimming crab,"Crabs, sea-spiders",Pacific Northwest,0.839637754,0.994952646,1.148984201,1.302984195,1.506447656,0.188873503,1.153433307,312320.8864,2014,0.654835496,518324.9811,78633.37398,0.327417748,90961,CBA
Portunus_pelagicus-Pacific_Northwest,Portunus pelagicus,Blue swimming crab,"Crabs, sea-spiders",Pacific Northwest,0.749742596,0.916616237,1.098215787,1.268503635,1.460306025,0.209211104,1.095709117,312320.8864,2015,0.654835496,518324.9811,78633.37398,0.327417748,87305,CBA
Portunus_pelagicus-Pacific_Northwest,Portunus pelagicus,Blue swimming crab,"Crabs, sea-spiders",Pacific Northwest,0.621324999,0.812052914,1.028790453,1.222872294,1.382891374,0.234014824,1.017035075,312320.8864,2016,0.654835496,518324.9811,78633.37398,0.327417748,92219,CBA
Portunus_pelagicus-Pacific_Western Central,Portunus pelagicus,Blue swimming crab,"Crabs, sea-spiders",Pacific Western Central,1.032595396,1.259856765,1.430535654,1.613636384,1.888946058,0.229725864,1.443195976,525472.8712,1951,0.434816407,829305.8366,86470.44245,0.217408204,100,CBA
Portunus_pelagicus-Pacific_Western Central,Portunus pelagicus,Blue swimming crab,"Crabs, sea-spiders",Pacific Western Central,1.191606955,1.437538529,1.598653232,1.738150801,1.944916378,0.201823666,1.588020366,525472.8712,1952,0.434816407,829305.8366,86470.44245,0.217408204,400,CBA
Portunus_pelagicus-Pacific_Western Central,Portunus pelagicus,Blue swimming crab,"Crabs, sea-spiders",Pacific Western Central,1.331964276,1.571742383,1.711986859,1.821782805,1.961935385,0.169999981,1.6910638,525472.8712,1953,0.434816407,829305.8366,86470.44245,0.217408204,500,CBA
Portunus_pelagicus-Pacific_Western Central,Portunus pelagicus,Blue swimming crab,"Crabs, sea-spiders",Pacific Western Central,1.423730372,1.675637389,1.780484824,1.869471611,1.981944531,0.145322897,1.761227469,525472.8712,1954,0.434816407,829305.8366,86470.44245,0.217408204,400,CBA
Portunus_pelagicus-Pacific_Western Central,Portunus pelagicus,Blue swimming crab,"Crabs, sea-spiders",Pacific Western Central,1.513004044,1.722644449,1.817047528,1.896508734,1.981832217,0.12509254,1.801271823,525472.8712,1955,0.434816407,829305.8366,86470.44245,0.217408204,500,CBA
Portunus_pelagicus-Pacific_Western Central,Portunus pelagicus,Blue swimming crab,"Crabs, sea-spiders",Pacific Western Central,1.58682356,1.760087159,1.84169522,1.906004564,1.991368917,0.109261857,1.826581133,525472.8712,1956,0.434816407,829305.8366,86470.44245,0.217408204,500,CBA
Portunus_pelagicus-Pacific_Western Central,Portunus pelagicus,Blue swimming crab,"Crabs, sea-spiders",Pacific Western Central,1.599359044,1.781807214,1.849401468,1.91637568,1.990060209,0.101728004,1.839528196,525472.8712,1957,0.434816407,829305.8366,86470.44245,0.217408204,500,CBA
Portunus_pelagicus-Pacific_Western Central,Portunus pelagicus,Blue swimming crab,"Crabs, sea-spiders",Pacific Western Central,1.633135714,1.794510746,1.859199525,1.922952088,1.989920199,0.096137235,1.849485809,525472.8712,1958,0.434816407,829305.8366,86470.44245,0.217408204,500,CBA
Portunus_pelagicus-Pacific_Western Central,Portunus pelagicus,Blue swimming crab,"Crabs, sea-spiders",Pacific Western Central,1.655625436,1.801480647,1.866317943,1.925233118,1.988826998,0.088357268,1.856396065,525472.8712,1959,0.434816407,829305.8366,86470.44245,0.217408204,500,CBA
Portunus_pelagicus-Pacific_Western Central,Portunus pelagicus,Blue swimming crab,"Crabs, sea-spiders",Pacific Western Central,1.65513521,1.801251454,1.865657235,1.926067987,1.989866106,0.087837518,1.857239177,525472.8712,1960,0.434816407,829305.8366,86470.44245,0.217408204,600,CBA
Portunus_pelagicus-Pacific_Western Central,Portunus pelagicus,Blue swimming crab,"Crabs, sea-spiders",Pacific Western Central,1.64668578,1.800605072,1.867456485,1.926116238,1.990998302,0.09131356,1.856323728,525472.8712,1961,0.434816407,829305.8366,86470.44245,0.217408204,500,CBA
Portunus_pelagicus-Pacific_Western Central,Portunus pelagicus,Blue swimming crab,"Crabs, sea-spiders",Pacific Western Central,1.663650175,1.806607874,1.871642608,1.926352306,1.988629564,0.085477376,1.861559694,525472.8712,1962,0.434816407,829305.8366,86470.44245,0.217408204,500,CBA
Portunus_pelagicus-Pacific_Western Central,Portunus pelagicus,Blue swimming crab,"Crabs, sea-spiders",Pacific Western Central,1.66159227,1.789516256,1.851769333,1.914116462,1.987632812,0.087278588,1.846240632,525472.8712,1963,0.434816407,829305.8366,86470.44245,0.217408204,9400,CBA
Portunus_pelagicus-Pacific_Western Central,Portunus pelagicus,Blue swimming crab,"Crabs, sea-spiders",Pacific Western Central,1.653038323,1.782496293,1.845869774,1.904109297,1.987062943,0.086850146,1.841323028,525472.8712,1964,0.434816407,829305.8366,86470.44245,0.217408204,9500,CBA
Portunus_pelagicus-Pacific_Western Central,Portunus pelagicus,Blue swimming crab,"Crabs, sea-spiders",Pacific Western Central,1.649257908,1.783469398,1.8485562,1.908118894,1.986828959,0.090048045,1.840775714,525472.8712,1965,0.434816407,829305.8366,86470.44245,0.217408204,11300,CBA
Portunus_pelagicus-Pacific_Western Central,Portunus pelagicus,Blue swimming crab,"Crabs, sea-spiders",Pacific Western Central,1.631341439,1.780983753,1.84726282,1.907387828,1.984002846,0.090558337,1.838392917,525472.8712,1966,0.434816407,829305.8366,86470.44245,0.217408204,13500,CBA
Portunus_pelagicus-Pacific_Western Central,Portunus pelagicus,Blue swimming crab,"Crabs, sea-spiders",Pacific Western Central,1.634700062,1.769205733,1.839858812,1.90599677,1.985081059,0.093438732,1.832555194,525472.8712,1967,0.434816407,829305.8366,86470.44245,0.217408204,16700,CBA
Portunus_pelagicus-Pacific_Western Central,Portunus pelagicus,Blue swimming crab,"Crabs, sea-spiders",Pacific Western Central,1.594652529,1.732154285,1.797934711,1.863600732,1.969998968,0.095581902,1.795835714,525472.8712,1968,0.434816407,829305.8366,86470.44245,0.217408204,33300,CBA
Portunus_pelagicus-Pacific_Western Central,Portunus pelagicus,Blue swimming crab,"Crabs, sea-spiders",Pacific Western Central,1.59169438,1.746303654,1.813121355,1.874899586,1.97430417,0.095316251,1.806302421,525472.8712,1969,0.434816407,829305.8366,86470.44245,0.217408204,19200,CBA
Portunus_pelagicus-Pacific_Western Central,Portunus pelagicus,Blue swimming crab,"Crabs, sea-spiders",Pacific Western Central,1.594680343,1.740421401,1.811678533,1.873720728,1.973616461,0.097291209,1.803799862,525472.8712,1970,0.434816407,829305.8366,86470.44245,0.217408204,23100,CBA
Portunus_pelagicus-Pacific_Western Central,Portunus pelagicus,Blue swimming crab,"Crabs, sea-spiders",Pacific Western Central,1.586083728,1.737072392,1.80892966,1.879670491,1.980185673,0.100775397,1.804588601,525472.8712,1971,0.434816407,829305.8366,86470.44245,0.217408204,23700,CBA
Portunus_pelagicus-Pacific_Western Central,Portunus pelagicus,Blue swimming crab,"Crabs, sea-spiders",Pacific Western Central,1.594394478,1.72806382,1.805932696,1.871938996,1.973890943,0.100245384,1.797584367,525472.8712,1972,0.434816407,829305.8366,86470.44245,0.217408204,26500,CBA
Portunus_pelagicus-Pacific_Western Central,Portunus pelagicus,Blue swimming crab,"Crabs, sea-spiders",Pacific Western Central,1.576422934,1.716068141,1.794084855,1.870679486,1.972444823,0.105092966,1.791302539,525472.8712,1973,0.434816407,829305.8366,86470.44245,0.217408204,27300,CBA
Portunus_pelagicus-Pacific_Western Central,Portunus pelagicus,Blue swimming crab,"Crabs, sea-spiders",Pacific Western Central,1.553539754,1.695394891,1.771649693,1.843039654,1.959624777,0.106569381,1.766534235,525472.8712,1974,0.434816407,829305.8366,86470.44245,0.217408204,36607,CBA
Portunus_pelagicus-Pacific_Western Central,Portunus pelagicus,Blue swimming crab,"Crabs, sea-spiders",Pacific Western Central,1.551078582,1.691872627,1.772331523,1.850254632,1.964604017,0.10990995,1.768858809,525472.8712,1975,0.434816407,829305.8366,86470.44245,0.217408204,31412,CBA
Portunus_pelagicus-Pacific_Western Central,Portunus pelagicus,Blue swimming crab,"Crabs, sea-spiders",Pacific Western Central,1.548027744,1.691322594,1.765690849,1.844603249,1.963536154,0.109709905,1.765008032,525472.8712,1976,0.434816407,829305.8366,86470.44245,0.217408204,30808,CBA
Portunus_pelagicus-Pacific_Western Central,Portunus pelagicus,Blue swimming crab,"Crabs, sea-spiders",Pacific Western Central,1.525028078,1.689454774,1.767787453,1.844925759,1.954054649,0.110461112,1.761018074,525472.8712,1977,0.434816407,829305.8366,86470.44245,0.217408204,32547,CBA
Portunus_pelagicus-Pacific_Western Central,Portunus pelagicus,Blue swimming crab,"Crabs, sea-spiders",Pacific Western Central,1.540883986,1.683414154,1.758351599,1.834823865,1.95414674,0.109766106,1.756155599,525472.8712,1978,0.434816407,829305.8366,86470.44245,0.217408204,35291,CBA
Portunus_pelagicus-Pacific_Western Central,Portunus pelagicus,Blue swimming crab,"Crabs, sea-spiders",Pacific Western Central,1.498188192,1.656103464,1.734877064,1.806641567,1.947475725,0.110570675,1.731128947,525472.8712,1979,0.434816407,829305.8366,86470.44245,0.217408204,43111,CBA
Portunus_pelagicus-Pacific_Western Central,Portunus pelagicus,Blue swimming crab,"Crabs, sea-spiders",Pacific Western Central,1.488634792,1.64634311,1.72727779,1.807876802,1.945892008,0.11465023,1.724459394,525472.8712,1980,0.434816407,829305.8366,86470.44245,0.217408204,40949,CBA
Portunus_pelagicus-Pacific_Western Central,Portunus pelagicus,Blue swimming crab,"Crabs, sea-spiders",Pacific Western Central,1.47481651,1.625918955,1.704695186,1.783034887,1.922442425,0.115065533,1.703972238,525472.8712,1981,0.434816407,829305.8366,86470.44245,0.217408204,46123,CBA
Portunus_pelagicus-Pacific_Western Central,Portunus pelagicus,Blue swimming crab,"Crabs, sea-spiders",Pacific Western Central,1.484299028,1.630577303,1.715118971,1.797444582,1.935656387,0.116412946,1.711991873,525472.8712,1982,0.434816407,829305.8366,86470.44245,0.217408204,38299,CBA
Portunus_pelagicus-Pacific_Western Central,Portunus pelagicus,Blue swimming crab,"Crabs, sea-spiders",Pacific Western Central,1.455673708,1.600078033,1.676575213,1.763118569,1.916235744,0.118920935,1.680847615,525472.8712,1983,0.434816407,829305.8366,86470.44245,0.217408204,53525,CBA
Portunus_pelagicus-Pacific_Western Central,Portunus pelagicus,Blue swimming crab,"Crabs, sea-spiders",Pacific Western Central,1.461655747,1.614015734,1.691311271,1.770728795,1.917027287,0.117296449,1.691865987,525472.8712,1984,0.434816407,829305.8366,86470.44245,0.217408204,41629,CBA
Portunus_pelagicus-Pacific_Western Central,Portunus pelagicus,Blue swimming crab,"Crabs, sea-spiders",Pacific Western Central,1.464118631,1.621591503,1.699529541,1.780809386,1.919407364,0.11703644,1.696931504,525472.8712,1985,0.434816407,829305.8366,86470.44245,0.217408204,40144,CBA
Portunus_pelagicus-Pacific_Western Central,Portunus pelagicus,Blue swimming crab,"Crabs, sea-spiders",Pacific Western Central,1.458077134,1.612317622,1.689112488,1.768394702,1.914803562,0.118018482,1.69023202,525472.8712,1986,0.434816407,829305.8366,86470.44245,0.217408204,45852,CBA
Portunus_pelagicus-Pacific_Western Central,Portunus pelagicus,Blue swimming crab,"Crabs, sea-spiders",Pacific Western Central,1.448043344,1.601961167,1.69157403,1.770705277,1.924571998,0.1215253,1.68705337,525472.8712,1987,0.434816407,829305.8366,86470.44245,0.217408204,47820,CBA
Portunus_pelagicus-Pacific_Western Central,Portunus pelagicus,Blue swimming crab,"Crabs, sea-spiders",Pacific Western Central,1.42640013,1.58569128,1.667660921,1.746435901,1.901186344,0.120319035,1.664819154,525472.8712,1988,0.434816407,829305.8366,86470.44245,0.217408204,53835,CBA
Portunus_pelagicus-Pacific_Western Central,Portunus pelagicus,Blue swimming crab,"Crabs, sea-spiders",Pacific Western Central,1.410756257,1.580635388,1.662741834,1.743230747,1.897535323,0.12240145,1.659897033,525472.8712,1989,0.434816407,829305.8366,86470.44245,0.217408204,49691,CBA
Portunus_pelagicus-Pacific_Western Central,Portunus pelagicus,Blue swimming crab,"Crabs, sea-spiders",Pacific Western Central,1.403547664,1.565712092,1.65566041,1.740760827,1.892357455,0.126113005,1.652305757,525472.8712,1990,0.434816407,829305.8366,86470.44245,0.217408204,50471,CBA
Portunus_pelagicus-Pacific_Western Central,Portunus pelagicus,Blue swimming crab,"Crabs, sea-spiders",Pacific Western Central,1.393420147,1.555121187,1.640778677,1.722278536,1.887813904,0.123913137,1.640170442,525472.8712,1991,0.434816407,829305.8366,86470.44245,0.217408204,55368,CBA
Portunus_pelagicus-Pacific_Western Central,Portunus pelagicus,Blue swimming crab,"Crabs, sea-spiders",Pacific Western Central,1.316096141,1.481273861,1.563254894,1.649418042,1.816775976,0.123641209,1.565278324,525472.8712,1992,0.434816407,829305.8366,86470.44245,0.217408204,80160,CBA
Portunus_pelagicus-Pacific_Western Central,Portunus pelagicus,Blue swimming crab,"Crabs, sea-spiders",Pacific Western Central,1.301978731,1.455419267,1.53690993,1.624523681,1.803132116,0.12525542,1.541049492,525472.8712,1993,0.434816407,829305.8366,86470.44245,0.217408204,68835,CBA
Portunus_pelagicus-Pacific_Western Central,Portunus pelagicus,Blue swimming crab,"Crabs, sea-spiders",Pacific Western Central,1.266743661,1.424420927,1.510403353,1.591102645,1.802514109,0.131047066,1.513627051,525472.8712,1994,0.434816407,829305.8366,86470.44245,0.217408204,72119,CBA
Portunus_pelagicus-Pacific_Western Central,Portunus pelagicus,Blue swimming crab,"Crabs, sea-spiders",Pacific Western Central,1.22663061,1.391443957,1.467791117,1.565217489,1.750897362,0.13286307,1.477619845,525472.8712,1995,0.434816407,829305.8366,86470.44245,0.217408204,78449,CBA
Portunus_pelagicus-Pacific_Western Central,Portunus pelagicus,Blue swimming crab,"Crabs, sea-spiders",Pacific Western Central,1.200721933,1.358817651,1.444491232,1.542801544,1.724935142,0.136722234,1.451066267,525472.8712,1996,0.434816407,829305.8366,86470.44245,0.217408204,78423,CBA
Portunus_pelagicus-Pacific_Western Central,Portunus pelagicus,Blue swimming crab,"Crabs, sea-spiders",Pacific Western Central,1.163094448,1.322752932,1.407303156,1.514344598,1.707214381,0.140976028,1.416667885,525472.8712,1997,0.434816407,829305.8366,86470.44245,0.217408204,82486,CBA
Portunus_pelagicus-Pacific_Western Central,Portunus pelagicus,Blue swimming crab,"Crabs, sea-spiders",Pacific Western Central,1.146940336,1.306465892,1.405334237,1.508446501,1.698335128,0.142457544,1.409133311,525472.8712,1998,0.434816407,829305.8366,86470.44245,0.217408204,74215,CBA
Portunus_pelagicus-Pacific_Western Central,Portunus pelagicus,Blue swimming crab,"Crabs, sea-spiders",Pacific Western Central,1.118949621,1.285143154,1.384487742,1.485272558,1.6838231,0.145578558,1.387643239,525472.8712,1999,0.434816407,829305.8366,86470.44245,0.217408204,81495,CBA
Portunus_pelagicus-Pacific_Western Central,Portunus pelagicus,Blue swimming crab,"Crabs, sea-spiders",Pacific Western Central,1.068790278,1.246283444,1.3426544,1.450030097,1.643997961,0.148944871,1.348297462,525472.8712,2000,0.434816407,829305.8366,86470.44245,0.217408204,88406,CBA
Portunus_pelagicus-Pacific_Western Central,Portunus pelagicus,Blue swimming crab,"Crabs, sea-spiders",Pacific Western Central,1.009062192,1.197611945,1.296590275,1.414948219,1.619463621,0.154184777,1.304883139,525472.8712,2001,0.434816407,829305.8366,86470.44245,0.217408204,91045,CBA
Portunus_pelagicus-Pacific_Western Central,Portunus pelagicus,Blue swimming crab,"Crabs, sea-spiders",Pacific Western Central,1.020416835,1.200432327,1.303932316,1.425394398,1.630929545,0.160913947,1.311623179,525472.8712,2002,0.434816407,829305.8366,86470.44245,0.217408204,76120,CBA
Portunus_pelagicus-Pacific_Western Central,Portunus pelagicus,Blue swimming crab,"Crabs, sea-spiders",Pacific Western Central,0.984779639,1.167034329,1.282555183,1.406568182,1.620310258,0.167725679,1.289962074,525472.8712,2003,0.434816407,829305.8366,86470.44245,0.217408204,87000,CBA
Portunus_pelagicus-Pacific_Western Central,Portunus pelagicus,Blue swimming crab,"Crabs, sea-spiders",Pacific Western Central,0.971496278,1.167706407,1.281921189,1.402647819,1.626319975,0.169575449,1.287645076,525472.8712,2004,0.434816407,829305.8366,86470.44245,0.217408204,79296,CBA
Portunus_pelagicus-Pacific_Western Central,Portunus pelagicus,Blue swimming crab,"Crabs, sea-spiders",Pacific Western Central,0.984384145,1.18782593,1.298477495,1.415502402,1.664686982,0.173014786,1.305677843,525472.8712,2005,0.434816407,829305.8366,86470.44245,0.217408204,71959,CBA
Portunus_pelagicus-Pacific_Western Central,Portunus pelagicus,Blue swimming crab,"Crabs, sea-spiders",Pacific Western Central,0.981314818,1.164176972,1.287320183,1.411293171,1.64497592,0.173908564,1.292724784,525472.8712,2006,0.434816407,829305.8366,86470.44245,0.217408204,81356,CBA
Portunus_pelagicus-Pacific_Western Central,Portunus pelagicus,Blue swimming crab,"Crabs, sea-spiders",Pacific Western Central,0.982332462,1.162630196,1.2820379,1.410293378,1.645553693,0.173587354,1.290062418,525472.8712,2007,0.434816407,829305.8366,86470.44245,0.217408204,78869,CBA
Portunus_pelagicus-Pacific_Western Central,Portunus pelagicus,Blue swimming crab,"Crabs, sea-spiders",Pacific Western Central,0.957919116,1.138902761,1.253464315,1.382079823,1.619992088,0.1753037,1.268014771,525472.8712,2008,0.434816407,829305.8366,86470.44245,0.217408204,88358,CBA
Portunus_pelagicus-Pacific_Western Central,Portunus pelagicus,Blue swimming crab,"Crabs, sea-spiders",Pacific Western Central,0.953119867,1.135900338,1.258897635,1.396196026,1.640054839,0.179797363,1.269774324,525472.8712,2009,0.434816407,829305.8366,86470.44245,0.217408204,79750,CBA
Portunus_pelagicus-Pacific_Western Central,Portunus pelagicus,Blue swimming crab,"Crabs, sea-spiders",Pacific Western Central,0.935081509,1.117242227,1.242092262,1.379945222,1.632923391,0.18230518,1.251815243,525472.8712,2010,0.434816407,829305.8366,86470.44245,0.217408204,85474,CBA
Portunus_pelagicus-Pacific_Western Central,Portunus pelagicus,Blue swimming crab,"Crabs, sea-spiders",Pacific Western Central,0.907609879,1.100772521,1.226235708,1.35638933,1.592345342,0.181169401,1.2306893,525472.8712,2011,0.434816407,829305.8366,86470.44245,0.217408204,87117,CBA
Portunus_pelagicus-Pacific_Western Central,Portunus pelagicus,Blue swimming crab,"Crabs, sea-spiders",Pacific Western Central,0.878852605,1.06719354,1.202621463,1.342519178,1.589934017,0.185775054,1.209319365,525472.8712,2012,0.434816407,829305.8366,86470.44245,0.217408204,88134,CBA
Portunus_pelagicus-Pacific_Western Central,Portunus pelagicus,Blue swimming crab,"Crabs, sea-spiders",Pacific Western Central,0.855334983,1.046152582,1.184317103,1.331894341,1.560824096,0.190977571,1.193300566,525472.8712,2013,0.434816407,829305.8366,86470.44245,0.217408204,87069,CBA
Portunus_pelagicus-Pacific_Western Central,Portunus pelagicus,Blue swimming crab,"Crabs, sea-spiders",Pacific Western Central,0.843947135,1.025906037,1.165356626,1.31765612,1.563795234,0.197011543,1.177778852,525472.8712,2014,0.434816407,829305.8366,86470.44245,0.217408204,87307,CBA
Portunus_pelagicus-Pacific_Western Central,Portunus pelagicus,Blue swimming crab,"Crabs, sea-spiders",Pacific Western Central,0.76952286,0.943570721,1.087709578,1.253752873,1.494770979,0.201410177,1.102719205,525472.8712,2015,0.434816407,829305.8366,86470.44245,0.217408204,109929,CBA
Portunus_pelagicus-Pacific_Western Central,Portunus pelagicus,Blue swimming crab,"Crabs, sea-spiders",Pacific Western Central,0.615741924,0.796634236,0.948137449,1.13157795,1.360237998,0.212740657,0.964926246,525472.8712,2016,0.434816407,829305.8366,86470.44245,0.217408204,136894,CBA
Portunus_trituberculatus-Pacific_Northwest,Portunus trituberculatus,Gazami crab,"Crabs, sea-spiders",Pacific Northwest,1.005721518,1.188007755,1.399583473,1.552959725,1.909159488,0.250597172,1.405673592,2772791.689,1950,0.318266193,4292628.334,338422.2094,0.159133096,2000,CBA
Portunus_trituberculatus-Pacific_Northwest,Portunus trituberculatus,Gazami crab,"Crabs, sea-spiders",Pacific Northwest,1.114051808,1.336786645,1.529865567,1.664117848,1.900329353,0.222262296,1.512766632,2772791.689,1951,0.318266193,4292628.334,338422.2094,0.159133096,2000,CBA
Portunus_trituberculatus-Pacific_Northwest,Portunus trituberculatus,Gazami crab,"Crabs, sea-spiders",Pacific Northwest,1.197678967,1.469865614,1.620533723,1.712480637,1.918276611,0.192226949,1.592123894,2772791.689,1952,0.318266193,4292628.334,338422.2094,0.159133096,4200,CBA
Portunus_trituberculatus-Pacific_Northwest,Portunus trituberculatus,Gazami crab,"Crabs, sea-spiders",Pacific Northwest,1.310966919,1.562228842,1.67901527,1.785365715,1.959206484,0.172359219,1.664183721,2772791.689,1953,0.318266193,4292628.334,338422.2094,0.159133096,2900,CBA
Portunus_trituberculatus-Pacific_Northwest,Portunus trituberculatus,Gazami crab,"Crabs, sea-spiders",Pacific Northwest,1.294554401,1.618058841,1.722205832,1.814861496,1.94660635,0.164193695,1.705918455,2772791.689,1954,0.318266193,4292628.334,338422.2094,0.159133096,3200,CBA
Portunus_trituberculatus-Pacific_Northwest,Portunus trituberculatus,Gazami crab,"Crabs, sea-spiders",Pacific Northwest,1.390975775,1.667753768,1.780685397,1.852890587,1.959394806,0.143402361,1.751543365,2772791.689,1955,0.318266193,4292628.334,338422.2094,0.159133096,4200,CBA
Portunus_trituberculatus-Pacific_Northwest,Portunus trituberculatus,Gazami crab,"Crabs, sea-spiders",Pacific Northwest,1.470391838,1.714666585,1.783554699,1.874612743,1.955595374,0.128407145,1.780328109,2772791.689,1956,0.318266193,4292628.334,338422.2094,0.159133096,4267,CBA
Portunus_trituberculatus-Pacific_Northwest,Portunus trituberculatus,Gazami crab,"Crabs, sea-spiders",Pacific Northwest,1.545563174,1.736904432,1.824416505,1.896611232,1.977068763,0.124864986,1.806740285,2772791.689,1957,0.318266193,4292628.334,338422.2094,0.159133096,3510,CBA
Portunus_trituberculatus-Pacific_Northwest,Portunus trituberculatus,Gazami crab,"Crabs, sea-spiders",Pacific Northwest,1.593820435,1.75125963,1.824648018,1.896956387,1.976827874,0.107228853,1.816437533,2772791.689,1958,0.318266193,4292628.334,338422.2094,0.159133096,3308,CBA
Portunus_trituberculatus-Pacific_Northwest,Portunus trituberculatus,Gazami crab,"Crabs, sea-spiders",Pacific Northwest,1.574832865,1.767775846,1.838531386,1.898287169,1.991359705,0.103665092,1.828224664,2772791.689,1959,0.318266193,4292628.334,338422.2094,0.159133096,2928,CBA
Portunus_trituberculatus-Pacific_Northwest,Portunus trituberculatus,Gazami crab,"Crabs, sea-spiders",Pacific Northwest,1.637948082,1.751606206,1.835598831,1.914383656,1.978621057,0.102923819,1.826115025,2772791.689,1960,0.318266193,4292628.334,338422.2094,0.159133096,4118,CBA
Portunus_trituberculatus-Pacific_Northwest,Portunus trituberculatus,Gazami crab,"Crabs, sea-spiders",Pacific Northwest,1.619978736,1.747306797,1.831360042,1.902030136,1.994888654,0.102936175,1.821235774,2772791.689,1961,0.318266193,4292628.334,338422.2094,0.159133096,3482,CBA
Portunus_trituberculatus-Pacific_Northwest,Portunus trituberculatus,Gazami crab,"Crabs, sea-spiders",Pacific Northwest,1.621567172,1.773829493,1.832924319,1.900920761,1.985029136,0.090846451,1.831342616,2772791.689,1962,0.318266193,4292628.334,338422.2094,0.159133096,3300,CBA
Portunus_trituberculatus-Pacific_Northwest,Portunus trituberculatus,Gazami crab,"Crabs, sea-spiders",Pacific Northwest,1.606589643,1.752144878,1.828345561,1.901245183,1.986033696,0.099653387,1.818592215,2772791.689,1963,0.318266193,4292628.334,338422.2094,0.159133096,2213,CBA
Portunus_trituberculatus-Pacific_Northwest,Portunus trituberculatus,Gazami crab,"Crabs, sea-spiders",Pacific Northwest,1.651941196,1.767977751,1.83602151,1.901909075,1.976415295,0.094733595,1.828826034,2772791.689,1964,0.318266193,4292628.334,338422.2094,0.159133096,1353,CBA
Portunus_trituberculatus-Pacific_Northwest,Portunus trituberculatus,Gazami crab,"Crabs, sea-spiders",Pacific Northwest,1.621203982,1.78682231,1.848794822,1.903401205,1.982163465,0.098955866,1.833216856,2772791.689,1965,0.318266193,4292628.334,338422.2094,0.159133096,1306,CBA
Portunus_trituberculatus-Pacific_Northwest,Portunus trituberculatus,Gazami crab,"Crabs, sea-spiders",Pacific Northwest,1.595587858,1.75829348,1.835854144,1.905055012,1.965545214,0.101243812,1.822450676,2772791.689,1966,0.318266193,4292628.334,338422.2094,0.159133096,2350,CBA
Portunus_trituberculatus-Pacific_Northwest,Portunus trituberculatus,Gazami crab,"Crabs, sea-spiders",Pacific Northwest,1.591825979,1.766590967,1.834345449,1.897460365,1.9820486,0.095153994,1.824091133,2772791.689,1967,0.318266193,4292628.334,338422.2094,0.159133096,1724,CBA
Portunus_trituberculatus-Pacific_Northwest,Portunus trituberculatus,Gazami crab,"Crabs, sea-spiders",Pacific Northwest,1.655457565,1.762535946,1.819298117,1.902067182,1.986295392,0.092744946,1.829838006,2772791.689,1968,0.318266193,4292628.334,338422.2094,0.159133096,1046,CBA
Portunus_trituberculatus-Pacific_Northwest,Portunus trituberculatus,Gazami crab,"Crabs, sea-spiders",Pacific Northwest,1.6552344,1.779364976,1.848764698,1.907869868,1.980508993,0.090230865,1.83962467,2772791.689,1969,0.318266193,4292628.334,338422.2094,0.159133096,1025,CBA
Portunus_trituberculatus-Pacific_Northwest,Portunus trituberculatus,Gazami crab,"Crabs, sea-spiders",Pacific Northwest,1.634074469,1.781839589,1.861483411,1.926879712,1.987038071,0.097434296,1.846213772,2772791.689,1970,0.318266193,4292628.334,338422.2094,0.159133096,3697,CBA
Portunus_trituberculatus-Pacific_Northwest,Portunus trituberculatus,Gazami crab,"Crabs, sea-spiders",Pacific Northwest,1.619047246,1.776905387,1.833714848,1.921196994,1.99026377,0.101928823,1.837750672,2772791.689,1971,0.318266193,4292628.334,338422.2094,0.159133096,5199,CBA
Portunus_trituberculatus-Pacific_Northwest,Portunus trituberculatus,Gazami crab,"Crabs, sea-spiders",Pacific Northwest,1.637984447,1.787574288,1.852510061,1.903113839,1.976058625,0.091559432,1.837383209,2772791.689,1972,0.318266193,4292628.334,338422.2094,0.159133096,7166,CBA
Portunus_trituberculatus-Pacific_Northwest,Portunus trituberculatus,Gazami crab,"Crabs, sea-spiders",Pacific Northwest,1.635897892,1.764840149,1.839651098,1.899673772,1.995353711,0.09881665,1.831916517,2772791.689,1973,0.318266193,4292628.334,338422.2094,0.159133096,12386,CBA
Portunus_trituberculatus-Pacific_Northwest,Portunus trituberculatus,Gazami crab,"Crabs, sea-spiders",Pacific Northwest,1.641320183,1.781007989,1.84542816,1.905289968,1.969779873,0.095125369,1.830505727,2772791.689,1974,0.318266193,4292628.334,338422.2094,0.159133096,13978,CBA
Portunus_trituberculatus-Pacific_Northwest,Portunus trituberculatus,Gazami crab,"Crabs, sea-spiders",Pacific Northwest,1.607434146,1.773469249,1.840253959,1.917861309,1.978710161,0.102377359,1.834166104,2772791.689,1975,0.318266193,4292628.334,338422.2094,0.159133096,17932,CBA
Portunus_trituberculatus-Pacific_Northwest,Portunus trituberculatus,Gazami crab,"Crabs, sea-spiders",Pacific Northwest,1.625305903,1.769252798,1.845681461,1.90218831,1.985482856,0.09641351,1.833449617,2772791.689,1976,0.318266193,4292628.334,338422.2094,0.159133096,14280,CBA
Portunus_trituberculatus-Pacific_Northwest,Portunus trituberculatus,Gazami crab,"Crabs, sea-spiders",Pacific Northwest,1.659277102,1.771266818,1.850599026,1.912962979,1.974623114,0.094253338,1.833470714,2772791.689,1977,0.318266193,4292628.334,338422.2094,0.159133096,19727,CBA
Portunus_trituberculatus-Pacific_Northwest,Portunus trituberculatus,Gazami crab,"Crabs, sea-spiders",Pacific Northwest,1.61667005,1.779341402,1.83064374,1.898870761,1.983735786,0.092574518,1.828347319,2772791.689,1978,0.318266193,4292628.334,338422.2094,0.159133096,20192,CBA
Portunus_trituberculatus-Pacific_Northwest,Portunus trituberculatus,Gazami crab,"Crabs, sea-spiders",Pacific Northwest,1.661241432,1.77335798,1.832343389,1.915412206,1.983019622,0.095089858,1.834645518,2772791.689,1979,0.318266193,4292628.334,338422.2094,0.159133096,23451,CBA
Portunus_trituberculatus-Pacific_Northwest,Portunus trituberculatus,Gazami crab,"Crabs, sea-spiders",Pacific Northwest,1.655483886,1.78058097,1.83612236,1.920823513,1.990982083,0.097954878,1.839042108,2772791.689,1980,0.318266193,4292628.334,338422.2094,0.159133096,22541,CBA
Portunus_trituberculatus-Pacific_Northwest,Portunus trituberculatus,Gazami crab,"Crabs, sea-spiders",Pacific Northwest,1.65970777,1.773575829,1.841780957,1.895957385,1.982512545,0.087969188,1.832629419,2772791.689,1981,0.318266193,4292628.334,338422.2094,0.159133096,26321,CBA
Portunus_trituberculatus-Pacific_Northwest,Portunus trituberculatus,Gazami crab,"Crabs, sea-spiders",Pacific Northwest,1.652090807,1.755755179,1.817252363,1.89719004,1.984936185,0.09153146,1.822610527,2772791.689,1982,0.318266193,4292628.334,338422.2094,0.159133096,24107,CBA
Portunus_trituberculatus-Pacific_Northwest,Portunus trituberculatus,Gazami crab,"Crabs, sea-spiders",Pacific Northwest,1.655528123,1.768046876,1.825303296,1.901860057,1.979285037,0.091179494,1.831072715,2772791.689,1983,0.318266193,4292628.334,338422.2094,0.159133096,23456,CBA
Portunus_trituberculatus-Pacific_Northwest,Portunus trituberculatus,Gazami crab,"Crabs, sea-spiders",Pacific Northwest,1.665879207,1.77795499,1.841305382,1.917888645,1.978970631,0.088286627,1.841261,2772791.689,1984,0.318266193,4292628.334,338422.2094,0.159133096,30281,CBA
Portunus_trituberculatus-Pacific_Northwest,Portunus trituberculatus,Gazami crab,"Crabs, sea-spiders",Pacific Northwest,1.663319261,1.785587638,1.866276345,1.909772167,1.988509679,0.093187979,1.84633897,2772791.689,1985,0.318266193,4292628.334,338422.2094,0.159133096,29188,CBA
Portunus_trituberculatus-Pacific_Northwest,Portunus trituberculatus,Gazami crab,"Crabs, sea-spiders",Pacific Northwest,1.628865068,1.775428384,1.858251413,1.928517441,1.97824911,0.101586893,1.843660957,2772791.689,1986,0.318266193,4292628.334,338422.2094,0.159133096,36225,CBA
Portunus_trituberculatus-Pacific_Northwest,Portunus trituberculatus,Gazami crab,"Crabs, sea-spiders",Pacific Northwest,1.620808838,1.723833554,1.806457894,1.883748516,1.988766015,0.103558286,1.806926439,2772791.689,1987,0.318266193,4292628.334,338422.2094,0.159133096,142780,CBA
Portunus_trituberculatus-Pacific_Northwest,Portunus trituberculatus,Gazami crab,"Crabs, sea-spiders",Pacific Northwest,1.595118249,1.733096176,1.794720198,1.853398528,1.971250843,0.098099963,1.786886538,2772791.689,1988,0.318266193,4292628.334,338422.2094,0.159133096,134518,CBA
Portunus_trituberculatus-Pacific_Northwest,Portunus trituberculatus,Gazami crab,"Crabs, sea-spiders",Pacific Northwest,1.561396516,1.67016618,1.749658464,1.825241472,1.930464848,0.099008384,1.750544398,2772791.689,1989,0.318266193,4292628.334,338422.2094,0.159133096,174885,CBA
Portunus_trituberculatus-Pacific_Northwest,Portunus trituberculatus,Gazami crab,"Crabs, sea-spiders",Pacific Northwest,1.557549568,1.665533149,1.745665077,1.833317107,1.952066516,0.109001708,1.752366697,2772791.689,1990,0.318266193,4292628.334,338422.2094,0.159133096,148221,CBA
Portunus_trituberculatus-Pacific_Northwest,Portunus trituberculatus,Gazami crab,"Crabs, sea-spiders",Pacific Northwest,1.54169861,1.659365866,1.73329008,1.819100016,1.96456557,0.114101282,1.739068496,2772791.689,1991,0.318266193,4292628.334,338422.2094,0.159133096,154765,CBA
Portunus_trituberculatus-Pacific_Northwest,Portunus trituberculatus,Gazami crab,"Crabs, sea-spiders",Pacific Northwest,1.500803362,1.651113119,1.724690905,1.817699691,1.941350848,0.120309532,1.729376377,2772791.689,1992,0.318266193,4292628.334,338422.2094,0.159133096,176135,CBA
Portunus_trituberculatus-Pacific_Northwest,Portunus trituberculatus,Gazami crab,"Crabs, sea-spiders",Pacific Northwest,1.474972393,1.653342157,1.740612245,1.832876407,1.966644476,0.123367425,1.741305854,2772791.689,1993,0.318266193,4292628.334,338422.2094,0.159133096,130641,CBA
Portunus_trituberculatus-Pacific_Northwest,Portunus trituberculatus,Gazami crab,"Crabs, sea-spiders",Pacific Northwest,1.469649748,1.573896707,1.674899202,1.751811201,1.904547198,0.115679593,1.664234236,2772791.689,1994,0.318266193,4292628.334,338422.2094,0.159133096,297149,CBA
Portunus_trituberculatus-Pacific_Northwest,Portunus trituberculatus,Gazami crab,"Crabs, sea-spiders",Pacific Northwest,1.376389272,1.547895367,1.625286339,1.715331497,1.878704692,0.12389785,1.633409033,2772791.689,1995,0.318266193,4292628.334,338422.2094,0.159133096,265295,CBA
Portunus_trituberculatus-Pacific_Northwest,Portunus trituberculatus,Gazami crab,"Crabs, sea-spiders",Pacific Northwest,1.304766207,1.487139953,1.607858113,1.677156963,1.87978989,0.140997797,1.590776453,2772791.689,1996,0.318266193,4292628.334,338422.2094,0.159133096,303170,CBA
Portunus_trituberculatus-Pacific_Northwest,Portunus trituberculatus,Gazami crab,"Crabs, sea-spiders",Pacific Northwest,1.311574462,1.498213337,1.601854339,1.662447954,1.857256335,0.135113837,1.584038281,2772791.689,1997,0.318266193,4292628.334,338422.2094,0.159133096,234466,CBA
Portunus_trituberculatus-Pacific_Northwest,Portunus trituberculatus,Gazami crab,"Crabs, sea-spiders",Pacific Northwest,1.324741573,1.501634317,1.59810492,1.671052566,1.81748718,0.130345574,1.581065174,2772791.689,1998,0.318266193,4292628.334,338422.2094,0.159133096,253657,CBA
Portunus_trituberculatus-Pacific_Northwest,Portunus trituberculatus,Gazami crab,"Crabs, sea-spiders",Pacific Northwest,1.32065517,1.482952407,1.566650557,1.661888991,1.846446332,0.130169662,1.569791578,2772791.689,1999,0.318266193,4292628.334,338422.2094,0.159133096,249000,CBA
Portunus_trituberculatus-Pacific_Northwest,Portunus trituberculatus,Gazami crab,"Crabs, sea-spiders",Pacific Northwest,1.311558621,1.444560084,1.545807891,1.641031776,1.789601284,0.133346537,1.546140009,2772791.689,2000,0.318266193,4292628.334,338422.2094,0.159133096,303431,CBA
Portunus_trituberculatus-Pacific_Northwest,Portunus trituberculatus,Gazami crab,"Crabs, sea-spiders",Pacific Northwest,1.268337368,1.412017893,1.493122984,1.615730534,1.793020888,0.138811767,1.513052849,2772791.689,2001,0.318266193,4292628.334,338422.2094,0.159133096,301184,CBA
Portunus_trituberculatus-Pacific_Northwest,Portunus trituberculatus,Gazami crab,"Crabs, sea-spiders",Pacific Northwest,1.282878594,1.383734606,1.463440052,1.580242237,1.744493986,0.132974478,1.487318083,2772791.689,2002,0.318266193,4292628.334,338422.2094,0.159133096,317451,CBA
Portunus_trituberculatus-Pacific_Northwest,Portunus trituberculatus,Gazami crab,"Crabs, sea-spiders",Pacific Northwest,1.272331282,1.401828269,1.482711858,1.590778722,1.769513204,0.131385222,1.492602276,2772791.689,2003,0.318266193,4292628.334,338422.2094,0.159133096,275599,CBA
Portunus_trituberculatus-Pacific_Northwest,Portunus trituberculatus,Gazami crab,"Crabs, sea-spiders",Pacific Northwest,1.252577275,1.372399965,1.472798205,1.584609534,1.763564674,0.143529584,1.484192231,2772791.689,2004,0.318266193,4292628.334,338422.2094,0.159133096,295500,CBA
Portunus_trituberculatus-Pacific_Northwest,Portunus trituberculatus,Gazami crab,"Crabs, sea-spiders",Pacific Northwest,1.173653532,1.368904719,1.450828948,1.58959917,1.746372275,0.151791917,1.47186918,2772791.689,2005,0.318266193,4292628.334,338422.2094,0.159133096,324437,CBA
Portunus_trituberculatus-Pacific_Northwest,Portunus trituberculatus,Gazami crab,"Crabs, sea-spiders",Pacific Northwest,1.154163648,1.321025996,1.41102869,1.52712293,1.671055564,0.138087443,1.419046238,2772791.689,2006,0.318266193,4292628.334,338422.2094,0.159133096,391090,CBA
Portunus_trituberculatus-Pacific_Northwest,Portunus trituberculatus,Gazami crab,"Crabs, sea-spiders",Pacific Northwest,1.117397627,1.286371746,1.36740722,1.477208722,1.727856733,0.149510862,1.38647926,2772791.689,2007,0.318266193,4292628.334,338422.2094,0.159133096,367223,CBA
Portunus_trituberculatus-Pacific_Northwest,Portunus trituberculatus,Gazami crab,"Crabs, sea-spiders",Pacific Northwest,1.100936213,1.267913383,1.357341716,1.461376778,1.710227073,0.149163361,1.367098468,2772791.689,2008,0.318266193,4292628.334,338422.2094,0.159133096,370847,CBA
Portunus_trituberculatus-Pacific_Northwest,Portunus trituberculatus,Gazami crab,"Crabs, sea-spiders",Pacific Northwest,1.140947652,1.248718901,1.330877266,1.443178146,1.653604188,0.13954285,1.351565594,2772791.689,2009,0.318266193,4292628.334,338422.2094,0.159133096,366446,CBA
Portunus_trituberculatus-Pacific_Northwest,Portunus trituberculatus,Gazami crab,"Crabs, sea-spiders",Pacific Northwest,1.055274834,1.21601006,1.303310831,1.412519818,1.653800719,0.149793702,1.322724748,2772791.689,2010,0.318266193,4292628.334,338422.2094,0.159133096,385346,CBA
Portunus_trituberculatus-Pacific_Northwest,Portunus trituberculatus,Gazami crab,"Crabs, sea-spiders",Pacific Northwest,1.046917662,1.190026519,1.267314705,1.37971157,1.614157413,0.146728363,1.289751307,2772791.689,2011,0.318266193,4292628.334,338422.2094,0.159133096,395495,CBA
Portunus_trituberculatus-Pacific_Northwest,Portunus trituberculatus,Gazami crab,"Crabs, sea-spiders",Pacific Northwest,1.009423541,1.154917071,1.245333794,1.340472289,1.51470906,0.139510058,1.245678238,2772791.689,2012,0.318266193,4292628.334,338422.2094,0.159133096,429959,CBA
Portunus_trituberculatus-Pacific_Northwest,Portunus trituberculatus,Gazami crab,"Crabs, sea-spiders",Pacific Northwest,0.940412368,1.075476936,1.156352242,1.235173879,1.423789754,0.136637038,1.16304611,2772791.689,2013,0.318266193,4292628.334,338422.2094,0.159133096,503868,CBA
Portunus_trituberculatus-Pacific_Northwest,Portunus trituberculatus,Gazami crab,"Crabs, sea-spiders",Pacific Northwest,0.817742143,0.929030885,1.015369927,1.126764177,1.298307483,0.13577062,1.031799389,2772791.689,2014,0.318266193,4292628.334,338422.2094,0.159133096,605629,CBA
Portunus_trituberculatus-Pacific_Northwest,Portunus trituberculatus,Gazami crab,"Crabs, sea-spiders",Pacific Northwest,0.727519276,0.818693279,0.918927616,1.04192222,1.222107048,0.149862363,0.935287838,2772791.689,2015,0.318266193,4292628.334,338422.2094,0.159133096,560831,CBA
Portunus_trituberculatus-Pacific_Northwest,Portunus trituberculatus,Gazami crab,"Crabs, sea-spiders",Pacific Northwest,0.602130537,0.696157231,0.790531273,0.932696242,1.159498284,0.166441513,0.823738783,2772791.689,2016,0.318266193,4292628.334,338422.2094,0.159133096,557728,CBA
Psetta_maxima-Atlantic_Northeast,Psetta maxima,Turbot,"Flounders, halibuts, soles",Atlantic Northeast,0.69850231,0.933199292,1.056253931,1.168481104,1.3638881,0.169392407,1.047961909,34674.23215,1950,0.524299687,66757.11403,7587.670174,0.262149843,7900,Domestic
Psetta_maxima-Atlantic_Northeast,Psetta maxima,Turbot,"Flounders, halibuts, soles",Atlantic Northeast,0.714402899,0.944298791,1.060189897,1.16858597,1.361044201,0.165581888,1.053844408,34674.23215,1951,0.524299687,66757.11403,7587.670174,0.262149843,7500,Domestic
Psetta_maxima-Atlantic_Northeast,Psetta maxima,Turbot,"Flounders, halibuts, soles",Atlantic Northeast,0.718793662,0.950733116,1.064461579,1.17061065,1.37322834,0.163679571,1.059162415,34674.23215,1952,0.524299687,66757.11403,7587.670174,0.262149843,7500,Domestic
Psetta_maxima-Atlantic_Northeast,Psetta maxima,Turbot,"Flounders, halibuts, soles",Atlantic Northeast,0.718575702,0.94807791,1.059088267,1.164355721,1.367310488,0.162421296,1.055081365,34674.23215,1953,0.524299687,66757.11403,7587.670174,0.262149843,7800,Domestic
Psetta_maxima-Atlantic_Northeast,Psetta maxima,Turbot,"Flounders, halibuts, soles",Atlantic Northeast,0.718947665,0.93723903,1.045295501,1.150191338,1.359603337,0.161299047,1.045512759,34674.23215,1954,0.524299687,66757.11403,7587.670174,0.262149843,7900,Domestic
Psetta_maxima-Atlantic_Northeast,Psetta maxima,Turbot,"Flounders, halibuts, soles",Atlantic Northeast,0.72219188,0.929496731,1.031604661,1.14349326,1.382927329,0.16299515,1.037756324,34674.23215,1955,0.524299687,66757.11403,7587.670174,0.262149843,7900,Domestic
Psetta_maxima-Atlantic_Northeast,Psetta maxima,Turbot,"Flounders, halibuts, soles",Atlantic Northeast,0.702708934,0.893961125,0.998052048,1.114841244,1.359426632,0.164994361,1.007962541,34674.23215,1956,0.524299687,66757.11403,7587.670174,0.262149843,8500,Domestic
Psetta_maxima-Atlantic_Northeast,Psetta maxima,Turbot,"Flounders, halibuts, soles",Atlantic Northeast,0.683656378,0.87143323,0.976319589,1.097686201,1.361691915,0.171779997,0.990987215,34674.23215,1957,0.524299687,66757.11403,7587.670174,0.262149843,8100,Domestic
Psetta_maxima-Atlantic_Northeast,Psetta maxima,Turbot,"Flounders, halibuts, soles",Atlantic Northeast,0.661415412,0.842082507,0.94945682,1.083581484,1.366687738,0.181154841,0.969327908,34674.23215,1958,0.524299687,66757.11403,7587.670174,0.262149843,8200,Domestic
Psetta_maxima-Atlantic_Northeast,Psetta maxima,Turbot,"Flounders, halibuts, soles",Atlantic Northeast,0.658817182,0.838066907,0.959435168,1.105210826,1.408674449,0.194598105,0.980480528,34674.23215,1959,0.524299687,66757.11403,7587.670174,0.262149843,7200,Domestic
Psetta_maxima-Atlantic_Northeast,Psetta maxima,Turbot,"Flounders, halibuts, soles",Atlantic Northeast,0.652581881,0.8377565,0.972451555,1.128105397,1.429233662,0.204911608,0.99180127,34674.23215,1960,0.524299687,66757.11403,7587.670174,0.262149843,7100,Domestic
Psetta_maxima-Atlantic_Northeast,Psetta maxima,Turbot,"Flounders, halibuts, soles",Atlantic Northeast,0.638722136,0.825612411,0.964201802,1.136273182,1.447803851,0.215584425,0.988934514,34674.23215,1961,0.524299687,66757.11403,7587.670174,0.262149843,7500,Domestic
Psetta_maxima-Atlantic_Northeast,Psetta maxima,Turbot,"Flounders, halibuts, soles",Atlantic Northeast,0.6274227,0.820419204,0.974706716,1.157889608,1.478359012,0.228373997,0.997906919,34674.23215,1962,0.524299687,66757.11403,7587.670174,0.262149843,7100,Domestic
Psetta_maxima-Atlantic_Northeast,Psetta maxima,Turbot,"Flounders, halibuts, soles",Atlantic Northeast,0.595908369,0.799805514,0.966214439,1.15780524,1.470124027,0.239122856,0.987299199,34674.23215,1963,0.524299687,66757.11403,7587.670174,0.262149843,7600,Domestic
Psetta_maxima-Atlantic_Northeast,Psetta maxima,Turbot,"Flounders, halibuts, soles",Atlantic Northeast,0.587455531,0.808006478,0.986672088,1.197807501,1.5198875,0.2550285,1.00972047,34674.23215,1964,0.524299687,66757.11403,7587.670174,0.262149843,6600,Domestic
Psetta_maxima-Atlantic_Northeast,Psetta maxima,Turbot,"Flounders, halibuts, soles",Atlantic Northeast,0.608651125,0.845765876,1.041158904,1.270207177,1.587467127,0.271051528,1.061268113,34674.23215,1965,0.524299687,66757.11403,7587.670174,0.262149843,5700,Domestic
Psetta_maxima-Atlantic_Northeast,Psetta maxima,Turbot,"Flounders, halibuts, soles",Atlantic Northeast,0.598607646,0.858083721,1.067352446,1.303730629,1.592669877,0.276333273,1.082125654,34674.23215,1966,0.524299687,66757.11403,7587.670174,0.262149843,6400,Domestic
Psetta_maxima-Atlantic_Northeast,Psetta maxima,Turbot,"Flounders, halibuts, soles",Atlantic Northeast,0.612623812,0.889863358,1.111479722,1.349089006,1.624225248,0.283510439,1.120137826,34674.23215,1967,0.524299687,66757.11403,7587.670174,0.262149843,5900,Domestic
Psetta_maxima-Atlantic_Northeast,Psetta maxima,Turbot,"Flounders, halibuts, soles",Atlantic Northeast,0.62262729,0.928487753,1.162536251,1.391059613,1.651006809,0.287845804,1.156710943,34674.23215,1968,0.524299687,66757.11403,7587.670174,0.262149843,5800,Domestic
Psetta_maxima-Atlantic_Northeast,Psetta maxima,Turbot,"Flounders, halibuts, soles",Atlantic Northeast,0.635823827,0.95256962,1.199187674,1.413527373,1.664008844,0.287657052,1.179286901,34674.23215,1969,0.524299687,66757.11403,7587.670174,0.262149843,6000,Domestic
Psetta_maxima-Atlantic_Northeast,Psetta maxima,Turbot,"Flounders, halibuts, soles",Atlantic Northeast,0.672279104,1.005843908,1.25924336,1.473704037,1.710295025,0.291543608,1.236033273,34674.23215,1970,0.524299687,66757.11403,7587.670174,0.262149843,5000,Domestic
Psetta_maxima-Atlantic_Northeast,Psetta maxima,Turbot,"Flounders, halibuts, soles",Atlantic Northeast,0.701190913,1.052465168,1.297629751,1.488903474,1.713242975,0.282411354,1.263519822,34674.23215,1971,0.524299687,66757.11403,7587.670174,0.262149843,5600,Domestic
Psetta_maxima-Atlantic_Northeast,Psetta maxima,Turbot,"Flounders, halibuts, soles",Atlantic Northeast,0.722523948,1.086678088,1.327523455,1.50304149,1.716254756,0.273023438,1.287740572,34674.23215,1972,0.524299687,66757.11403,7587.670174,0.262149843,5600,Domestic
Psetta_maxima-Atlantic_Northeast,Psetta maxima,Turbot,"Flounders, halibuts, soles",Atlantic Northeast,0.753088057,1.125405,1.360566671,1.5191847,1.73508007,0.266136949,1.314478082,34674.23215,1973,0.524299687,66757.11403,7587.670174,0.262149843,5500,Domestic
Psetta_maxima-Atlantic_Northeast,Psetta maxima,Turbot,"Flounders, halibuts, soles",Atlantic Northeast,0.791870513,1.168325022,1.39156101,1.539611576,1.74328064,0.257128762,1.344220875,34674.23215,1974,0.524299687,66757.11403,7587.670174,0.262149843,5271,Domestic
Psetta_maxima-Atlantic_Northeast,Psetta maxima,Turbot,"Flounders, halibuts, soles",Atlantic Northeast,0.825652943,1.190107344,1.39672074,1.532110823,1.726969825,0.243774101,1.349379554,34674.23215,1975,0.524299687,66757.11403,7587.670174,0.262149843,5927,Domestic
Psetta_maxima-Atlantic_Northeast,Psetta maxima,Turbot,"Flounders, halibuts, soles",Atlantic Northeast,0.820622113,1.186836613,1.369943615,1.495968028,1.701662838,0.22929125,1.33131366,34674.23215,1976,0.524299687,66757.11403,7587.670174,0.262149843,6597,Domestic
Psetta_maxima-Atlantic_Northeast,Psetta maxima,Turbot,"Flounders, halibuts, soles",Atlantic Northeast,0.796396689,1.152053643,1.314645137,1.432803675,1.641938736,0.215605124,1.282385347,34674.23215,1977,0.524299687,66757.11403,7587.670174,0.262149843,7647,Domestic
Psetta_maxima-Atlantic_Northeast,Psetta maxima,Turbot,"Flounders, halibuts, soles",Atlantic Northeast,0.801976841,1.138098311,1.296368076,1.420283136,1.62482407,0.213009966,1.268470238,34674.23215,1978,0.524299687,66757.11403,7587.670174,0.262149843,7043,Domestic
Psetta_maxima-Atlantic_Northeast,Psetta maxima,Turbot,"Flounders, halibuts, soles",Atlantic Northeast,0.76584858,1.089342265,1.236993727,1.360001637,1.584608194,0.209143367,1.216804094,34674.23215,1979,0.524299687,66757.11403,7587.670174,0.262149843,8218,Domestic
Psetta_maxima-Atlantic_Northeast,Psetta maxima,Turbot,"Flounders, halibuts, soles",Atlantic Northeast,0.757496425,1.079817293,1.227060348,1.355831917,1.585736522,0.211994313,1.207685195,34674.23215,1980,0.524299687,66757.11403,7587.670174,0.262149843,7242,Domestic
Psetta_maxima-Atlantic_Northeast,Psetta maxima,Turbot,"Flounders, halibuts, soles",Atlantic Northeast,0.748890806,1.082527046,1.243974767,1.370284838,1.598875981,0.217713847,1.218197166,34674.23215,1981,0.524299687,66757.11403,7587.670174,0.262149843,6655,Domestic
Psetta_maxima-Atlantic_Northeast,Psetta maxima,Turbot,"Flounders, halibuts, soles",Atlantic Northeast,0.753421249,1.101404237,1.273619971,1.407053144,1.625889451,0.225067274,1.244547355,34674.23215,1982,0.524299687,66757.11403,7587.670174,0.262149843,6163,Domestic
Psetta_maxima-Atlantic_Northeast,Psetta maxima,Turbot,"Flounders, halibuts, soles",Atlantic Northeast,0.761474489,1.110528618,1.280405684,1.408523293,1.623002136,0.224836099,1.247806442,34674.23215,1983,0.524299687,66757.11403,7587.670174,0.262149843,6580,Domestic
Psetta_maxima-Atlantic_Northeast,Psetta maxima,Turbot,"Flounders, halibuts, soles",Atlantic Northeast,0.833698857,1.210944736,1.394940929,1.539264968,1.7601231,0.245569175,1.359648416,34674.23215,1984,0.524299687,66757.11403,7587.670174,0.262149843,3455,Domestic
Psetta_maxima-Atlantic_Northeast,Psetta maxima,Turbot,"Flounders, halibuts, soles",Atlantic Northeast,0.911118068,1.281604658,1.484735133,1.625256505,1.820834062,0.246325392,1.43890649,34674.23215,1985,0.524299687,66757.11403,7587.670174,0.262149843,3702,Domestic
Psetta_maxima-Atlantic_Northeast,Psetta maxima,Turbot,"Flounders, halibuts, soles",Atlantic Northeast,0.964458495,1.347505353,1.536978381,1.670317352,1.850139154,0.235543719,1.492532221,34674.23215,1986,0.524299687,66757.11403,7587.670174,0.262149843,3763,Domestic
Psetta_maxima-Atlantic_Northeast,Psetta maxima,Turbot,"Flounders, halibuts, soles",Atlantic Northeast,1.020012814,1.391766935,1.566623695,1.685109623,1.869511133,0.22092757,1.525055697,34674.23215,1987,0.524299687,66757.11403,7587.670174,0.262149843,4039,Domestic
Psetta_maxima-Atlantic_Northeast,Psetta maxima,Turbot,"Flounders, halibuts, soles",Atlantic Northeast,1.008443737,1.353373313,1.480833578,1.581818407,1.77733653,0.188922648,1.454950141,34674.23215,1988,0.524299687,66757.11403,7587.670174,0.262149843,6918,Domestic
Psetta_maxima-Atlantic_Northeast,Psetta maxima,Turbot,"Flounders, halibuts, soles",Atlantic Northeast,0.994718685,1.290692843,1.399570721,1.507475375,1.706482096,0.175211826,1.388973451,34674.23215,1989,0.524299687,66757.11403,7587.670174,0.262149843,7612,Domestic
Psetta_maxima-Atlantic_Northeast,Psetta maxima,Turbot,"Flounders, halibuts, soles",Atlantic Northeast,0.953154246,1.207429924,1.311732019,1.41994242,1.640406748,0.169922579,1.311051298,34674.23215,1990,0.524299687,66757.11403,7587.670174,0.262149843,8524,Domestic
Psetta_maxima-Atlantic_Northeast,Psetta maxima,Turbot,"Flounders, halibuts, soles",Atlantic Northeast,0.894912552,1.119056815,1.225430145,1.345742022,1.573418627,0.172873372,1.23181634,34674.23215,1991,0.524299687,66757.11403,7587.670174,0.262149843,9004,Domestic
Psetta_maxima-Atlantic_Northeast,Psetta maxima,Turbot,"Flounders, halibuts, soles",Atlantic Northeast,0.835764459,1.046575127,1.16384442,1.297647734,1.544098339,0.181701675,1.173244992,34674.23215,1992,0.524299687,66757.11403,7587.670174,0.262149843,8778,Domestic
Psetta_maxima-Atlantic_Northeast,Psetta maxima,Turbot,"Flounders, halibuts, soles",Atlantic Northeast,0.773103563,0.97452279,1.109139505,1.242736725,1.49843399,0.191046222,1.113391424,34674.23215,1993,0.524299687,66757.11403,7587.670174,0.262149843,8970,Domestic
Psetta_maxima-Atlantic_Northeast,Psetta maxima,Turbot,"Flounders, halibuts, soles",Atlantic Northeast,0.689024876,0.902406937,1.049671158,1.193325746,1.477534072,0.206256336,1.053729923,34674.23215,1994,0.524299687,66757.11403,7587.670174,0.262149843,9032,Domestic
Psetta_maxima-Atlantic_Northeast,Psetta maxima,Turbot,"Flounders, halibuts, soles",Atlantic Northeast,0.638321603,0.876104833,1.040687472,1.197343378,1.483199447,0.222763939,1.042162202,34674.23215,1995,0.524299687,66757.11403,7587.670174,0.262149843,7701,Domestic
Psetta_maxima-Atlantic_Northeast,Psetta maxima,Turbot,"Flounders, halibuts, soles",Atlantic Northeast,0.62025258,0.895028452,1.076598762,1.236436045,1.529467476,0.238079134,1.067821749,34674.23215,1996,0.524299687,66757.11403,7587.670174,0.262149843,6546,Domestic
Psetta_maxima-Atlantic_Northeast,Psetta maxima,Turbot,"Flounders, halibuts, soles",Atlantic Northeast,0.615596418,0.918800415,1.117086053,1.289819674,1.572266728,0.251868031,1.103880812,34674.23215,1997,0.524299687,66757.11403,7587.670174,0.262149843,6117,Domestic
Psetta_maxima-Atlantic_Northeast,Psetta maxima,Turbot,"Flounders, halibuts, soles",Atlantic Northeast,0.63161111,0.972196998,1.18116246,1.355143022,1.6267957,0.264486085,1.160358462,34674.23215,1998,0.524299687,66757.11403,7587.670174,0.262149843,5355,Domestic
Psetta_maxima-Atlantic_Northeast,Psetta maxima,Turbot,"Flounders, halibuts, soles",Atlantic Northeast,0.647116678,1.018154339,1.236720311,1.415982556,1.658779467,0.273080336,1.206797147,34674.23215,1999,0.524299687,66757.11403,7587.670174,0.262149843,5472,Domestic
Psetta_maxima-Atlantic_Northeast,Psetta maxima,Turbot,"Flounders, halibuts, soles",Atlantic Northeast,0.647011156,1.044770749,1.266460981,1.426966096,1.65776827,0.272990945,1.220734362,34674.23215,2000,0.524299687,66757.11403,7587.670174,0.262149843,6214,Domestic
Psetta_maxima-Atlantic_Northeast,Psetta maxima,Turbot,"Flounders, halibuts, soles",Atlantic Northeast,0.632541337,1.061320929,1.275759837,1.440267189,1.664972041,0.276164758,1.230534992,34674.23215,2001,0.524299687,66757.11403,7587.670174,0.262149843,6275,Domestic
Psetta_maxima-Atlantic_Northeast,Psetta maxima,Turbot,"Flounders, halibuts, soles",Atlantic Northeast,0.620975702,1.079040079,1.307916278,1.462319559,1.670945026,0.2798058,1.249906667,34674.23215,2002,0.524299687,66757.11403,7587.670174,0.262149843,5919,Domestic
Psetta_maxima-Atlantic_Northeast,Psetta maxima,Turbot,"Flounders, halibuts, soles",Atlantic Northeast,0.633428234,1.110765711,1.339304629,1.4938053,1.691286556,0.283581365,1.279283988,34674.23215,2003,0.524299687,66757.11403,7587.670174,0.262149843,5522,Domestic
Psetta_maxima-Atlantic_Northeast,Psetta maxima,Turbot,"Flounders, halibuts, soles",Atlantic Northeast,0.641937702,1.138286693,1.368567329,1.517123465,1.711760062,0.283385915,1.304491489,34674.23215,2004,0.524299687,66757.11403,7587.670174,0.262149843,5446,Domestic
Psetta_maxima-Atlantic_Northeast,Psetta maxima,Turbot,"Flounders, halibuts, soles",Atlantic Northeast,0.669067371,1.173413817,1.401553331,1.545574721,1.735313004,0.283641746,1.334765568,34674.23215,2005,0.524299687,66757.11403,7587.670174,0.262149843,5194,Domestic
Psetta_maxima-Atlantic_Northeast,Psetta maxima,Turbot,"Flounders, halibuts, soles",Atlantic Northeast,0.698006442,1.218116098,1.440596297,1.575537044,1.770782506,0.281739616,1.37129616,34674.23215,2006,0.524299687,66757.11403,7587.670174,0.262149843,4815,Domestic
Psetta_maxima-Atlantic_Northeast,Psetta maxima,Turbot,"Flounders, halibuts, soles",Atlantic Northeast,0.71065837,1.234388232,1.445200093,1.573463168,1.767538757,0.273692079,1.379167595,34674.23215,2007,0.524299687,66757.11403,7587.670174,0.262149843,5427,Domestic
Psetta_maxima-Atlantic_Northeast,Psetta maxima,Turbot,"Flounders, halibuts, soles",Atlantic Northeast,0.745490494,1.27105623,1.476453629,1.603155055,1.799252795,0.2697655,1.412642643,34674.23215,2008,0.524299687,66757.11403,7587.670174,0.262149843,4672,Domestic
Psetta_maxima-Atlantic_Northeast,Psetta maxima,Turbot,"Flounders, halibuts, soles",Atlantic Northeast,0.777767601,1.29125419,1.482512982,1.604106093,1.786958156,0.257854099,1.423478015,34674.23215,2009,0.524299687,66757.11403,7587.670174,0.262149843,4962,Domestic
Psetta_maxima-Atlantic_Northeast,Psetta maxima,Turbot,"Flounders, halibuts, soles",Atlantic Northeast,0.803896305,1.314984766,1.491774054,1.611555313,1.783280861,0.246348408,1.437263552,34674.23215,2010,0.524299687,66757.11403,7587.670174,0.262149843,4737,Domestic
Psetta_maxima-Atlantic_Northeast,Psetta maxima,Turbot,"Flounders, halibuts, soles",Atlantic Northeast,0.84354847,1.328750785,1.48939158,1.606714517,1.785105523,0.233080337,1.444887473,34674.23215,2011,0.524299687,66757.11403,7587.670174,0.262149843,4866,Domestic
Psetta_maxima-Atlantic_Northeast,Psetta maxima,Turbot,"Flounders, halibuts, soles",Atlantic Northeast,0.875505391,1.334041244,1.472081474,1.584883586,1.752829153,0.216749413,1.435149488,34674.23215,2012,0.524299687,66757.11403,7587.670174,0.262149843,5161,Domestic
Psetta_maxima-Atlantic_Northeast,Psetta maxima,Turbot,"Flounders, halibuts, soles",Atlantic Northeast,0.91757582,1.328342705,1.455253782,1.558718774,1.723779324,0.198561419,1.424394721,34674.23215,2013,0.524299687,66757.11403,7587.670174,0.262149843,5120,Domestic
Psetta_maxima-Atlantic_Northeast,Psetta maxima,Turbot,"Flounders, halibuts, soles",Atlantic Northeast,0.943015912,1.326879218,1.437426096,1.53078464,1.7010565,0.181543748,1.41338536,34674.23215,2014,0.524299687,66757.11403,7587.670174,0.262149843,4925,Domestic
Psetta_maxima-Atlantic_Northeast,Psetta maxima,Turbot,"Flounders, halibuts, soles",Atlantic Northeast,0.994080483,1.319033796,1.403779317,1.478530476,1.623382835,0.153765517,1.383517714,34674.23215,2015,0.524299687,66757.11403,7587.670174,0.262149843,5091,Domestic
Psetta_maxima-Atlantic_Northeast,Psetta maxima,Turbot,"Flounders, halibuts, soles",Atlantic Northeast,1.003828162,1.306152728,1.356948803,1.382364148,1.39866895,0.106667031,1.320756504,34674.23215,2016,0.524299687,66757.11403,7587.670174,0.262149843,5701,Domestic
Psetta_maxima-Mediterranean and Black Sea,Psetta maxima,Turbot,"Flounders, halibuts, soles",Mediterranean and Black Sea,0.697551624,0.95856905,1.087125261,1.214363967,1.411687172,0.182019519,1.081227744,18216.80292,1957,0.282520741,35181.04604,2443.511932,0.141260371,1800,Domestic
Psetta_maxima-Mediterranean and Black Sea,Psetta maxima,Turbot,"Flounders, halibuts, soles",Mediterranean and Black Sea,0.677775307,0.937616016,1.05718595,1.174188018,1.391820943,0.184426838,1.049496104,18216.80292,1958,0.282520741,35181.04604,2443.511932,0.141260371,3000,Domestic
Psetta_maxima-Mediterranean and Black Sea,Psetta maxima,Turbot,"Flounders, halibuts, soles",Mediterranean and Black Sea,0.657979964,0.901758793,1.026253313,1.141208025,1.356112139,0.183353948,1.019600887,18216.80292,1959,0.282520741,35181.04604,2443.511932,0.141260371,3000,Domestic
Psetta_maxima-Mediterranean and Black Sea,Psetta maxima,Turbot,"Flounders, halibuts, soles",Mediterranean and Black Sea,0.717297099,0.974910407,1.096238616,1.206312862,1.434565969,0.190758389,1.083154996,18216.80292,1960,0.282520741,35181.04604,2443.511932,0.141260371,1400,Domestic
Psetta_maxima-Mediterranean and Black Sea,Psetta maxima,Turbot,"Flounders, halibuts, soles",Mediterranean and Black Sea,0.751897487,1.019013329,1.143186777,1.251976109,1.492459979,0.184814326,1.134084433,18216.80292,1961,0.282520741,35181.04604,2443.511932,0.141260371,1600,Domestic
Psetta_maxima-Mediterranean and Black Sea,Psetta maxima,Turbot,"Flounders, halibuts, soles",Mediterranean and Black Sea,0.817163562,1.080345707,1.19312316,1.311226886,1.563017364,0.187684144,1.191506305,18216.80292,1962,0.282520741,35181.04604,2443.511932,0.141260371,1400,Domestic
Psetta_maxima-Mediterranean and Black Sea,Psetta maxima,Turbot,"Flounders, halibuts, soles",Mediterranean and Black Sea,0.84136641,1.099502549,1.227245968,1.334360206,1.599113935,0.184564092,1.22057278,18216.80292,1963,0.282520741,35181.04604,2443.511932,0.141260371,1900,Domestic
Psetta_maxima-Mediterranean and Black Sea,Psetta maxima,Turbot,"Flounders, halibuts, soles",Mediterranean and Black Sea,0.880201777,1.107933961,1.220394278,1.323911186,1.54426791,0.175193612,1.213312127,18216.80292,1964,0.282520741,35181.04604,2443.511932,0.141260371,2500,Domestic
Psetta_maxima-Mediterranean and Black Sea,Psetta maxima,Turbot,"Flounders, halibuts, soles",Mediterranean and Black Sea,0.872283555,1.119707092,1.233921513,1.333671055,1.534576752,0.169872386,1.221245577,18216.80292,1965,0.282520741,35181.04604,2443.511932,0.141260371,2300,Domestic
Psetta_maxima-Mediterranean and Black Sea,Psetta maxima,Turbot,"Flounders, halibuts, soles",Mediterranean and Black Sea,0.822863404,1.099761752,1.189043,1.296112438,1.481856274,0.161554102,1.186171958,18216.80292,1966,0.282520741,35181.04604,2443.511932,0.141260371,3000,Domestic
Psetta_maxima-Mediterranean and Black Sea,Psetta maxima,Turbot,"Flounders, halibuts, soles",Mediterranean and Black Sea,0.883941375,1.115374782,1.203559017,1.306023899,1.500856001,0.157520483,1.207367934,18216.80292,1967,0.282520741,35181.04604,2443.511932,0.141260371,2200,Domestic
Psetta_maxima-Mediterranean and Black Sea,Psetta maxima,Turbot,"Flounders, halibuts, soles",Mediterranean and Black Sea,0.883733142,1.104887057,1.197792754,1.296278971,1.522967904,0.156761509,1.203821805,18216.80292,1968,0.282520741,35181.04604,2443.511932,0.141260371,2600,Domestic
Psetta_maxima-Mediterranean and Black Sea,Psetta maxima,Turbot,"Flounders, halibuts, soles",Mediterranean and Black Sea,0.89202953,1.070570834,1.162356369,1.263449462,1.477876694,0.153321794,1.166332821,18216.80292,1969,0.282520741,35181.04604,2443.511932,0.141260371,3100,Domestic
Psetta_maxima-Mediterranean and Black Sea,Psetta maxima,Turbot,"Flounders, halibuts, soles",Mediterranean and Black Sea,0.765319005,0.949274681,1.044552164,1.13319311,1.334418187,0.143854919,1.045023694,18216.80292,1970,0.282520741,35181.04604,2443.511932,0.141260371,4623,Domestic
Psetta_maxima-Mediterranean and Black Sea,Psetta maxima,Turbot,"Flounders, halibuts, soles",Mediterranean and Black Sea,0.739877411,0.916582388,1.012306706,1.092979408,1.353604437,0.145380244,1.017243225,18216.80292,1971,0.282520741,35181.04604,2443.511932,0.141260371,3016,Domestic
Psetta_maxima-Mediterranean and Black Sea,Psetta maxima,Turbot,"Flounders, halibuts, soles",Mediterranean and Black Sea,0.735606076,0.902665449,0.984730662,1.081254893,1.298126837,0.140382003,0.997857627,18216.80292,1972,0.282520741,35181.04604,2443.511932,0.141260371,2742,Domestic
Psetta_maxima-Mediterranean and Black Sea,Psetta maxima,Turbot,"Flounders, halibuts, soles",Mediterranean and Black Sea,0.630715769,0.804321812,0.873328796,0.963264973,1.199358582,0.134616927,0.88378517,18216.80292,1973,0.282520741,35181.04604,2443.511932,0.141260371,4349,Domestic
Psetta_maxima-Mediterranean and Black Sea,Psetta maxima,Turbot,"Flounders, halibuts, soles",Mediterranean and Black Sea,0.694497417,0.854774787,0.921996905,1.027934933,1.267256688,0.139762802,0.941315057,18216.80292,1974,0.282520741,35181.04604,2443.511932,0.141260371,1423,Domestic
Psetta_maxima-Mediterranean and Black Sea,Psetta maxima,Turbot,"Flounders, halibuts, soles",Mediterranean and Black Sea,0.760162002,0.925220949,1.000248994,1.099434635,1.319626484,0.140248117,1.01829389,18216.80292,1975,0.282520741,35181.04604,2443.511932,0.141260371,1131,Domestic
Psetta_maxima-Mediterranean and Black Sea,Psetta maxima,Turbot,"Flounders, halibuts, soles",Mediterranean and Black Sea,0.8165575,0.972648879,1.054662974,1.136549311,1.35210436,0.131701148,1.061244708,18216.80292,1976,0.282520741,35181.04604,2443.511932,0.141260371,1541,Domestic
Psetta_maxima-Mediterranean and Black Sea,Psetta maxima,Turbot,"Flounders, halibuts, soles",Mediterranean and Black Sea,0.843704952,0.987879542,1.074317227,1.151136495,1.341571354,0.127041183,1.078665622,18216.80292,1977,0.282520741,35181.04604,2443.511932,0.141260371,2079,Domestic
Psetta_maxima-Mediterranean and Black Sea,Psetta maxima,Turbot,"Flounders, halibuts, soles",Mediterranean and Black Sea,0.883121779,1.025810588,1.091739396,1.163019786,1.306072848,0.110719903,1.096721257,18216.80292,1978,0.282520741,35181.04604,2443.511932,0.141260371,2160,Domestic
Psetta_maxima-Mediterranean and Black Sea,Psetta maxima,Turbot,"Flounders, halibuts, soles",Mediterranean and Black Sea,0.738813912,0.852909209,0.909686627,0.97233555,1.102538681,0.090760509,0.914767169,18216.80292,1979,0.282520741,35181.04604,2443.511932,0.141260371,5483,Domestic
Psetta_maxima-Mediterranean and Black Sea,Psetta maxima,Turbot,"Flounders, halibuts, soles",Mediterranean and Black Sea,0.722647699,0.824363585,0.8764073,0.932632302,1.045069794,0.082368002,0.878549191,18216.80292,1980,0.282520741,35181.04604,2443.511932,0.141260371,2961,Domestic
Psetta_maxima-Mediterranean and Black Sea,Psetta maxima,Turbot,"Flounders, halibuts, soles",Mediterranean and Black Sea,0.651251398,0.739487769,0.787802682,0.839598559,0.948763044,0.073819711,0.791263288,18216.80292,1981,0.282520741,35181.04604,2443.511932,0.141260371,3906,Domestic
Psetta_maxima-Mediterranean and Black Sea,Psetta maxima,Turbot,"Flounders, halibuts, soles",Mediterranean and Black Sea,0.516351837,0.601945667,0.639501395,0.685291733,0.779777669,0.065915287,0.6444837,18216.80292,1982,0.282520741,35181.04604,2443.511932,0.141260371,4903,Domestic
Psetta_maxima-Mediterranean and Black Sea,Psetta maxima,Turbot,"Flounders, halibuts, soles",Mediterranean and Black Sea,0.345360389,0.403100611,0.437003137,0.483878016,0.590817603,0.062224103,0.446116224,18216.80292,1983,0.282520741,35181.04604,2443.511932,0.141260371,5569,Domestic
Psetta_maxima-Mediterranean and Black Sea,Psetta maxima,Turbot,"Flounders, halibuts, soles",Mediterranean and Black Sea,0.251100813,0.312829581,0.354856191,0.405506963,0.512969634,0.067855431,0.362762193,18216.80292,1984,0.282520741,35181.04604,2443.511932,0.141260371,3087,Domestic
Psetta_maxima-Mediterranean and Black Sea,Psetta maxima,Turbot,"Flounders, halibuts, soles",Mediterranean and Black Sea,0.301340132,0.357964768,0.407110254,0.457587408,0.575208986,0.07141686,0.41310246,18216.80292,1985,0.282520741,35181.04604,2443.511932,0.141260371,534,Domestic
Psetta_maxima-Mediterranean and Black Sea,Psetta maxima,Turbot,"Flounders, halibuts, soles",Mediterranean and Black Sea,0.349249126,0.415129266,0.462221031,0.515099871,0.616896297,0.073050953,0.469795596,18216.80292,1986,0.282520741,35181.04604,2443.511932,0.141260371,564,Domestic
Psetta_maxima-Mediterranean and Black Sea,Psetta maxima,Turbot,"Flounders, halibuts, soles",Mediterranean and Black Sea,0.367300326,0.442183999,0.486278376,0.537546041,0.662942352,0.074022651,0.492701036,18216.80292,1987,0.282520741,35181.04604,2443.511932,0.141260371,1279,Domestic
Psetta_maxima-Mediterranean and Black Sea,Psetta maxima,Turbot,"Flounders, halibuts, soles",Mediterranean and Black Sea,0.38600684,0.458619961,0.499127673,0.562083125,0.682928641,0.075246985,0.511333786,18216.80292,1988,0.282520741,35181.04604,2443.511932,0.141260371,1441,Domestic
Psetta_maxima-Mediterranean and Black Sea,Psetta maxima,Turbot,"Flounders, halibuts, soles",Mediterranean and Black Sea,0.395684175,0.45685258,0.505146872,0.560191825,0.681806687,0.074350733,0.512430321,18216.80292,1989,0.282520741,35181.04604,2443.511932,0.141260371,1741,Domestic
Psetta_maxima-Mediterranean and Black Sea,Psetta maxima,Turbot,"Flounders, halibuts, soles",Mediterranean and Black Sea,0.402195166,0.468682995,0.511918596,0.566876315,0.687348708,0.072166692,0.521838427,18216.80292,1990,0.282520741,35181.04604,2443.511932,0.141260371,1614,Domestic
Psetta_maxima-Mediterranean and Black Sea,Psetta maxima,Turbot,"Flounders, halibuts, soles",Mediterranean and Black Sea,0.424756952,0.492229078,0.528935836,0.576087908,0.685929369,0.068266442,0.537980847,18216.80292,1991,0.282520741,35181.04604,2443.511932,0.141260371,1523,Domestic
Psetta_maxima-Mediterranean and Black Sea,Psetta maxima,Turbot,"Flounders, halibuts, soles",Mediterranean and Black Sea,0.48212928,0.540149782,0.582634013,0.633932125,0.736775331,0.068469207,0.591367599,18216.80292,1992,0.282520741,35181.04604,2443.511932,0.141260371,924,Domestic
Psetta_maxima-Mediterranean and Black Sea,Psetta maxima,Turbot,"Flounders, halibuts, soles",Mediterranean and Black Sea,0.479131463,0.536925029,0.578600549,0.625789784,0.720626405,0.062768804,0.58392205,18216.80292,1993,0.282520741,35181.04604,2443.511932,0.141260371,2099,Domestic
Psetta_maxima-Mediterranean and Black Sea,Psetta maxima,Turbot,"Flounders, halibuts, soles",Mediterranean and Black Sea,0.451067879,0.512361072,0.545780826,0.581004031,0.666840575,0.055680351,0.549681379,18216.80292,1994,0.282520741,35181.04604,2443.511932,0.141260371,2516,Domestic
Psetta_maxima-Mediterranean and Black Sea,Psetta maxima,Turbot,"Flounders, halibuts, soles",Mediterranean and Black Sea,0.384419818,0.441485958,0.470224381,0.503176897,0.581897181,0.049471498,0.472859455,18216.80292,1995,0.282520741,35181.04604,2443.511932,0.141260371,3240,Domestic
Psetta_maxima-Mediterranean and Black Sea,Psetta maxima,Turbot,"Flounders, halibuts, soles",Mediterranean and Black Sea,0.35689829,0.402820426,0.431109121,0.464407651,0.525977847,0.045095508,0.434585122,18216.80292,1996,0.282520741,35181.04604,2443.511932,0.141260371,2341,Domestic
Psetta_maxima-Mediterranean and Black Sea,Psetta maxima,Turbot,"Flounders, halibuts, soles",Mediterranean and Black Sea,0.373434323,0.417451448,0.44952208,0.477347254,0.533875006,0.042015521,0.44995512,18216.80292,1997,0.282520741,35181.04604,2443.511932,0.141260371,1333,Domestic
Psetta_maxima-Mediterranean and Black Sea,Psetta maxima,Turbot,"Flounders, halibuts, soles",Mediterranean and Black Sea,0.351535722,0.394120393,0.420739241,0.4458773,0.498591955,0.039298586,0.42175462,18216.80292,1998,0.282520741,35181.04604,2443.511932,0.141260371,2178,Domestic
Psetta_maxima-Mediterranean and Black Sea,Psetta maxima,Turbot,"Flounders, halibuts, soles",Mediterranean and Black Sea,0.327836557,0.367185823,0.391650205,0.412773433,0.466684711,0.036141421,0.392391735,18216.80292,1999,0.282520741,35181.04604,2443.511932,0.141260371,2126,Domestic
Psetta_maxima-Mediterranean and Black Sea,Psetta maxima,Turbot,"Flounders, halibuts, soles",Mediterranean and Black Sea,0.254170713,0.284523339,0.303114873,0.326773467,0.385586037,0.033240467,0.306622239,18216.80292,2000,0.282520741,35181.04604,2443.511932,0.141260371,2968,Domestic
Psetta_maxima-Mediterranean and Black Sea,Psetta maxima,Turbot,"Flounders, halibuts, soles",Mediterranean and Black Sea,0.168192016,0.192685231,0.210125202,0.235569896,0.295476682,0.034169164,0.217172183,18216.80292,2001,0.282520741,35181.04604,2443.511932,0.141260371,2802,Domestic
Psetta_maxima-Mediterranean and Black Sea,Psetta maxima,Turbot,"Flounders, halibuts, soles",Mediterranean and Black Sea,0.162911922,0.194715673,0.213998691,0.239891766,0.303139996,0.036074548,0.219236192,18216.80292,2002,0.282520741,35181.04604,2443.511932,0.141260371,868,Domestic
Psetta_maxima-Mediterranean and Black Sea,Psetta maxima,Turbot,"Flounders, halibuts, soles",Mediterranean and Black Sea,0.174396188,0.20533891,0.228262467,0.256464796,0.322397931,0.039273591,0.234507066,18216.80292,2003,0.282520741,35181.04604,2443.511932,0.141260371,666,Domestic
Psetta_maxima-Mediterranean and Black Sea,Psetta maxima,Turbot,"Flounders, halibuts, soles",Mediterranean and Black Sea,0.189578877,0.219464488,0.245976623,0.276455307,0.343858629,0.042176467,0.250870989,18216.80292,2004,0.282520741,35181.04604,2443.511932,0.141260371,689,Domestic
Psetta_maxima-Mediterranean and Black Sea,Psetta maxima,Turbot,"Flounders, halibuts, soles",Mediterranean and Black Sea,0.182955299,0.218182433,0.248328284,0.281022447,0.359425863,0.046807731,0.254467112,18216.80292,2005,0.282520741,35181.04604,2443.511932,0.141260371,986,Domestic
Psetta_maxima-Mediterranean and Black Sea,Psetta maxima,Turbot,"Flounders, halibuts, soles",Mediterranean and Black Sea,0.171228658,0.208296128,0.240209655,0.279189834,0.355555577,0.051726864,0.24789961,18216.80292,2006,0.282520741,35181.04604,2443.511932,0.141260371,1168,Domestic
Psetta_maxima-Mediterranean and Black Sea,Psetta maxima,Turbot,"Flounders, halibuts, soles",Mediterranean and Black Sea,0.148304709,0.185697216,0.225917101,0.274790903,0.367374171,0.059852415,0.235237601,18216.80292,2007,0.282520741,35181.04604,2443.511932,0.141260371,1276,Domestic
Psetta_maxima-Mediterranean and Black Sea,Psetta maxima,Turbot,"Flounders, halibuts, soles",Mediterranean and Black Sea,0.134173918,0.178961177,0.222528873,0.279542922,0.394272136,0.069274448,0.232649846,18216.80292,2008,0.282520741,35181.04604,2443.511932,0.141260371,1010,Domestic
Psetta_maxima-Mediterranean and Black Sea,Psetta maxima,Turbot,"Flounders, halibuts, soles",Mediterranean and Black Sea,0.119443576,0.170006498,0.225598781,0.296346484,0.395828054,0.079873574,0.236570955,18216.80292,2009,0.282520741,35181.04604,2443.511932,0.141260371,890,Domestic
Psetta_maxima-Mediterranean and Black Sea,Psetta maxima,Turbot,"Flounders, halibuts, soles",Mediterranean and Black Sea,0.112708545,0.173559055,0.241299309,0.323207667,0.438551157,0.093465277,0.251285475,18216.80292,2010,0.282520741,35181.04604,2443.511932,0.141260371,713,Domestic
Psetta_maxima-Mediterranean and Black Sea,Psetta maxima,Turbot,"Flounders, halibuts, soles",Mediterranean and Black Sea,0.108833805,0.188138148,0.265537582,0.360785691,0.494082706,0.109561722,0.27636759,18216.80292,2011,0.282520741,35181.04604,2443.511932,0.141260371,588,Domestic
Psetta_maxima-Mediterranean and Black Sea,Psetta maxima,Turbot,"Flounders, halibuts, soles",Mediterranean and Black Sea,0.101411375,0.199507158,0.298962684,0.404435519,0.562911344,0.128675027,0.303428855,18216.80292,2012,0.282520741,35181.04604,2443.511932,0.141260371,619,Domestic
Psetta_maxima-Mediterranean and Black Sea,Psetta maxima,Turbot,"Flounders, halibuts, soles",Mediterranean and Black Sea,0.095579975,0.211639731,0.328446582,0.46350843,0.612283882,0.148648137,0.338115831,18216.80292,2013,0.282520741,35181.04604,2443.511932,0.141260371,588,Domestic
Psetta_maxima-Mediterranean and Black Sea,Psetta maxima,Turbot,"Flounders, halibuts, soles",Mediterranean and Black Sea,0.092607485,0.237537708,0.375993953,0.522454054,0.669653302,0.169193675,0.380180246,18216.80292,2014,0.282520741,35181.04604,2443.511932,0.141260371,513,Domestic
Psetta_maxima-Mediterranean and Black Sea,Psetta maxima,Turbot,"Flounders, halibuts, soles",Mediterranean and Black Sea,0.080618729,0.257730875,0.427307076,0.587535478,0.719353349,0.193904226,0.422506871,18216.80292,2015,0.282520741,35181.04604,2443.511932,0.141260371,630,Domestic
Psetta_maxima-Mediterranean and Black Sea,Psetta maxima,Turbot,"Flounders, halibuts, soles",Mediterranean and Black Sea,0.059774878,0.290441211,0.471276178,0.672108024,0.788698958,0.22271643,0.468975859,18216.80292,2016,0.282520741,35181.04604,2443.511932,0.141260371,657,Domestic
Pseudocaranx_dentex-Pacific_Southwest,Pseudocaranx dentex,White trevally,Miscellaneous pelagic fishes,Pacific Southwest,1.029563946,1.231597927,1.391952856,1.593731147,1.881063408,0.236407091,1.418389267,25659.40014,1950,0.481257649,41725.0701,4563.255144,0.240628825,500,Domestic
Pseudocaranx_dentex-Pacific_Southwest,Pseudocaranx dentex,White trevally,Miscellaneous pelagic fishes,Pacific Southwest,1.142843395,1.386252001,1.558738395,1.725909804,1.942073971,0.218300009,1.555394633,25659.40014,1951,0.481257649,41725.0701,4563.255144,0.240628825,600,Domestic
Pseudocaranx_dentex-Pacific_Southwest,Pseudocaranx dentex,White trevally,Miscellaneous pelagic fishes,Pacific Southwest,1.264391478,1.52095546,1.68118857,1.817785116,1.968631827,0.193053854,1.662233261,25659.40014,1952,0.481257649,41725.0701,4563.255144,0.240628825,400,Domestic
Pseudocaranx_dentex-Pacific_Southwest,Pseudocaranx dentex,White trevally,Miscellaneous pelagic fishes,Pacific Southwest,1.364263129,1.617160313,1.749031923,1.855443806,1.974421459,0.164759053,1.726213492,25659.40014,1953,0.481257649,41725.0701,4563.255144,0.240628825,600,Domestic
Pseudocaranx_dentex-Pacific_Southwest,Pseudocaranx dentex,White trevally,Miscellaneous pelagic fishes,Pacific Southwest,1.432310019,1.680791365,1.785948958,1.872640935,1.982137535,0.143305736,1.765234024,25659.40014,1954,0.481257649,41725.0701,4563.255144,0.240628825,700,Domestic
Pseudocaranx_dentex-Pacific_Southwest,Pseudocaranx dentex,White trevally,Miscellaneous pelagic fishes,Pacific Southwest,1.492555852,1.711592518,1.802420069,1.878990045,1.979259051,0.127041718,1.785502082,25659.40014,1955,0.481257649,41725.0701,4563.255144,0.240628825,900,Domestic
Pseudocaranx_dentex-Pacific_Southwest,Pseudocaranx dentex,White trevally,Miscellaneous pelagic fishes,Pacific Southwest,1.535386773,1.734084408,1.816628175,1.891586027,1.980851746,0.116848797,1.803644641,25659.40014,1956,0.481257649,41725.0701,4563.255144,0.240628825,900,Domestic
Pseudocaranx_dentex-Pacific_Southwest,Pseudocaranx dentex,White trevally,Miscellaneous pelagic fishes,Pacific Southwest,1.54704582,1.729110433,1.801700533,1.87359106,1.976071315,0.110040509,1.794208251,25659.40014,1957,0.481257649,41725.0701,4563.255144,0.240628825,1400,Domestic
Pseudocaranx_dentex-Pacific_Southwest,Pseudocaranx dentex,White trevally,Miscellaneous pelagic fishes,Pacific Southwest,1.559623929,1.720416215,1.793865721,1.865819199,1.973604284,0.10787361,1.787523229,25659.40014,1958,0.481257649,41725.0701,4563.255144,0.240628825,1500,Domestic
Pseudocaranx_dentex-Pacific_Southwest,Pseudocaranx dentex,White trevally,Miscellaneous pelagic fishes,Pacific Southwest,1.535191283,1.68827619,1.763191404,1.835507527,1.954173338,0.106920474,1.758658565,25659.40014,1959,0.481257649,41725.0701,4563.255144,0.240628825,2100,Domestic
Pseudocaranx_dentex-Pacific_Southwest,Pseudocaranx dentex,White trevally,Miscellaneous pelagic fishes,Pacific Southwest,1.522825261,1.670850173,1.747170444,1.822981335,1.950555759,0.110083637,1.744712454,25659.40014,1960,0.481257649,41725.0701,4563.255144,0.240628825,2100,Domestic
Pseudocaranx_dentex-Pacific_Southwest,Pseudocaranx dentex,White trevally,Miscellaneous pelagic fishes,Pacific Southwest,1.51019023,1.662860164,1.736399252,1.812968128,1.945959734,0.111261221,1.735225251,25659.40014,1961,0.481257649,41725.0701,4563.255144,0.240628825,2100,Domestic
Pseudocaranx_dentex-Pacific_Southwest,Pseudocaranx dentex,White trevally,Miscellaneous pelagic fishes,Pacific Southwest,1.490161174,1.637554378,1.712451043,1.786456004,1.927279733,0.110758775,1.710974619,25659.40014,1962,0.481257649,41725.0701,4563.255144,0.240628825,2500,Domestic
Pseudocaranx_dentex-Pacific_Southwest,Pseudocaranx dentex,White trevally,Miscellaneous pelagic fishes,Pacific Southwest,1.4738744,1.624101656,1.702465987,1.777205806,1.92417161,0.113929748,1.700393445,25659.40014,1963,0.481257649,41725.0701,4563.255144,0.240628825,2400,Domestic
Pseudocaranx_dentex-Pacific_Southwest,Pseudocaranx dentex,White trevally,Miscellaneous pelagic fishes,Pacific Southwest,1.470105663,1.619347882,1.695114826,1.77241537,1.914339572,0.114002696,1.694214398,25659.40014,1964,0.481257649,41725.0701,4563.255144,0.240628825,2400,Domestic
Pseudocaranx_dentex-Pacific_Southwest,Pseudocaranx dentex,White trevally,Miscellaneous pelagic fishes,Pacific Southwest,1.449476704,1.602178748,1.680267514,1.756717611,1.906160328,0.115122713,1.679592428,25659.40014,1965,0.481257649,41725.0701,4563.255144,0.240628825,2600,Domestic
Pseudocaranx_dentex-Pacific_Southwest,Pseudocaranx dentex,White trevally,Miscellaneous pelagic fishes,Pacific Southwest,1.418302087,1.567172504,1.64451063,1.721759256,1.872729233,0.115756215,1.644949085,25659.40014,1966,0.481257649,41725.0701,4563.255144,0.240628825,3100,Domestic
Pseudocaranx_dentex-Pacific_Southwest,Pseudocaranx dentex,White trevally,Miscellaneous pelagic fishes,Pacific Southwest,1.407101944,1.545262038,1.623082068,1.702021867,1.856750276,0.116186773,1.625315409,25659.40014,1967,0.481257649,41725.0701,4563.255144,0.240628825,3100,Domestic
Pseudocaranx_dentex-Pacific_Southwest,Pseudocaranx dentex,White trevally,Miscellaneous pelagic fishes,Pacific Southwest,1.371537989,1.514150915,1.589720575,1.667916517,1.8342615,0.117382035,1.593043785,25659.40014,1968,0.481257649,41725.0701,4563.255144,0.240628825,3500,Domestic
Pseudocaranx_dentex-Pacific_Southwest,Pseudocaranx dentex,White trevally,Miscellaneous pelagic fishes,Pacific Southwest,1.358177047,1.501381787,1.578333101,1.656502562,1.816899559,0.116693621,1.581212182,25659.40014,1969,0.481257649,41725.0701,4563.255144,0.240628825,3300,Domestic
Pseudocaranx_dentex-Pacific_Southwest,Pseudocaranx dentex,White trevally,Miscellaneous pelagic fishes,Pacific Southwest,1.307046751,1.447199778,1.523234504,1.601212017,1.766156151,0.115936849,1.526125181,25659.40014,1970,0.481257649,41725.0701,4563.255144,0.240628825,4200,Domestic
Pseudocaranx_dentex-Pacific_Southwest,Pseudocaranx dentex,White trevally,Miscellaneous pelagic fishes,Pacific Southwest,1.18065588,1.309077614,1.384533245,1.472895456,1.648875679,0.120986633,1.394356063,25659.40014,1971,0.481257649,41725.0701,4563.255144,0.240628825,6000,Domestic
Pseudocaranx_dentex-Pacific_Southwest,Pseudocaranx dentex,White trevally,Miscellaneous pelagic fishes,Pacific Southwest,1.063535748,1.201102849,1.284246724,1.372946336,1.562440202,0.127327964,1.291401391,25659.40014,1972,0.481257649,41725.0701,4563.255144,0.240628825,6000,Domestic
Pseudocaranx_dentex-Pacific_Southwest,Pseudocaranx dentex,White trevally,Miscellaneous pelagic fishes,Pacific Southwest,1.035727151,1.172113687,1.25308199,1.345565505,1.539190079,0.128958281,1.262842722,25659.40014,1973,0.481257649,41725.0701,4563.255144,0.240628825,4900,Domestic
Pseudocaranx_dentex-Pacific_Southwest,Pseudocaranx dentex,White trevally,Miscellaneous pelagic fishes,Pacific Southwest,0.99699859,1.133185759,1.21622655,1.311348638,1.507381042,0.132044888,1.227049467,25659.40014,1974,0.481257649,41725.0701,4563.255144,0.240628825,5106,Domestic
Pseudocaranx_dentex-Pacific_Southwest,Pseudocaranx dentex,White trevally,Miscellaneous pelagic fishes,Pacific Southwest,1.050741934,1.184294343,1.270084026,1.364444371,1.568006838,0.132276046,1.280457444,25659.40014,1975,0.481257649,41725.0701,4563.255144,0.240628825,3496,Domestic
Pseudocaranx_dentex-Pacific_Southwest,Pseudocaranx dentex,White trevally,Miscellaneous pelagic fishes,Pacific Southwest,0.985566626,1.115149884,1.194892226,1.297308674,1.51133486,0.135854825,1.211530948,25659.40014,1976,0.481257649,41725.0701,4563.255144,0.240628825,5680,Domestic
Pseudocaranx_dentex-Pacific_Southwest,Pseudocaranx dentex,White trevally,Miscellaneous pelagic fishes,Pacific Southwest,0.881378611,1.000415497,1.089001504,1.195790418,1.419600817,0.142382246,1.106634518,25659.40014,1977,0.481257649,41725.0701,4563.255144,0.240628825,6482,Domestic
Pseudocaranx_dentex-Pacific_Southwest,Pseudocaranx dentex,White trevally,Miscellaneous pelagic fishes,Pacific Southwest,0.764106838,0.88200659,0.985990908,1.10748423,1.354635811,0.157906237,1.005638321,25659.40014,1978,0.481257649,41725.0701,4563.255144,0.240628825,6526,Domestic
Pseudocaranx_dentex-Pacific_Southwest,Pseudocaranx dentex,White trevally,Miscellaneous pelagic fishes,Pacific Southwest,0.678336317,0.813889057,0.927578669,1.063486905,1.339779102,0.175032107,0.948893494,25659.40014,1979,0.481257649,41725.0701,4563.255144,0.240628825,5676,Domestic
Pseudocaranx_dentex-Pacific_Southwest,Pseudocaranx dentex,White trevally,Miscellaneous pelagic fishes,Pacific Southwest,0.668272926,0.812479658,0.935920149,1.085561736,1.379774107,0.190578735,0.960678557,25659.40014,1980,0.481257649,41725.0701,4563.255144,0.240628825,4324,Domestic
Pseudocaranx_dentex-Pacific_Southwest,Pseudocaranx dentex,White trevally,Miscellaneous pelagic fishes,Pacific Southwest,0.629982917,0.795255917,0.927736355,1.094589807,1.403591052,0.207058932,0.953826215,25659.40014,1981,0.481257649,41725.0701,4563.255144,0.240628825,4621,Domestic
Pseudocaranx_dentex-Pacific_Southwest,Pseudocaranx dentex,White trevally,Miscellaneous pelagic fishes,Pacific Southwest,0.574780771,0.762204207,0.908714366,1.095635269,1.410454815,0.22639616,0.936505049,25659.40014,1982,0.481257649,41725.0701,4563.255144,0.240628825,4780,Domestic
Pseudocaranx_dentex-Pacific_Southwest,Pseudocaranx dentex,White trevally,Miscellaneous pelagic fishes,Pacific Southwest,0.569926331,0.775404576,0.945981535,1.144838074,1.471613607,0.244988175,0.967334219,25659.40014,1983,0.481257649,41725.0701,4563.255144,0.240628825,3791,Domestic
Pseudocaranx_dentex-Pacific_Southwest,Pseudocaranx dentex,White trevally,Miscellaneous pelagic fishes,Pacific Southwest,0.555662315,0.784455602,0.975311443,1.186791661,1.506767866,0.262481007,0.992822035,25659.40014,1984,0.481257649,41725.0701,4563.255144,0.240628825,3841,Domestic
Pseudocaranx_dentex-Pacific_Southwest,Pseudocaranx dentex,White trevally,Miscellaneous pelagic fishes,Pacific Southwest,0.538641739,0.795225282,1.002423447,1.230591444,1.550574073,0.278522243,1.014839719,25659.40014,1985,0.481257649,41725.0701,4563.255144,0.240628825,3893,Domestic
Pseudocaranx_dentex-Pacific_Southwest,Pseudocaranx dentex,White trevally,Miscellaneous pelagic fishes,Pacific Southwest,0.541285826,0.822656381,1.054536117,1.293627355,1.600227399,0.294781446,1.060760009,25659.40014,1986,0.481257649,41725.0701,4563.255144,0.240628825,3371,Domestic
Pseudocaranx_dentex-Pacific_Southwest,Pseudocaranx dentex,White trevally,Miscellaneous pelagic fishes,Pacific Southwest,0.591911814,0.896516661,1.146843139,1.387683366,1.694295419,0.308232192,1.144212143,25659.40014,1987,0.481257649,41725.0701,4563.255144,0.240628825,2593,Domestic
Pseudocaranx_dentex-Pacific_Southwest,Pseudocaranx dentex,White trevally,Miscellaneous pelagic fishes,Pacific Southwest,0.637685188,0.958705201,1.217057286,1.461542261,1.736402608,0.310297537,1.207729953,25659.40014,1988,0.481257649,41725.0701,4563.255144,0.240628825,2805,Domestic
Pseudocaranx_dentex-Pacific_Southwest,Pseudocaranx dentex,White trevally,Miscellaneous pelagic fishes,Pacific Southwest,0.661461602,1.004603325,1.269344724,1.489977332,1.735562919,0.303373379,1.242134305,25659.40014,1989,0.481257649,41725.0701,4563.255144,0.240628825,3203,Domestic
Pseudocaranx_dentex-Pacific_Southwest,Pseudocaranx dentex,White trevally,Miscellaneous pelagic fishes,Pacific Southwest,0.703904728,1.061674871,1.33275852,1.53787065,1.759030332,0.298719098,1.292721045,25659.40014,1990,0.481257649,41725.0701,4563.255144,0.240628825,2868,Domestic
Pseudocaranx_dentex-Pacific_Southwest,Pseudocaranx dentex,White trevally,Miscellaneous pelagic fishes,Pacific Southwest,0.727089564,1.097749136,1.365385716,1.54164306,1.746554927,0.286945288,1.314389245,25659.40014,1991,0.481257649,41725.0701,4563.255144,0.240628825,3303,Domestic
Pseudocaranx_dentex-Pacific_Southwest,Pseudocaranx dentex,White trevally,Miscellaneous pelagic fishes,Pacific Southwest,0.775422912,1.152236632,1.408635859,1.577603978,1.77888381,0.279126912,1.356163797,25659.40014,1992,0.481257649,41725.0701,4563.255144,0.240628825,2900,Domestic
Pseudocaranx_dentex-Pacific_Southwest,Pseudocaranx dentex,White trevally,Miscellaneous pelagic fishes,Pacific Southwest,0.785283812,1.180884648,1.417487655,1.565739174,1.764044615,0.265450115,1.363582271,25659.40014,1993,0.481257649,41725.0701,4563.255144,0.240628825,3393,Domestic
Pseudocaranx_dentex-Pacific_Southwest,Pseudocaranx dentex,White trevally,Miscellaneous pelagic fishes,Pacific Southwest,0.808494192,1.205741063,1.423440866,1.560118349,1.75526425,0.253795335,1.370477995,25659.40014,1994,0.481257649,41725.0701,4563.255144,0.240628825,3406,Domestic
Pseudocaranx_dentex-Pacific_Southwest,Pseudocaranx dentex,White trevally,Miscellaneous pelagic fishes,Pacific Southwest,0.814164639,1.195800698,1.402641873,1.530644051,1.723813485,0.241668356,1.354061871,25659.40014,1995,0.481257649,41725.0701,4563.255144,0.240628825,3910,Domestic
Pseudocaranx_dentex-Pacific_Southwest,Pseudocaranx dentex,White trevally,Miscellaneous pelagic fishes,Pacific Southwest,0.822009293,1.204167401,1.393256935,1.519156478,1.714801736,0.23461121,1.348616025,25659.40014,1996,0.481257649,41725.0701,4563.255144,0.240628825,3833,Domestic
Pseudocaranx_dentex-Pacific_Southwest,Pseudocaranx dentex,White trevally,Miscellaneous pelagic fishes,Pacific Southwest,0.828107044,1.209893092,1.390083696,1.508451582,1.704668252,0.229296312,1.344854638,25659.40014,1997,0.481257649,41725.0701,4563.255144,0.240628825,3813,Domestic
Pseudocaranx_dentex-Pacific_Southwest,Pseudocaranx dentex,White trevally,Miscellaneous pelagic fishes,Pacific Southwest,0.817828264,1.190974365,1.361254918,1.482948797,1.679464175,0.224301085,1.322947504,25659.40014,1998,0.481257649,41725.0701,4563.255144,0.240628825,4166,Domestic
Pseudocaranx_dentex-Pacific_Southwest,Pseudocaranx dentex,White trevally,Miscellaneous pelagic fishes,Pacific Southwest,0.782150625,1.151019264,1.317374666,1.434980612,1.638685815,0.220754792,1.280379006,25659.40014,1999,0.481257649,41725.0701,4563.255144,0.240628825,4671,Domestic
Pseudocaranx_dentex-Pacific_Southwest,Pseudocaranx dentex,White trevally,Miscellaneous pelagic fishes,Pacific Southwest,0.776427241,1.148430433,1.320421735,1.438924831,1.642985038,0.224406535,1.2809185,25659.40014,2000,0.481257649,41725.0701,4563.255144,0.240628825,3983,Domestic
Pseudocaranx_dentex-Pacific_Southwest,Pseudocaranx dentex,White trevally,Miscellaneous pelagic fishes,Pacific Southwest,0.786605301,1.166411911,1.347230535,1.466461182,1.669635033,0.22946251,1.303135863,25659.40014,2001,0.481257649,41725.0701,4563.255144,0.240628825,3529,Domestic
Pseudocaranx_dentex-Pacific_Southwest,Pseudocaranx dentex,White trevally,Miscellaneous pelagic fishes,Pacific Southwest,0.790706814,1.175323213,1.352868445,1.473585375,1.67286749,0.22937904,1.309597667,25659.40014,2002,0.481257649,41725.0701,4563.255144,0.240628825,3744,Domestic
Pseudocaranx_dentex-Pacific_Southwest,Pseudocaranx dentex,White trevally,Miscellaneous pelagic fishes,Pacific Southwest,0.7754497,1.17274324,1.349655986,1.473418289,1.667538849,0.230605037,1.307505974,25659.40014,2003,0.481257649,41725.0701,4563.255144,0.240628825,3895,Domestic
Pseudocaranx_dentex-Pacific_Southwest,Pseudocaranx dentex,White trevally,Miscellaneous pelagic fishes,Pacific Southwest,0.767744992,1.167212976,1.342528307,1.468139067,1.660252325,0.23100976,1.301860776,25659.40014,2004,0.481257649,41725.0701,4563.255144,0.240628825,3940,Domestic
Pseudocaranx_dentex-Pacific_Southwest,Pseudocaranx dentex,White trevally,Miscellaneous pelagic fishes,Pacific Southwest,0.757958077,1.158937648,1.333119728,1.458974286,1.657796189,0.231703242,1.292882569,25659.40014,2005,0.481257649,41725.0701,4563.255144,0.240628825,3996,Domestic
Pseudocaranx_dentex-Pacific_Southwest,Pseudocaranx dentex,White trevally,Miscellaneous pelagic fishes,Pacific Southwest,0.760854254,1.178220625,1.353633386,1.480293435,1.680439606,0.235878563,1.311717071,25659.40014,2006,0.481257649,41725.0701,4563.255144,0.240628825,3506,Domestic
Pseudocaranx_dentex-Pacific_Southwest,Pseudocaranx dentex,White trevally,Miscellaneous pelagic fishes,Pacific Southwest,0.794262761,1.210214691,1.388220841,1.519916324,1.720375142,0.23912819,1.346872745,25659.40014,2007,0.481257649,41725.0701,4563.255144,0.240628825,3076,Domestic
Pseudocaranx_dentex-Pacific_Southwest,Pseudocaranx dentex,White trevally,Miscellaneous pelagic fishes,Pacific Southwest,0.798051001,1.218382495,1.393851159,1.521753766,1.717522951,0.235926709,1.352597028,25659.40014,2008,0.481257649,41725.0701,4563.255144,0.240628825,3504,Domestic
Pseudocaranx_dentex-Pacific_Southwest,Pseudocaranx dentex,White trevally,Miscellaneous pelagic fishes,Pacific Southwest,0.831711063,1.254719343,1.423975906,1.551266146,1.745666354,0.233812029,1.384667164,25659.40014,2009,0.481257649,41725.0701,4563.255144,0.240628825,2938,Domestic
Pseudocaranx_dentex-Pacific_Southwest,Pseudocaranx dentex,White trevally,Miscellaneous pelagic fishes,Pacific Southwest,0.833296278,1.258457671,1.419417865,1.5395275,1.723602975,0.224194665,1.380537879,25659.40014,2010,0.481257649,41725.0701,4563.255144,0.240628825,3430,Domestic
Pseudocaranx_dentex-Pacific_Southwest,Pseudocaranx dentex,White trevally,Miscellaneous pelagic fishes,Pacific Southwest,0.825303373,1.246691298,1.396751424,1.509004613,1.690302442,0.213450876,1.360574387,25659.40014,2011,0.481257649,41725.0701,4563.255144,0.240628825,3769,Domestic
Pseudocaranx_dentex-Pacific_Southwest,Pseudocaranx dentex,White trevally,Miscellaneous pelagic fishes,Pacific Southwest,0.831502981,1.247067675,1.385165797,1.496402293,1.674196099,0.206153247,1.353144529,25659.40014,2012,0.481257649,41725.0701,4563.255144,0.240628825,3565,Domestic
Pseudocaranx_dentex-Pacific_Southwest,Pseudocaranx dentex,White trevally,Miscellaneous pelagic fishes,Pacific Southwest,0.821348668,1.235253261,1.365400957,1.462819013,1.636906689,0.195629659,1.331354512,25659.40014,2013,0.481257649,41725.0701,4563.255144,0.240628825,3791,Domestic
Pseudocaranx_dentex-Pacific_Southwest,Pseudocaranx dentex,White trevally,Miscellaneous pelagic fishes,Pacific Southwest,0.842650393,1.255544705,1.372520794,1.467449857,1.636042084,0.18775882,1.34283454,25659.40014,2014,0.481257649,41725.0701,4563.255144,0.240628825,3090,Domestic
Pseudocaranx_dentex-Pacific_Southwest,Pseudocaranx dentex,White trevally,Miscellaneous pelagic fishes,Pacific Southwest,0.835907224,1.241462991,1.340182232,1.41395742,1.542861648,0.166473935,1.307101144,25659.40014,2015,0.481257649,41725.0701,4563.255144,0.240628825,3828,Domestic
Pseudocaranx_dentex-Pacific_Southwest,Pseudocaranx dentex,White trevally,Miscellaneous pelagic fishes,Pacific Southwest,0.840372583,1.239183041,1.327670612,1.370795187,1.397293739,0.142170312,1.276418416,25659.40014,2016,0.481257649,41725.0701,4563.255144,0.240628825,3658,Domestic
Rachycentron_canadum-Indian Ocean_Western,Rachycentron canadum,Cobia,Miscellaneous pelagic fishes,Indian Ocean Western,0.966767239,1.174969254,1.341280389,1.544916398,1.854764791,0.242647321,1.366218482,50429.43527,1962,0.29676844,79739.42316,5496.20522,0.14838422,1000,Domestic
Rachycentron_canadum-Indian Ocean_Western,Rachycentron canadum,Cobia,Miscellaneous pelagic fishes,Indian Ocean Western,1.025853256,1.272376883,1.447480151,1.628865171,1.88589123,0.233394776,1.451119689,50429.43527,1963,0.29676844,79739.42316,5496.20522,0.14838422,1000,Domestic
Rachycentron_canadum-Indian Ocean_Western,Rachycentron canadum,Cobia,Miscellaneous pelagic fishes,Indian Ocean Western,1.079035387,1.35419638,1.532092281,1.698037827,1.91620017,0.226121477,1.521977325,50429.43527,1964,0.29676844,79739.42316,5496.20522,0.14838422,1000,Domestic
Rachycentron_canadum-Indian Ocean_Western,Rachycentron canadum,Cobia,Miscellaneous pelagic fishes,Indian Ocean Western,1.127146819,1.429169647,1.600511066,1.751154942,1.942024935,0.219415167,1.581157528,50429.43527,1965,0.29676844,79739.42316,5496.20522,0.14838422,1000,Domestic
Rachycentron_canadum-Indian Ocean_Western,Rachycentron canadum,Cobia,Miscellaneous pelagic fishes,Indian Ocean Western,1.154996476,1.476074311,1.644258399,1.776325025,1.949199303,0.210481569,1.615938022,50429.43527,1966,0.29676844,79739.42316,5496.20522,0.14838422,1500,Domestic
Rachycentron_canadum-Indian Ocean_Western,Rachycentron canadum,Cobia,Miscellaneous pelagic fishes,Indian Ocean Western,1.181992943,1.515589289,1.673501121,1.795029659,1.949260603,0.201410726,1.642291975,50429.43527,1967,0.29676844,79739.42316,5496.20522,0.14838422,1500,Domestic
Rachycentron_canadum-Indian Ocean_Western,Rachycentron canadum,Cobia,Miscellaneous pelagic fishes,Indian Ocean Western,1.214491605,1.546290015,1.696144153,1.81007779,1.956989144,0.194585526,1.664571459,50429.43527,1968,0.29676844,79739.42316,5496.20522,0.14838422,1500,Domestic
Rachycentron_canadum-Indian Ocean_Western,Rachycentron canadum,Cobia,Miscellaneous pelagic fishes,Indian Ocean Western,1.207350545,1.538097696,1.672425279,1.77952572,1.938860764,0.185915968,1.645052586,50429.43527,1969,0.29676844,79739.42316,5496.20522,0.14838422,3000,Domestic
Rachycentron_canadum-Indian Ocean_Western,Rachycentron canadum,Cobia,Miscellaneous pelagic fishes,Indian Ocean Western,1.232629214,1.560848838,1.688468478,1.793508548,1.944280688,0.181744339,1.662359648,50429.43527,1970,0.29676844,79739.42316,5496.20522,0.14838422,1700,Domestic
Rachycentron_canadum-Indian Ocean_Western,Rachycentron canadum,Cobia,Miscellaneous pelagic fishes,Indian Ocean Western,1.255611072,1.578390242,1.705377151,1.804547807,1.949760906,0.177717215,1.677192352,50429.43527,1971,0.29676844,79739.42316,5496.20522,0.14838422,1600,Domestic
Rachycentron_canadum-Indian Ocean_Western,Rachycentron canadum,Cobia,Miscellaneous pelagic fishes,Indian Ocean Western,1.28300486,1.606263561,1.73293227,1.828676119,1.962860829,0.174699519,1.70256291,50429.43527,1972,0.29676844,79739.42316,5496.20522,0.14838422,1000,Domestic
Rachycentron_canadum-Indian Ocean_Western,Rachycentron canadum,Cobia,Miscellaneous pelagic fishes,Indian Ocean Western,1.304936393,1.616830143,1.736520783,1.83154235,1.963444342,0.168629354,1.709284409,50429.43527,1973,0.29676844,79739.42316,5496.20522,0.14838422,1500,Domestic
Rachycentron_canadum-Indian Ocean_Western,Rachycentron canadum,Cobia,Miscellaneous pelagic fishes,Indian Ocean Western,1.326232197,1.637327742,1.749828331,1.841768582,1.966723866,0.162953592,1.7234242,50429.43527,1974,0.29676844,79739.42316,5496.20522,0.14838422,1087,Domestic
Rachycentron_canadum-Indian Ocean_Western,Rachycentron canadum,Cobia,Miscellaneous pelagic fishes,Indian Ocean Western,1.35303495,1.655679449,1.763998815,1.851603871,1.971655202,0.157356947,1.7387322,50429.43527,1975,0.29676844,79739.42316,5496.20522,0.14838422,885,Domestic
Rachycentron_canadum-Indian Ocean_Western,Rachycentron canadum,Cobia,Miscellaneous pelagic fishes,Indian Ocean Western,1.374297664,1.667227341,1.774122013,1.857669864,1.970517836,0.151387296,1.749286111,50429.43527,1976,0.29676844,79739.42316,5496.20522,0.14838422,965,Domestic
Rachycentron_canadum-Indian Ocean_Western,Rachycentron canadum,Cobia,Miscellaneous pelagic fishes,Indian Ocean Western,1.402995926,1.680256401,1.781593146,1.864726606,1.976624605,0.147179405,1.759155062,50429.43527,1977,0.29676844,79739.42316,5496.20522,0.14838422,890,Domestic
Rachycentron_canadum-Indian Ocean_Western,Rachycentron canadum,Cobia,Miscellaneous pelagic fishes,Indian Ocean Western,1.404238457,1.678802701,1.779922174,1.860459876,1.973782076,0.144323062,1.757580882,50429.43527,1978,0.29676844,79739.42316,5496.20522,0.14838422,1282,Domestic
Rachycentron_canadum-Indian Ocean_Western,Rachycentron canadum,Cobia,Miscellaneous pelagic fishes,Indian Ocean Western,1.404560921,1.664703855,1.760651424,1.842987482,1.962558704,0.141535441,1.74246312,50429.43527,1979,0.29676844,79739.42316,5496.20522,0.14838422,1927,Domestic
Rachycentron_canadum-Indian Ocean_Western,Rachycentron canadum,Cobia,Miscellaneous pelagic fishes,Indian Ocean Western,1.431279652,1.684018526,1.782360867,1.865525639,1.976188223,0.140282189,1.762956003,50429.43527,1980,0.29676844,79739.42316,5496.20522,0.14838422,623,Domestic
Rachycentron_canadum-Indian Ocean_Western,Rachycentron canadum,Cobia,Miscellaneous pelagic fishes,Indian Ocean Western,1.434217063,1.678724867,1.774987201,1.857309443,1.972694945,0.138128793,1.757978817,50429.43527,1981,0.29676844,79739.42316,5496.20522,0.14838422,1508,Domestic
Rachycentron_canadum-Indian Ocean_Western,Rachycentron canadum,Cobia,Miscellaneous pelagic fishes,Indian Ocean Western,1.428199819,1.664557968,1.758250548,1.839776313,1.96459412,0.136612706,1.742769948,50429.43527,1982,0.29676844,79739.42316,5496.20522,0.14838422,2048,Domestic
Rachycentron_canadum-Indian Ocean_Western,Rachycentron canadum,Cobia,Miscellaneous pelagic fishes,Indian Ocean Western,1.433056598,1.665196319,1.759649633,1.841557552,1.966663383,0.136373389,1.744646499,50429.43527,1983,0.29676844,79739.42316,5496.20522,0.14838422,1483,Domestic
Rachycentron_canadum-Indian Ocean_Western,Rachycentron canadum,Cobia,Miscellaneous pelagic fishes,Indian Ocean Western,1.441209965,1.67118584,1.764003906,1.84670789,1.96609488,0.134603653,1.749622454,50429.43527,1984,0.29676844,79739.42316,5496.20522,0.14838422,1241,Domestic
Rachycentron_canadum-Indian Ocean_Western,Rachycentron canadum,Cobia,Miscellaneous pelagic fishes,Indian Ocean Western,1.449458138,1.680516563,1.775090979,1.855581233,1.968606831,0.132781666,1.759232281,50429.43527,1985,0.29676844,79739.42316,5496.20522,0.14838422,998,Domestic
Rachycentron_canadum-Indian Ocean_Western,Rachycentron canadum,Cobia,Miscellaneous pelagic fishes,Indian Ocean Western,1.469264064,1.691531632,1.782311863,1.862847923,1.97437185,0.130757247,1.767407558,50429.43527,1986,0.29676844,79739.42316,5496.20522,0.14838422,936,Domestic
Rachycentron_canadum-Indian Ocean_Western,Rachycentron canadum,Cobia,Miscellaneous pelagic fishes,Indian Ocean Western,1.476468498,1.69914108,1.788100466,1.867222311,1.972285808,0.127757615,1.773334907,50429.43527,1987,0.29676844,79739.42316,5496.20522,0.14838422,993,Domestic
Rachycentron_canadum-Indian Ocean_Western,Rachycentron canadum,Cobia,Miscellaneous pelagic fishes,Indian Ocean Western,1.489998194,1.704653364,1.793110752,1.871954426,1.97603127,0.125909376,1.778789085,50429.43527,1988,0.29676844,79739.42316,5496.20522,0.14838422,932,Domestic
Rachycentron_canadum-Indian Ocean_Western,Rachycentron canadum,Cobia,Miscellaneous pelagic fishes,Indian Ocean Western,1.497838184,1.706255856,1.792767408,1.870162305,1.975290074,0.123561308,1.779905216,50429.43527,1989,0.29676844,79739.42316,5496.20522,0.14838422,1089,Domestic
Rachycentron_canadum-Indian Ocean_Western,Rachycentron canadum,Cobia,Miscellaneous pelagic fishes,Indian Ocean Western,1.501910737,1.707593521,1.795038918,1.871993981,1.976068893,0.122316071,1.781613941,50429.43527,1990,0.29676844,79739.42316,5496.20522,0.14838422,1169,Domestic
Rachycentron_canadum-Indian Ocean_Western,Rachycentron canadum,Cobia,Miscellaneous pelagic fishes,Indian Ocean Western,1.504670925,1.705705475,1.79322647,1.870508478,1.976110343,0.121712445,1.780425825,50429.43527,1991,0.29676844,79739.42316,5496.20522,0.14838422,1308,Domestic
Rachycentron_canadum-Indian Ocean_Western,Rachycentron canadum,Cobia,Miscellaneous pelagic fishes,Indian Ocean Western,1.505855282,1.70238541,1.789532272,1.865537196,1.97574763,0.120848552,1.776943334,50429.43527,1992,0.29676844,79739.42316,5496.20522,0.14838422,1561,Domestic
Rachycentron_canadum-Indian Ocean_Western,Rachycentron canadum,Cobia,Miscellaneous pelagic fishes,Indian Ocean Western,1.5042837,1.692106399,1.778645625,1.853573865,1.970520283,0.120479257,1.767891227,50429.43527,1993,0.29676844,79739.42316,5496.20522,0.14838422,1851,Domestic
Rachycentron_canadum-Indian Ocean_Western,Rachycentron canadum,Cobia,Miscellaneous pelagic fishes,Indian Ocean Western,1.49688923,1.689061807,1.775557,1.854250142,1.967438151,0.121248678,1.765118369,50429.43527,1994,0.29676844,79739.42316,5496.20522,0.14838422,1836,Domestic
Rachycentron_canadum-Indian Ocean_Western,Rachycentron canadum,Cobia,Miscellaneous pelagic fishes,Indian Ocean Western,1.47668922,1.662397061,1.748031423,1.828948986,1.953244468,0.12228185,1.740657325,50429.43527,1995,0.29676844,79739.42316,5496.20522,0.14838422,2803,Domestic
Rachycentron_canadum-Indian Ocean_Western,Rachycentron canadum,Cobia,Miscellaneous pelagic fishes,Indian Ocean Western,1.477513169,1.664173704,1.751163489,1.833146981,1.959777606,0.123999512,1.74356243,50429.43527,1996,0.29676844,79739.42316,5496.20522,0.14838422,2016,Domestic
Rachycentron_canadum-Indian Ocean_Western,Rachycentron canadum,Cobia,Miscellaneous pelagic fishes,Indian Ocean Western,1.46280178,1.64610808,1.732813316,1.813666394,1.95084615,0.124682164,1.725961294,50429.43527,1997,0.29676844,79739.42316,5496.20522,0.14838422,2851,Domestic
Rachycentron_canadum-Indian Ocean_Western,Rachycentron canadum,Cobia,Miscellaneous pelagic fishes,Indian Ocean Western,1.473064581,1.654201947,1.745040261,1.825938656,1.955682832,0.125009698,1.735987559,50429.43527,1998,0.29676844,79739.42316,5496.20522,0.14838422,1920,Domestic
Rachycentron_canadum-Indian Ocean_Western,Rachycentron canadum,Cobia,Miscellaneous pelagic fishes,Indian Ocean Western,1.476293967,1.661597391,1.751223595,1.836400536,1.959617882,0.12607346,1.743762997,50429.43527,1999,0.29676844,79739.42316,5496.20522,0.14838422,2114,Domestic
Rachycentron_canadum-Indian Ocean_Western,Rachycentron canadum,Cobia,Miscellaneous pelagic fishes,Indian Ocean Western,1.423993962,1.602343989,1.690517379,1.777826749,1.928747019,0.128489367,1.68733818,50429.43527,2000,0.29676844,79739.42316,5496.20522,0.14838422,4603,Domestic
Rachycentron_canadum-Indian Ocean_Western,Rachycentron canadum,Cobia,Miscellaneous pelagic fishes,Indian Ocean Western,1.379353586,1.552214564,1.641330149,1.730528075,1.896231561,0.132143854,1.641107678,50429.43527,2001,0.29676844,79739.42316,5496.20522,0.14838422,4753,Domestic
Rachycentron_canadum-Indian Ocean_Western,Rachycentron canadum,Cobia,Miscellaneous pelagic fishes,Indian Ocean Western,1.323430149,1.495261528,1.586469338,1.67851436,1.856886226,0.135580694,1.587428881,50429.43527,2002,0.29676844,79739.42316,5496.20522,0.14838422,5451,Domestic
Rachycentron_canadum-Indian Ocean_Western,Rachycentron canadum,Cobia,Miscellaneous pelagic fishes,Indian Ocean Western,1.29609901,1.469435853,1.561667096,1.657021466,1.844307643,0.139446171,1.563336414,50429.43527,2003,0.29676844,79739.42316,5496.20522,0.14838422,4720,Domestic
Rachycentron_canadum-Indian Ocean_Western,Rachycentron canadum,Cobia,Miscellaneous pelagic fishes,Indian Ocean Western,1.275941933,1.452597674,1.549127546,1.648320186,1.834767992,0.142607966,1.550769804,50429.43527,2004,0.29676844,79739.42316,5496.20522,0.14838422,4444,Domestic
Rachycentron_canadum-Indian Ocean_Western,Rachycentron canadum,Cobia,Miscellaneous pelagic fishes,Indian Ocean Western,1.265039352,1.441837079,1.538712639,1.638439181,1.830174771,0.14458111,1.540749985,50429.43527,2005,0.29676844,79739.42316,5496.20522,0.14838422,4425,Domestic
Rachycentron_canadum-Indian Ocean_Western,Rachycentron canadum,Cobia,Miscellaneous pelagic fishes,Indian Ocean Western,1.245855913,1.431702008,1.530440858,1.630513098,1.820949925,0.146900207,1.532051658,50429.43527,2006,0.29676844,79739.42316,5496.20522,0.14838422,4421,Domestic
Rachycentron_canadum-Indian Ocean_Western,Rachycentron canadum,Cobia,Miscellaneous pelagic fishes,Indian Ocean Western,1.218506193,1.401075781,1.500291288,1.59910113,1.796200535,0.146883654,1.502209417,50429.43527,2007,0.29676844,79739.42316,5496.20522,0.14838422,5291,Domestic
Rachycentron_canadum-Indian Ocean_Western,Rachycentron canadum,Cobia,Miscellaneous pelagic fishes,Indian Ocean Western,1.195391764,1.373929176,1.471555096,1.574590504,1.780550469,0.148935687,1.476354049,50429.43527,2008,0.29676844,79739.42316,5496.20522,0.14838422,5299,Domestic
Rachycentron_canadum-Indian Ocean_Western,Rachycentron canadum,Cobia,Miscellaneous pelagic fishes,Indian Ocean Western,1.175865184,1.350851673,1.448209491,1.553811638,1.757840717,0.149429597,1.45469063,50429.43527,2009,0.29676844,79739.42316,5496.20522,0.14838422,5324,Domestic
Rachycentron_canadum-Indian Ocean_Western,Rachycentron canadum,Cobia,Miscellaneous pelagic fishes,Indian Ocean Western,1.128053581,1.291750873,1.388868022,1.496291063,1.704902045,0.149110822,1.396694852,50429.43527,2010,0.29676844,79739.42316,5496.20522,0.14838422,6774,Domestic
Rachycentron_canadum-Indian Ocean_Western,Rachycentron canadum,Cobia,Miscellaneous pelagic fishes,Indian Ocean Western,1.081232214,1.236149078,1.33511385,1.445199152,1.66525314,0.151593426,1.34616494,50429.43527,2011,0.29676844,79739.42316,5496.20522,0.14838422,6772,Domestic
Rachycentron_canadum-Indian Ocean_Western,Rachycentron canadum,Cobia,Miscellaneous pelagic fishes,Indian Ocean Western,1.010554105,1.161554364,1.257273347,1.375194879,1.603403792,0.154575616,1.273512834,50429.43527,2012,0.29676844,79739.42316,5496.20522,0.14838422,7787,Domestic
Rachycentron_canadum-Indian Ocean_Western,Rachycentron canadum,Cobia,Miscellaneous pelagic fishes,Indian Ocean Western,0.940000317,1.078722726,1.17879924,1.306514181,1.544376461,0.160477983,1.199396704,50429.43527,2013,0.29676844,79739.42316,5496.20522,0.14838422,8023,Domestic
Rachycentron_canadum-Indian Ocean_Western,Rachycentron canadum,Cobia,Miscellaneous pelagic fishes,Indian Ocean Western,0.864281439,0.99395086,1.10327134,1.243253805,1.494197182,0.169871947,1.127131804,50429.43527,2014,0.29676844,79739.42316,5496.20522,0.14838422,8094,Domestic
Rachycentron_canadum-Indian Ocean_Western,Rachycentron canadum,Cobia,Miscellaneous pelagic fishes,Indian Ocean Western,0.748460601,0.85936546,0.980702062,1.143332749,1.404772375,0.185025925,1.012042137,50429.43527,2015,0.29676844,79739.42316,5496.20522,0.14838422,9780,Domestic
Rachycentron_canadum-Indian Ocean_Western,Rachycentron canadum,Cobia,Miscellaneous pelagic fishes,Indian Ocean Western,0.610522164,0.715496588,0.858068679,1.043948212,1.329773022,0.206848848,0.893220762,50429.43527,2016,0.29676844,79739.42316,5496.20522,0.14838422,9932,Domestic
Rachycentron_canadum-Pacific_Western Central,Rachycentron canadum,Cobia,Miscellaneous pelagic fishes,Pacific Western Central,0.962446137,1.13993466,1.273433057,1.457476792,1.820480752,0.22748537,1.311791154,22034.02726,1970,0.331141811,37513.74138,2816.507532,0.165570905,300,Domestic
Rachycentron_canadum-Pacific_Western Central,Rachycentron canadum,Cobia,Miscellaneous pelagic fishes,Pacific Western Central,1.03212769,1.254604781,1.40875943,1.58757518,1.877819645,0.225402018,1.425030135,22034.02726,1971,0.331141811,37513.74138,2816.507532,0.165570905,300,Domestic
Rachycentron_canadum-Pacific_Western Central,Rachycentron canadum,Cobia,Miscellaneous pelagic fishes,Pacific Western Central,1.096841513,1.353889535,1.525509684,1.691999607,1.913816991,0.222114741,1.519770508,22034.02726,1972,0.331141811,37513.74138,2816.507532,0.165570905,300,Domestic
Rachycentron_canadum-Pacific_Western Central,Rachycentron canadum,Cobia,Miscellaneous pelagic fishes,Pacific Western Central,1.151561288,1.438944347,1.61472237,1.763242782,1.945300142,0.214987771,1.593843712,22034.02726,1973,0.331141811,37513.74138,2816.507532,0.165570905,300,Domestic
Rachycentron_canadum-Pacific_Western Central,Rachycentron canadum,Cobia,Miscellaneous pelagic fishes,Pacific Western Central,1.205451976,1.510354444,1.676991252,1.806057494,1.959713139,0.20297293,1.64725771,22034.02726,1974,0.331141811,37513.74138,2816.507532,0.165570905,342,Domestic
Rachycentron_canadum-Pacific_Western Central,Rachycentron canadum,Cobia,Miscellaneous pelagic fishes,Pacific Western Central,1.256661297,1.564686717,1.717286556,1.828812166,1.966801985,0.189334497,1.68465073,22034.02726,1975,0.331141811,37513.74138,2816.507532,0.165570905,366,Domestic
Rachycentron_canadum-Pacific_Western Central,Rachycentron canadum,Cobia,Miscellaneous pelagic fishes,Pacific Western Central,1.31180044,1.62772393,1.767673713,1.86754441,1.980162199,0.17801703,1.731793497,22034.02726,1976,0.331141811,37513.74138,2816.507532,0.165570905,24,Domestic
Rachycentron_canadum-Pacific_Western Central,Rachycentron canadum,Cobia,Miscellaneous pelagic fishes,Pacific Western Central,1.339805354,1.646543595,1.769663105,1.86004931,1.974353521,0.165269513,1.738431671,22034.02726,1977,0.331141811,37513.74138,2816.507532,0.165570905,596,Domestic
Rachycentron_canadum-Pacific_Western Central,Rachycentron canadum,Cobia,Miscellaneous pelagic fishes,Pacific Western Central,1.357528832,1.647350303,1.755924969,1.840343373,1.962422321,0.153935303,1.729971517,22034.02726,1978,0.331141811,37513.74138,2816.507532,0.165570905,878,Domestic
Rachycentron_canadum-Pacific_Western Central,Rachycentron canadum,Cobia,Miscellaneous pelagic fishes,Pacific Western Central,1.403632158,1.688924418,1.791719262,1.874192611,1.977717742,0.147780888,1.766631422,22034.02726,1979,0.331141811,37513.74138,2816.507532,0.165570905,103,Domestic
Rachycentron_canadum-Pacific_Western Central,Rachycentron canadum,Cobia,Miscellaneous pelagic fishes,Pacific Western Central,1.432238794,1.703396996,1.801243553,1.878751438,1.979318744,0.13993525,1.777470632,22034.02726,1980,0.331141811,37513.74138,2816.507532,0.165570905,395,Domestic
Rachycentron_canadum-Pacific_Western Central,Rachycentron canadum,Cobia,Miscellaneous pelagic fishes,Pacific Western Central,1.462878625,1.720746802,1.815280227,1.892093214,1.983279548,0.134506869,1.792942786,22034.02726,1981,0.331141811,37513.74138,2816.507532,0.165570905,334,Domestic
Rachycentron_canadum-Pacific_Western Central,Rachycentron canadum,Cobia,Miscellaneous pelagic fishes,Pacific Western Central,1.45491951,1.691571224,1.780551546,1.856336705,1.970092156,0.130749508,1.76418266,22034.02726,1982,0.331141811,37513.74138,2816.507532,0.165570905,1179,Domestic
Rachycentron_canadum-Pacific_Western Central,Rachycentron canadum,Cobia,Miscellaneous pelagic fishes,Pacific Western Central,1.458027767,1.680969551,1.771053125,1.850221365,1.965776798,0.129724323,1.75686333,22034.02726,1983,0.331141811,37513.74138,2816.507532,0.165570905,996,Domestic
Rachycentron_canadum-Pacific_Western Central,Rachycentron canadum,Cobia,Miscellaneous pelagic fishes,Pacific Western Central,1.442474265,1.657971833,1.744722423,1.825643693,1.951572323,0.129343847,1.733920904,22034.02726,1984,0.331141811,37513.74138,2816.507532,0.165570905,1349,Domestic
Rachycentron_canadum-Pacific_Western Central,Rachycentron canadum,Cobia,Miscellaneous pelagic fishes,Pacific Western Central,1.456840043,1.67247323,1.762574022,1.844052099,1.967617525,0.131120767,1.750470765,22034.02726,1985,0.331141811,37513.74138,2816.507532,0.165570905,771,Domestic
Rachycentron_canadum-Pacific_Western Central,Rachycentron canadum,Cobia,Miscellaneous pelagic fishes,Pacific Western Central,1.439653863,1.653896632,1.743954376,1.82672277,1.956140075,0.131292201,1.732980416,22034.02726,1986,0.331141811,37513.74138,2816.507532,0.165570905,1329,Domestic
Rachycentron_canadum-Pacific_Western Central,Rachycentron canadum,Cobia,Miscellaneous pelagic fishes,Pacific Western Central,1.429448453,1.644160097,1.735298413,1.818066556,1.951445095,0.13199027,1.724676262,22034.02726,1987,0.331141811,37513.74138,2816.507532,0.165570905,1277,Domestic
Rachycentron_canadum-Pacific_Western Central,Rachycentron canadum,Cobia,Miscellaneous pelagic fishes,Pacific Western Central,1.401207002,1.605581723,1.697457522,1.782356393,1.930292462,0.133682609,1.689585432,22034.02726,1988,0.331141811,37513.74138,2816.507532,0.165570905,1809,Domestic
Rachycentron_canadum-Pacific_Western Central,Rachycentron canadum,Cobia,Miscellaneous pelagic fishes,Pacific Western Central,1.400751985,1.607526901,1.70216918,1.790629674,1.934977845,0.136276679,1.694298542,22034.02726,1989,0.331141811,37513.74138,2816.507532,0.165570905,1274,Domestic
Rachycentron_canadum-Pacific_Western Central,Rachycentron canadum,Cobia,Miscellaneous pelagic fishes,Pacific Western Central,1.376270358,1.584196556,1.677271436,1.766736939,1.921508912,0.13818206,1.670799074,22034.02726,1990,0.331141811,37513.74138,2816.507532,0.165570905,1751,Domestic
Rachycentron_canadum-Pacific_Western Central,Rachycentron canadum,Cobia,Miscellaneous pelagic fishes,Pacific Western Central,1.377483769,1.585080694,1.683327041,1.774286572,1.927896082,0.140290338,1.675396611,22034.02726,1991,0.331141811,37513.74138,2816.507532,0.165570905,1376,Domestic
Rachycentron_canadum-Pacific_Western Central,Rachycentron canadum,Cobia,Miscellaneous pelagic fishes,Pacific Western Central,1.368685892,1.579702743,1.677975579,1.769344871,1.927437076,0.141867308,1.670223442,22034.02726,1992,0.331141811,37513.74138,2816.507532,0.165570905,1523,Domestic
Rachycentron_canadum-Pacific_Western Central,Rachycentron canadum,Cobia,Miscellaneous pelagic fishes,Pacific Western Central,1.325288251,1.535284069,1.632995601,1.725466147,1.893193667,0.143398884,1.627159318,22034.02726,1993,0.331141811,37513.74138,2816.507532,0.165570905,2190,Domestic
Rachycentron_canadum-Pacific_Western Central,Rachycentron canadum,Cobia,Miscellaneous pelagic fishes,Pacific Western Central,1.317191886,1.528873901,1.628172812,1.720273439,1.890528689,0.144571596,1.621523962,22034.02726,1994,0.331141811,37513.74138,2816.507532,0.165570905,1718,Domestic
Rachycentron_canadum-Pacific_Western Central,Rachycentron canadum,Cobia,Miscellaneous pelagic fishes,Pacific Western Central,1.327277615,1.548472005,1.650336711,1.746697388,1.908949004,0.147122365,1.642669181,22034.02726,1995,0.331141811,37513.74138,2816.507532,0.165570905,1282,Domestic
Rachycentron_canadum-Pacific_Western Central,Rachycentron canadum,Cobia,Miscellaneous pelagic fishes,Pacific Western Central,1.341666387,1.567069248,1.670073869,1.764314843,1.920374737,0.147667177,1.65997643,22034.02726,1996,0.331141811,37513.74138,2816.507532,0.165570905,1256,Domestic
Rachycentron_canadum-Pacific_Western Central,Rachycentron canadum,Cobia,Miscellaneous pelagic fishes,Pacific Western Central,1.343560875,1.570990042,1.672064927,1.768058314,1.925757676,0.147854869,1.663243776,22034.02726,1997,0.331141811,37513.74138,2816.507532,0.165570905,1436,Domestic
Rachycentron_canadum-Pacific_Western Central,Rachycentron canadum,Cobia,Miscellaneous pelagic fishes,Pacific Western Central,1.33716266,1.560052006,1.661655814,1.756849028,1.916515208,0.146671894,1.652791735,22034.02726,1998,0.331141811,37513.74138,2816.507532,0.165570905,1671,Domestic
Rachycentron_canadum-Pacific_Western Central,Rachycentron canadum,Cobia,Miscellaneous pelagic fishes,Pacific Western Central,1.325763594,1.541485809,1.642915198,1.737584167,1.903474013,0.146949425,1.635333992,22034.02726,1999,0.331141811,37513.74138,2816.507532,0.165570905,1832,Domestic
Rachycentron_canadum-Pacific_Western Central,Rachycentron canadum,Cobia,Miscellaneous pelagic fishes,Pacific Western Central,1.327872302,1.546586598,1.64754908,1.744042463,1.906457941,0.146988642,1.640267535,22034.02726,2000,0.331141811,37513.74138,2816.507532,0.165570905,1550,Domestic
Rachycentron_canadum-Pacific_Western Central,Rachycentron canadum,Cobia,Miscellaneous pelagic fishes,Pacific Western Central,1.334693978,1.549795754,1.653050768,1.749681243,1.915720713,0.147926749,1.645911827,22034.02726,2001,0.331141811,37513.74138,2816.507532,0.165570905,1531,Domestic
Rachycentron_canadum-Pacific_Western Central,Rachycentron canadum,Cobia,Miscellaneous pelagic fishes,Pacific Western Central,1.277704949,1.478705042,1.575804651,1.672636749,1.851670165,0.145408795,1.573891301,22034.02726,2002,0.331141811,37513.74138,2816.507532,0.165570905,2858,Domestic
Rachycentron_canadum-Pacific_Western Central,Rachycentron canadum,Cobia,Miscellaneous pelagic fishes,Pacific Western Central,1.246228978,1.441230948,1.540044459,1.640046656,1.825694423,0.147606463,1.539399877,22034.02726,2003,0.331141811,37513.74138,2816.507532,0.165570905,2511,Domestic
Rachycentron_canadum-Pacific_Western Central,Rachycentron canadum,Cobia,Miscellaneous pelagic fishes,Pacific Western Central,1.245633455,1.44577436,1.546279515,1.649073839,1.837300193,0.150941507,1.546022566,22034.02726,2004,0.331141811,37513.74138,2816.507532,0.165570905,1904,Domestic
Rachycentron_canadum-Pacific_Western Central,Rachycentron canadum,Cobia,Miscellaneous pelagic fishes,Pacific Western Central,1.223298285,1.419561684,1.521683134,1.626076985,1.821075189,0.152047408,1.522012647,22034.02726,2005,0.331141811,37513.74138,2816.507532,0.165570905,2409,Domestic
Rachycentron_canadum-Pacific_Western Central,Rachycentron canadum,Cobia,Miscellaneous pelagic fishes,Pacific Western Central,1.209739847,1.404451415,1.507291516,1.612955918,1.809124686,0.153016628,1.508839037,22034.02726,2006,0.331141811,37513.74138,2816.507532,0.165570905,2291,Domestic
Rachycentron_canadum-Pacific_Western Central,Rachycentron canadum,Cobia,Miscellaneous pelagic fishes,Pacific Western Central,1.127645822,1.307867667,1.410766815,1.516177375,1.727035584,0.153396536,1.415034041,22034.02726,2007,0.331141811,37513.74138,2816.507532,0.165570905,3709,Domestic
Rachycentron_canadum-Pacific_Western Central,Rachycentron canadum,Cobia,Miscellaneous pelagic fishes,Pacific Western Central,1.133751988,1.320902988,1.426080648,1.533815794,1.7476196,0.156929697,1.429748422,22034.02726,2008,0.331141811,37513.74138,2816.507532,0.165570905,2106,Domestic
Rachycentron_canadum-Pacific_Western Central,Rachycentron canadum,Cobia,Miscellaneous pelagic fishes,Pacific Western Central,1.101684267,1.287954089,1.394060379,1.504196985,1.714652342,0.157843308,1.398204016,22034.02726,2009,0.331141811,37513.74138,2816.507532,0.165570905,2844,Domestic
Rachycentron_canadum-Pacific_Western Central,Rachycentron canadum,Cobia,Miscellaneous pelagic fishes,Pacific Western Central,1.010299997,1.176565298,1.285329249,1.40459426,1.627073351,0.160922357,1.295086274,22034.02726,2010,0.331141811,37513.74138,2816.507532,0.165570905,4140,Domestic
Rachycentron_canadum-Pacific_Western Central,Rachycentron canadum,Cobia,Miscellaneous pelagic fishes,Pacific Western Central,0.922145846,1.080050206,1.197452901,1.330082001,1.554517213,0.169801226,1.209937915,22034.02726,2011,0.331141811,37513.74138,2816.507532,0.165570905,4022,Domestic
Rachycentron_canadum-Pacific_Western Central,Rachycentron canadum,Cobia,Miscellaneous pelagic fishes,Pacific Western Central,0.866781213,1.021363537,1.152970786,1.295934396,1.523223106,0.179281135,1.164288361,22034.02726,2012,0.331141811,37513.74138,2816.507532,0.165570905,3436,Domestic
Rachycentron_canadum-Pacific_Western Central,Rachycentron canadum,Cobia,Miscellaneous pelagic fishes,Pacific Western Central,0.787678909,0.940257422,1.089047349,1.247484582,1.47667108,0.192848728,1.099937696,22034.02726,2013,0.331141811,37513.74138,2816.507532,0.165570905,3778,Domestic
Rachycentron_canadum-Pacific_Western Central,Rachycentron canadum,Cobia,Miscellaneous pelagic fishes,Pacific Western Central,0.727880676,0.885824037,1.053951292,1.225636352,1.443012142,0.206070676,1.061048719,22034.02726,2014,0.331141811,37513.74138,2816.507532,0.165570905,3341,Domestic
Rachycentron_canadum-Pacific_Western Central,Rachycentron canadum,Cobia,Miscellaneous pelagic fishes,Pacific Western Central,0.670498223,0.833810554,1.026547877,1.214201227,1.41476858,0.22136673,1.027282876,22034.02726,2015,0.331141811,37513.74138,2816.507532,0.165570905,3245,Domestic
Rachycentron_canadum-Pacific_Western Central,Rachycentron canadum,Cobia,Miscellaneous pelagic fishes,Pacific Western Central,0.618408225,0.800037863,1.016532741,1.219221649,1.382043691,0.236771266,1.0087338,22034.02726,2016,0.331141811,37513.74138,2816.507532,0.165570905,2948,Domestic
Ruditapes_decussatus-Atlantic_Northeast,Ruditapes decussatus,Grooved carpet shell,"Clams, cockles, arkshells",Atlantic Northeast,0.616620229,0.815384102,0.930776044,1.021364216,1.216389485,0.155039419,0.923506646,21672.07915,1950,0.304222508,40454.70286,3032.623234,0.152111254,6200,Domestic
Ruditapes_decussatus-Atlantic_Northeast,Ruditapes decussatus,Grooved carpet shell,"Clams, cockles, arkshells",Atlantic Northeast,0.622574955,0.818546312,0.922020569,1.011727994,1.240949116,0.155901573,0.919890376,21672.07915,1951,0.304222508,40454.70286,3032.623234,0.152111254,3100,Domestic
Ruditapes_decussatus-Atlantic_Northeast,Ruditapes decussatus,Grooved carpet shell,"Clams, cockles, arkshells",Atlantic Northeast,0.584695826,0.785119836,0.894148816,0.986599227,1.219849204,0.160517756,0.889542552,21672.07915,1952,0.304222508,40454.70286,3032.623234,0.152111254,3700,Domestic
Ruditapes_decussatus-Atlantic_Northeast,Ruditapes decussatus,Grooved carpet shell,"Clams, cockles, arkshells",Atlantic Northeast,0.557655745,0.758080355,0.85973207,0.965069843,1.202118936,0.165028115,0.866687653,21672.07915,1953,0.304222508,40454.70286,3032.623234,0.152111254,3500,Domestic
Ruditapes_decussatus-Atlantic_Northeast,Ruditapes decussatus,Grooved carpet shell,"Clams, cockles, arkshells",Atlantic Northeast,0.606919945,0.800639161,0.901516108,1.025937331,1.283249447,0.174013341,0.91637991,21672.07915,1954,0.304222508,40454.70286,3032.623234,0.152111254,2000,Domestic
Ruditapes_decussatus-Atlantic_Northeast,Ruditapes decussatus,Grooved carpet shell,"Clams, cockles, arkshells",Atlantic Northeast,0.623085784,0.830589581,0.94166298,1.076806271,1.344554121,0.183478464,0.954513781,21672.07915,1955,0.304222508,40454.70286,3032.623234,0.152111254,2300,Domestic
Ruditapes_decussatus-Atlantic_Northeast,Ruditapes decussatus,Grooved carpet shell,"Clams, cockles, arkshells",Atlantic Northeast,0.624824452,0.844388117,0.948293027,1.090768537,1.367592734,0.185020847,0.965685854,21672.07915,1956,0.304222508,40454.70286,3032.623234,0.152111254,2700,Domestic
Ruditapes_decussatus-Atlantic_Northeast,Ruditapes decussatus,Grooved carpet shell,"Clams, cockles, arkshells",Atlantic Northeast,0.623982292,0.83365214,0.952130603,1.090666314,1.363575952,0.187691055,0.96361476,21672.07915,1957,0.304222508,40454.70286,3032.623234,0.152111254,3000,Domestic
Ruditapes_decussatus-Atlantic_Northeast,Ruditapes decussatus,Grooved carpet shell,"Clams, cockles, arkshells",Atlantic Northeast,0.64200605,0.850037549,0.976766396,1.114399566,1.370180554,0.19401937,0.984001844,21672.07915,1958,0.304222508,40454.70286,3032.623234,0.152111254,2600,Domestic
Ruditapes_decussatus-Atlantic_Northeast,Ruditapes decussatus,Grooved carpet shell,"Clams, cockles, arkshells",Atlantic Northeast,0.574312428,0.783958824,0.913009414,1.059740332,1.364990593,0.203249262,0.929644134,21672.07915,1959,0.304222508,40454.70286,3032.623234,0.152111254,4000,Domestic
Ruditapes_decussatus-Atlantic_Northeast,Ruditapes decussatus,Grooved carpet shell,"Clams, cockles, arkshells",Atlantic Northeast,0.615145009,0.829876617,0.968176589,1.130263611,1.433108916,0.213448267,0.985411476,21672.07915,1960,0.304222508,40454.70286,3032.623234,0.152111254,1800,Domestic
Ruditapes_decussatus-Atlantic_Northeast,Ruditapes decussatus,Grooved carpet shell,"Clams, cockles, arkshells",Atlantic Northeast,0.624844931,0.829929097,0.969181146,1.145790044,1.453224067,0.220237109,0.994273375,21672.07915,1961,0.304222508,40454.70286,3032.623234,0.152111254,2800,Domestic
Ruditapes_decussatus-Atlantic_Northeast,Ruditapes decussatus,Grooved carpet shell,"Clams, cockles, arkshells",Atlantic Northeast,0.615729353,0.830071455,0.980048289,1.166968931,1.480396482,0.229157025,1.000101035,21672.07915,1962,0.304222508,40454.70286,3032.623234,0.152111254,2800,Domestic
Ruditapes_decussatus-Atlantic_Northeast,Ruditapes decussatus,Grooved carpet shell,"Clams, cockles, arkshells",Atlantic Northeast,0.628599458,0.83361197,0.995292357,1.178378409,1.478906594,0.236688343,1.01260643,21672.07915,1963,0.304222508,40454.70286,3032.623234,0.152111254,2600,Domestic
Ruditapes_decussatus-Atlantic_Northeast,Ruditapes decussatus,Grooved carpet shell,"Clams, cockles, arkshells",Atlantic Northeast,0.585045275,0.809407996,0.982665514,1.165222173,1.445819616,0.243221076,0.995127093,21672.07915,1964,0.304222508,40454.70286,3032.623234,0.152111254,3300,Domestic
Ruditapes_decussatus-Atlantic_Northeast,Ruditapes decussatus,Grooved carpet shell,"Clams, cockles, arkshells",Atlantic Northeast,0.545417892,0.797911519,0.968232013,1.171760167,1.476699661,0.255954267,0.987068988,21672.07915,1965,0.304222508,40454.70286,3032.623234,0.152111254,3100,Domestic
Ruditapes_decussatus-Atlantic_Northeast,Ruditapes decussatus,Grooved carpet shell,"Clams, cockles, arkshells",Atlantic Northeast,0.481678635,0.728994871,0.924353721,1.137828564,1.417153705,0.262112755,0.934390674,21672.07915,1966,0.304222508,40454.70286,3032.623234,0.152111254,3900,Domestic
Ruditapes_decussatus-Atlantic_Northeast,Ruditapes decussatus,Grooved carpet shell,"Clams, cockles, arkshells",Atlantic Northeast,0.395291886,0.647724497,0.860628555,1.088228277,1.378193756,0.276252403,0.862939363,21672.07915,1967,0.304222508,40454.70286,3032.623234,0.152111254,4300,Domestic
Ruditapes_decussatus-Atlantic_Northeast,Ruditapes decussatus,Grooved carpet shell,"Clams, cockles, arkshells",Atlantic Northeast,0.44398715,0.73001976,0.965926006,1.196319898,1.537904955,0.305918072,0.97054348,21672.07915,1968,0.304222508,40454.70286,3032.623234,0.152111254,700,Domestic
Ruditapes_decussatus-Atlantic_Northeast,Ruditapes decussatus,Grooved carpet shell,"Clams, cockles, arkshells",Atlantic Northeast,0.518591803,0.832721975,1.085387431,1.321783316,1.670462282,0.318803543,1.08156177,21672.07915,1969,0.304222508,40454.70286,3032.623234,0.152111254,600,Domestic
Ruditapes_decussatus-Atlantic_Northeast,Ruditapes decussatus,Grooved carpet shell,"Clams, cockles, arkshells",Atlantic Northeast,0.600011747,0.94735955,1.210821672,1.454195216,1.761423344,0.324147783,1.196021321,21672.07915,1970,0.304222508,40454.70286,3032.623234,0.152111254,400,Domestic
Ruditapes_decussatus-Atlantic_Northeast,Ruditapes decussatus,Grooved carpet shell,"Clams, cockles, arkshells",Atlantic Northeast,0.696102451,1.063611107,1.319052591,1.562643091,1.835844281,0.321482477,1.30074311,21672.07915,1971,0.304222508,40454.70286,3032.623234,0.152111254,400,Domestic
Ruditapes_decussatus-Atlantic_Northeast,Ruditapes decussatus,Grooved carpet shell,"Clams, cockles, arkshells",Atlantic Northeast,0.569665032,0.927747975,1.179309339,1.396750883,1.609442414,0.298709188,1.149054107,21672.07915,1972,0.304222508,40454.70286,3032.623234,0.152111254,5400,Domestic
Ruditapes_decussatus-Atlantic_Northeast,Ruditapes decussatus,Grooved carpet shell,"Clams, cockles, arkshells",Atlantic Northeast,0.592738629,0.989105124,1.225235968,1.447223749,1.670940887,0.302273863,1.198360508,21672.07915,1973,0.304222508,40454.70286,3032.623234,0.152111254,1700,Domestic
Ruditapes_decussatus-Atlantic_Northeast,Ruditapes decussatus,Grooved carpet shell,"Clams, cockles, arkshells",Atlantic Northeast,0.695311987,1.120719431,1.340145854,1.577405657,1.815877856,0.305318485,1.324658931,21672.07915,1974,0.304222508,40454.70286,3032.623234,0.152111254,151,Domestic
Ruditapes_decussatus-Atlantic_Northeast,Ruditapes decussatus,Grooved carpet shell,"Clams, cockles, arkshells",Atlantic Northeast,0.729522164,1.182777214,1.394789517,1.584664888,1.815377219,0.29424666,1.36201858,21672.07915,1975,0.304222508,40454.70286,3032.623234,0.152111254,1660,Domestic
Ruditapes_decussatus-Atlantic_Northeast,Ruditapes decussatus,Grooved carpet shell,"Clams, cockles, arkshells",Atlantic Northeast,0.768042099,1.223655354,1.431285478,1.627921049,1.826848004,0.285073113,1.399629913,21672.07915,1976,0.304222508,40454.70286,3032.623234,0.152111254,1611,Domestic
Ruditapes_decussatus-Atlantic_Northeast,Ruditapes decussatus,Grooved carpet shell,"Clams, cockles, arkshells",Atlantic Northeast,0.80181309,1.27536088,1.472195881,1.644708321,1.835743521,0.272051455,1.434364801,21672.07915,1977,0.304222508,40454.70286,3032.623234,0.152111254,1552,Domestic
Ruditapes_decussatus-Atlantic_Northeast,Ruditapes decussatus,Grooved carpet shell,"Clams, cockles, arkshells",Atlantic Northeast,0.866749808,1.294330286,1.504532131,1.670682943,1.867028731,0.261719665,1.469556074,21672.07915,1978,0.304222508,40454.70286,3032.623234,0.152111254,1409,Domestic
Ruditapes_decussatus-Atlantic_Northeast,Ruditapes decussatus,Grooved carpet shell,"Clams, cockles, arkshells",Atlantic Northeast,0.936899019,1.391856664,1.5661179,1.715901009,1.902787587,0.248345451,1.529648951,21672.07915,1979,0.304222508,40454.70286,3032.623234,0.152111254,841,Domestic
Ruditapes_decussatus-Atlantic_Northeast,Ruditapes decussatus,Grooved carpet shell,"Clams, cockles, arkshells",Atlantic Northeast,1.04782386,1.463830519,1.621867759,1.746996258,1.93715681,0.225438488,1.586074427,21672.07915,1980,0.304222508,40454.70286,3032.623234,0.152111254,769,Domestic
Ruditapes_decussatus-Atlantic_Northeast,Ruditapes decussatus,Grooved carpet shell,"Clams, cockles, arkshells",Atlantic Northeast,1.117547358,1.481498868,1.632438304,1.750752574,1.937555815,0.206253309,1.599906199,21672.07915,1981,0.304222508,40454.70286,3032.623234,0.152111254,1605,Domestic
Ruditapes_decussatus-Atlantic_Northeast,Ruditapes decussatus,Grooved carpet shell,"Clams, cockles, arkshells",Atlantic Northeast,1.185613296,1.53777045,1.681191993,1.789097077,1.946250335,0.190834642,1.653502208,21672.07915,1982,0.304222508,40454.70286,3032.623234,0.152111254,568,Domestic
Ruditapes_decussatus-Atlantic_Northeast,Ruditapes decussatus,Grooved carpet shell,"Clams, cockles, arkshells",Atlantic Northeast,1.303517145,1.599961816,1.716767465,1.815371106,1.959917193,0.168768358,1.694391693,21672.07915,1983,0.304222508,40454.70286,3032.623234,0.152111254,753,Domestic
Ruditapes_decussatus-Atlantic_Northeast,Ruditapes decussatus,Grooved carpet shell,"Clams, cockles, arkshells",Atlantic Northeast,1.271020456,1.508543948,1.618183931,1.70256196,1.860478649,0.149582323,1.599119103,21672.07915,1984,0.304222508,40454.70286,3032.623234,0.152111254,3333,Domestic
Ruditapes_decussatus-Atlantic_Northeast,Ruditapes decussatus,Grooved carpet shell,"Clams, cockles, arkshells",Atlantic Northeast,1.185931175,1.383519876,1.481214706,1.57202933,1.747019913,0.142964735,1.478011123,21672.07915,1985,0.304222508,40454.70286,3032.623234,0.152111254,4365,Domestic
Ruditapes_decussatus-Atlantic_Northeast,Ruditapes decussatus,Grooved carpet shell,"Clams, cockles, arkshells",Atlantic Northeast,1.274412866,1.437061226,1.539177133,1.637635154,1.801757814,0.141753157,1.536972087,21672.07915,1986,0.304222508,40454.70286,3032.623234,0.152111254,1231,Domestic
Ruditapes_decussatus-Atlantic_Northeast,Ruditapes decussatus,Grooved carpet shell,"Clams, cockles, arkshells",Atlantic Northeast,1.203045097,1.363619163,1.456911798,1.555368636,1.695720754,0.13139646,1.45562402,21672.07915,1987,0.304222508,40454.70286,3032.623234,0.152111254,3710,Domestic
Ruditapes_decussatus-Atlantic_Northeast,Ruditapes decussatus,Grooved carpet shell,"Clams, cockles, arkshells",Atlantic Northeast,1.271621755,1.439797741,1.534827583,1.611902927,1.797787336,0.131077882,1.529402581,21672.07915,1988,0.304222508,40454.70286,3032.623234,0.152111254,887,Domestic
Ruditapes_decussatus-Atlantic_Northeast,Ruditapes decussatus,Grooved carpet shell,"Clams, cockles, arkshells",Atlantic Northeast,1.280815164,1.44278538,1.524657984,1.605463078,1.824435523,0.127411823,1.527888002,21672.07915,1989,0.304222508,40454.70286,3032.623234,0.152111254,2167,Domestic
Ruditapes_decussatus-Atlantic_Northeast,Ruditapes decussatus,Grooved carpet shell,"Clams, cockles, arkshells",Atlantic Northeast,1.259843944,1.365272192,1.435659309,1.514652635,1.681250363,0.108973886,1.444344318,21672.07915,1990,0.304222508,40454.70286,3032.623234,0.152111254,3736,Domestic
Ruditapes_decussatus-Atlantic_Northeast,Ruditapes decussatus,Grooved carpet shell,"Clams, cockles, arkshells",Atlantic Northeast,1.033909761,1.100510208,1.144330382,1.20543955,1.319792934,0.075782736,1.156082506,21672.07915,1991,0.304222508,40454.70286,3032.623234,0.152111254,8190,Domestic
Ruditapes_decussatus-Atlantic_Northeast,Ruditapes decussatus,Grooved carpet shell,"Clams, cockles, arkshells",Atlantic Northeast,0.459513352,0.49541465,0.51776935,0.53885782,0.578429132,0.031096306,0.518062008,21672.07915,1992,0.304222508,40454.70286,3032.623234,0.152111254,15728,Domestic
Ruditapes_decussatus-Atlantic_Northeast,Ruditapes decussatus,Grooved carpet shell,"Clams, cockles, arkshells",Atlantic Northeast,0.175968354,0.203560019,0.220098525,0.239020795,0.273030786,0.026314276,0.222107864,21672.07915,1993,0.304222508,40454.70286,3032.623234,0.152111254,8263,Domestic
Ruditapes_decussatus-Atlantic_Northeast,Ruditapes decussatus,Grooved carpet shell,"Clams, cockles, arkshells",Atlantic Northeast,0.136561698,0.163030486,0.180375907,0.198389096,0.237427872,0.026341932,0.181570015,21672.07915,1994,0.304222508,40454.70286,3032.623234,0.152111254,1980,Domestic
Ruditapes_decussatus-Atlantic_Northeast,Ruditapes decussatus,Grooved carpet shell,"Clams, cockles, arkshells",Atlantic Northeast,0.155780373,0.178779609,0.195660877,0.213277573,0.253333084,0.025036324,0.197256303,21672.07915,1995,0.304222508,40454.70286,3032.623234,0.152111254,640,Domestic
Ruditapes_decussatus-Atlantic_Northeast,Ruditapes decussatus,Grooved carpet shell,"Clams, cockles, arkshells",Atlantic Northeast,0.160829052,0.18305374,0.197997394,0.215602271,0.252675593,0.024211733,0.200810348,21672.07915,1996,0.304222508,40454.70286,3032.623234,0.152111254,981,Domestic
Ruditapes_decussatus-Atlantic_Northeast,Ruditapes decussatus,Grooved carpet shell,"Clams, cockles, arkshells",Atlantic Northeast,0.162573129,0.179912566,0.19450198,0.21080815,0.251404352,0.022624871,0.196826641,21672.07915,1997,0.304222508,40454.70286,3032.623234,0.152111254,1153,Domestic
Ruditapes_decussatus-Atlantic_Northeast,Ruditapes decussatus,Grooved carpet shell,"Clams, cockles, arkshells",Atlantic Northeast,0.12788734,0.144949207,0.1572586,0.173601719,0.217485586,0.022763602,0.161025237,21672.07915,1998,0.304222508,40454.70286,3032.623234,0.152111254,1771,Domestic
Ruditapes_decussatus-Atlantic_Northeast,Ruditapes decussatus,Grooved carpet shell,"Clams, cockles, arkshells",Atlantic Northeast,0.081544219,0.099953918,0.11373048,0.129896496,0.176222238,0.024661475,0.117543578,21672.07915,1999,0.304222508,40454.70286,3032.623234,0.152111254,1756,Domestic
Ruditapes_decussatus-Atlantic_Northeast,Ruditapes decussatus,Grooved carpet shell,"Clams, cockles, arkshells",Atlantic Northeast,0.077260514,0.097441797,0.111686667,0.131140442,0.182608622,0.027488467,0.116935978,21672.07915,2000,0.304222508,40454.70286,3032.623234,0.152111254,665,Domestic
Ruditapes_decussatus-Atlantic_Northeast,Ruditapes decussatus,Grooved carpet shell,"Clams, cockles, arkshells",Atlantic Northeast,0.0669518,0.090463711,0.107051708,0.127981466,0.186509399,0.030972015,0.112506579,21672.07915,2001,0.304222508,40454.70286,3032.623234,0.152111254,732,Domestic
Ruditapes_decussatus-Atlantic_Northeast,Ruditapes decussatus,Grooved carpet shell,"Clams, cockles, arkshells",Atlantic Northeast,0.057548742,0.085647047,0.103550546,0.128709301,0.189311926,0.035300584,0.110565669,21672.07915,2002,0.304222508,40454.70286,3032.623234,0.152111254,654,Domestic
Ruditapes_decussatus-Atlantic_Northeast,Ruditapes decussatus,Grooved carpet shell,"Clams, cockles, arkshells",Atlantic Northeast,0.072018641,0.102380839,0.121729356,0.152044684,0.222385039,0.039443941,0.130208275,21672.07915,2003,0.304222508,40454.70286,3032.623234,0.152111254,197,Domestic
Ruditapes_decussatus-Atlantic_Northeast,Ruditapes decussatus,Grooved carpet shell,"Clams, cockles, arkshells",Atlantic Northeast,0.08117142,0.115748006,0.136725438,0.170285456,0.24897217,0.044586592,0.14740932,21672.07915,2004,0.304222508,40454.70286,3032.623234,0.152111254,355,Domestic
Ruditapes_decussatus-Atlantic_Northeast,Ruditapes decussatus,Grooved carpet shell,"Clams, cockles, arkshells",Atlantic Northeast,0.106578306,0.140423738,0.164870597,0.205006417,0.288936802,0.048539043,0.17661294,21672.07915,2005,0.304222508,40454.70286,3032.623234,0.152111254,196,Domestic
Ruditapes_decussatus-Atlantic_Northeast,Ruditapes decussatus,Grooved carpet shell,"Clams, cockles, arkshells",Atlantic Northeast,0.114930319,0.152784926,0.18153036,0.225427455,0.316198265,0.054265586,0.192746231,21672.07915,2006,0.304222508,40454.70286,3032.623234,0.152111254,608,Domestic
Ruditapes_decussatus-Atlantic_Northeast,Ruditapes decussatus,Grooved carpet shell,"Clams, cockles, arkshells",Atlantic Northeast,0.118557166,0.158445791,0.193526343,0.243095194,0.344075379,0.060075529,0.204788358,21672.07915,2007,0.304222508,40454.70286,3032.623234,0.152111254,741,Domestic
Ruditapes_decussatus-Atlantic_Northeast,Ruditapes decussatus,Grooved carpet shell,"Clams, cockles, arkshells",Atlantic Northeast,0.121409704,0.163870609,0.204844729,0.256891549,0.377809273,0.068003219,0.216856626,21672.07915,2008,0.304222508,40454.70286,3032.623234,0.152111254,799,Domestic
Ruditapes_decussatus-Atlantic_Northeast,Ruditapes decussatus,Grooved carpet shell,"Clams, cockles, arkshells",Atlantic Northeast,0.114322285,0.164892748,0.212210919,0.273910766,0.397639047,0.077833782,0.224865881,21672.07915,2009,0.304222508,40454.70286,3032.623234,0.152111254,951,Domestic
Ruditapes_decussatus-Atlantic_Northeast,Ruditapes decussatus,Grooved carpet shell,"Clams, cockles, arkshells",Atlantic Northeast,0.102500474,0.167632982,0.227793775,0.300457971,0.427139063,0.089972188,0.237557826,21672.07915,2010,0.304222508,40454.70286,3032.623234,0.152111254,902,Domestic
Ruditapes_decussatus-Atlantic_Northeast,Ruditapes decussatus,Grooved carpet shell,"Clams, cockles, arkshells",Atlantic Northeast,0.093387863,0.172351742,0.245793518,0.327614244,0.469951561,0.10394341,0.254250828,21672.07915,2011,0.304222508,40454.70286,3032.623234,0.152111254,861,Domestic
Ruditapes_decussatus-Atlantic_Northeast,Ruditapes decussatus,Grooved carpet shell,"Clams, cockles, arkshells",Atlantic Northeast,0.082914522,0.18253774,0.275433173,0.366751277,0.517887817,0.121232417,0.277886316,21672.07915,2012,0.304222508,40454.70286,3032.623234,0.152111254,795,Domestic
Ruditapes_decussatus-Atlantic_Northeast,Ruditapes decussatus,Grooved carpet shell,"Clams, cockles, arkshells",Atlantic Northeast,0.070440324,0.197742721,0.314972008,0.42222477,0.567823722,0.141335722,0.310619113,21672.07915,2013,0.304222508,40454.70286,3032.623234,0.152111254,692,Domestic
Ruditapes_decussatus-Atlantic_Northeast,Ruditapes decussatus,Grooved carpet shell,"Clams, cockles, arkshells",Atlantic Northeast,0.059307269,0.224793787,0.359019986,0.486154367,0.614423406,0.164025964,0.350072621,21672.07915,2014,0.304222508,40454.70286,3032.623234,0.152111254,678,Domestic
Ruditapes_decussatus-Atlantic_Northeast,Ruditapes decussatus,Grooved carpet shell,"Clams, cockles, arkshells",Atlantic Northeast,0.048173815,0.250529069,0.420867268,0.571364415,0.692555913,0.192791875,0.402077354,21672.07915,2015,0.304222508,40454.70286,3032.623234,0.152111254,565,Domestic
Ruditapes_decussatus-Atlantic_Northeast,Ruditapes decussatus,Grooved carpet shell,"Clams, cockles, arkshells",Atlantic Northeast,0.042311326,0.299301099,0.500856288,0.669868623,0.784256829,0.223592312,0.471088709,21672.07915,2016,0.304222508,40454.70286,3032.623234,0.152111254,394,Domestic
Ruditapes_philippinarum-Pacific_Northwest,Ruditapes philippinarum,Japanese carpet shell,"Clams, cockles, arkshells",Pacific Northwest,0.528473966,0.812407563,0.994077455,1.17610823,1.390039659,0.236495306,0.988771406,820137.1148,1950,0.267262893,1790768.899,117569.1423,0.133631446,50000,Domestic
Ruditapes_philippinarum-Pacific_Northwest,Ruditapes philippinarum,Japanese carpet shell,"Clams, cockles, arkshells",Pacific Northwest,0.596304143,0.869056193,1.05889272,1.250508996,1.452087275,0.24209642,1.05817164,820137.1148,1951,0.267262893,1790768.899,117569.1423,0.133631446,50000,Domestic
Ruditapes_philippinarum-Pacific_Northwest,Ruditapes philippinarum,Japanese carpet shell,"Clams, cockles, arkshells",Pacific Northwest,0.671496351,0.958296781,1.124520001,1.321253443,1.558037764,0.243367784,1.130022832,820137.1148,1952,0.267262893,1790768.899,117569.1423,0.133631446,50000,Domestic
Ruditapes_philippinarum-Pacific_Northwest,Ruditapes philippinarum,Japanese carpet shell,"Clams, cockles, arkshells",Pacific Northwest,0.718786641,1.003382593,1.174887458,1.369598685,1.636216826,0.245157178,1.17342974,820137.1148,1953,0.267262893,1790768.899,117569.1423,0.133631446,79200,Domestic
Ruditapes_philippinarum-Pacific_Northwest,Ruditapes philippinarum,Japanese carpet shell,"Clams, cockles, arkshells",Pacific Northwest,0.772394908,1.068384265,1.234792996,1.404681941,1.666159245,0.24101913,1.229230575,820137.1148,1954,0.267262893,1790768.899,117569.1423,0.133631446,64200,Domestic
Ruditapes_philippinarum-Pacific_Northwest,Ruditapes philippinarum,Japanese carpet shell,"Clams, cockles, arkshells",Pacific Northwest,0.842391714,1.134497898,1.287328625,1.452377598,1.702195095,0.234487383,1.284743929,820137.1148,1955,0.267262893,1790768.899,117569.1423,0.133631446,64300,Domestic
Ruditapes_philippinarum-Pacific_Northwest,Ruditapes philippinarum,Japanese carpet shell,"Clams, cockles, arkshells",Pacific Northwest,0.86533583,1.170635724,1.329759642,1.463262112,1.696603865,0.224793238,1.307163894,820137.1148,1956,0.267262893,1790768.899,117569.1423,0.133631446,86700,Domestic
Ruditapes_philippinarum-Pacific_Northwest,Ruditapes philippinarum,Japanese carpet shell,"Clams, cockles, arkshells",Pacific Northwest,0.922957329,1.188395401,1.332466529,1.485821864,1.69971065,0.217401929,1.328428014,820137.1148,1957,0.267262893,1790768.899,117569.1423,0.133631446,86900,Domestic
Ruditapes_philippinarum-Pacific_Northwest,Ruditapes philippinarum,Japanese carpet shell,"Clams, cockles, arkshells",Pacific Northwest,0.946966689,1.200706581,1.360816371,1.504218801,1.715242992,0.209210687,1.349872565,820137.1148,1958,0.267262893,1790768.899,117569.1423,0.133631446,85100,Domestic
Ruditapes_philippinarum-Pacific_Northwest,Ruditapes philippinarum,Japanese carpet shell,"Clams, cockles, arkshells",Pacific Northwest,0.994681567,1.233483262,1.379048159,1.506490577,1.72610261,0.194826933,1.368139696,820137.1148,1959,0.267262893,1790768.899,117569.1423,0.133631446,84300,Domestic
Ruditapes_philippinarum-Pacific_Northwest,Ruditapes philippinarum,Japanese carpet shell,"Clams, cockles, arkshells",Pacific Northwest,1.001292058,1.244901241,1.372323112,1.50348063,1.737023316,0.192433015,1.367541065,820137.1148,1960,0.267262893,1790768.899,117569.1423,0.133631446,102500,Domestic
Ruditapes_philippinarum-Pacific_Northwest,Ruditapes philippinarum,Japanese carpet shell,"Clams, cockles, arkshells",Pacific Northwest,1.021925694,1.252196866,1.362907247,1.483913774,1.705448366,0.18111129,1.362283232,820137.1148,1961,0.267262893,1790768.899,117569.1423,0.133631446,108000,Domestic
Ruditapes_philippinarum-Pacific_Northwest,Ruditapes philippinarum,Japanese carpet shell,"Clams, cockles, arkshells",Pacific Northwest,1.017392784,1.229924581,1.354645155,1.488047732,1.678793748,0.177973552,1.35515144,820137.1148,1962,0.267262893,1790768.899,117569.1423,0.133631446,114800,Domestic
Ruditapes_philippinarum-Pacific_Northwest,Ruditapes philippinarum,Japanese carpet shell,"Clams, cockles, arkshells",Pacific Northwest,0.983743037,1.206232883,1.329625596,1.430856748,1.662812725,0.171370394,1.322412002,820137.1148,1963,0.267262893,1790768.899,117569.1423,0.133631446,137500,Domestic
Ruditapes_philippinarum-Pacific_Northwest,Ruditapes philippinarum,Japanese carpet shell,"Clams, cockles, arkshells",Pacific Northwest,0.987152284,1.195666653,1.313346687,1.42142206,1.602506348,0.166493977,1.309136286,820137.1148,1964,0.267262893,1790768.899,117569.1423,0.133631446,121000,Domestic
Ruditapes_philippinarum-Pacific_Northwest,Ruditapes philippinarum,Japanese carpet shell,"Clams, cockles, arkshells",Pacific Northwest,0.999848268,1.173367884,1.291023394,1.40609735,1.615878922,0.165835506,1.29378288,820137.1148,1965,0.267262893,1790768.899,117569.1423,0.133631446,125300,Domestic
Ruditapes_philippinarum-Pacific_Northwest,Ruditapes philippinarum,Japanese carpet shell,"Clams, cockles, arkshells",Pacific Northwest,0.966536482,1.117613251,1.235412165,1.337872926,1.527558464,0.155763965,1.233629876,820137.1148,1966,0.267262893,1790768.899,117569.1423,0.133631446,164835,Domestic
Ruditapes_philippinarum-Pacific_Northwest,Ruditapes philippinarum,Japanese carpet shell,"Clams, cockles, arkshells",Pacific Northwest,0.932295737,1.106669639,1.225581156,1.312197757,1.529485099,0.153608506,1.217319047,820137.1148,1967,0.267262893,1790768.899,117569.1423,0.133631446,128721,Domestic
Ruditapes_philippinarum-Pacific_Northwest,Ruditapes philippinarum,Japanese carpet shell,"Clams, cockles, arkshells",Pacific Northwest,0.931717222,1.086150385,1.192213981,1.30063069,1.477501897,0.148846607,1.193353686,820137.1148,1968,0.267262893,1790768.899,117569.1423,0.133631446,132841,Domestic
Ruditapes_philippinarum-Pacific_Northwest,Ruditapes philippinarum,Japanese carpet shell,"Clams, cockles, arkshells",Pacific Northwest,0.92780027,1.077451609,1.17530481,1.278862669,1.437521214,0.142578053,1.177818468,820137.1148,1969,0.267262893,1790768.899,117569.1423,0.133631446,130020,Domestic
Ruditapes_philippinarum-Pacific_Northwest,Ruditapes philippinarum,Japanese carpet shell,"Clams, cockles, arkshells",Pacific Northwest,0.902714395,1.050058707,1.138504616,1.241557387,1.410748659,0.137869727,1.146773307,820137.1148,1970,0.267262893,1790768.899,117569.1423,0.133631446,147072,Domestic
Ruditapes_philippinarum-Pacific_Northwest,Ruditapes philippinarum,Japanese carpet shell,"Clams, cockles, arkshells",Pacific Northwest,0.865678558,1.023378001,1.126769567,1.21709988,1.384792095,0.135034875,1.124639606,820137.1148,1971,0.267262893,1790768.899,117569.1423,0.133631446,133334,Domestic
Ruditapes_philippinarum-Pacific_Northwest,Ruditapes philippinarum,Japanese carpet shell,"Clams, cockles, arkshells",Pacific Northwest,0.889135457,1.024580403,1.122394554,1.199215893,1.378450524,0.130923294,1.118865045,820137.1148,1972,0.267262893,1790768.899,117569.1423,0.133631446,121720,Domestic
Ruditapes_philippinarum-Pacific_Northwest,Ruditapes philippinarum,Japanese carpet shell,"Clams, cockles, arkshells",Pacific Northwest,0.877114122,1.029348022,1.113563462,1.191995672,1.399383636,0.128784767,1.114283639,820137.1148,1973,0.267262893,1790768.899,117569.1423,0.133631446,121130,Domestic
Ruditapes_philippinarum-Pacific_Northwest,Ruditapes philippinarum,Japanese carpet shell,"Clams, cockles, arkshells",Pacific Northwest,0.850911494,0.989977404,1.076694761,1.162549259,1.355836755,0.125569574,1.080986281,820137.1148,1974,0.267262893,1790768.899,117569.1423,0.133631446,146802,Domestic
Ruditapes_philippinarum-Pacific_Northwest,Ruditapes philippinarum,Japanese carpet shell,"Clams, cockles, arkshells",Pacific Northwest,0.823243574,0.965739898,1.036569675,1.114756121,1.309326405,0.119385741,1.044876198,820137.1148,1975,0.267262893,1790768.899,117569.1423,0.133631446,145004,Domestic
Ruditapes_philippinarum-Pacific_Northwest,Ruditapes philippinarum,Japanese carpet shell,"Clams, cockles, arkshells",Pacific Northwest,0.804189112,0.925676973,1.002316636,1.079260738,1.236076162,0.113235276,1.006508361,820137.1148,1976,0.267262893,1790768.899,117569.1423,0.133631446,152493,Domestic
Ruditapes_philippinarum-Pacific_Northwest,Ruditapes philippinarum,Japanese carpet shell,"Clams, cockles, arkshells",Pacific Northwest,0.755074705,0.872691364,0.941453695,1.010992551,1.175763893,0.106481999,0.94600421,820137.1148,1977,0.267262893,1790768.899,117569.1423,0.133631446,169874,Domestic
Ruditapes_philippinarum-Pacific_Northwest,Ruditapes philippinarum,Japanese carpet shell,"Clams, cockles, arkshells",Pacific Northwest,0.715090214,0.823551654,0.891434644,0.943775398,1.095961845,0.094543138,0.890668668,820137.1148,1978,0.267262893,1790768.899,117569.1423,0.133631446,166215,Domestic
Ruditapes_philippinarum-Pacific_Northwest,Ruditapes philippinarum,Japanese carpet shell,"Clams, cockles, arkshells",Pacific Northwest,0.709333726,0.804462783,0.854913742,0.910673314,1.051554118,0.086712169,0.862757415,820137.1148,1979,0.267262893,1790768.899,117569.1423,0.133631446,140915,Domestic
Ruditapes_philippinarum-Pacific_Northwest,Ruditapes philippinarum,Japanese carpet shell,"Clams, cockles, arkshells",Pacific Northwest,0.679223154,0.771640806,0.822244678,0.887633987,1.006299462,0.082470681,0.829964099,820137.1148,1980,0.267262893,1790768.899,117569.1423,0.133631446,141053,Domestic
Ruditapes_philippinarum-Pacific_Northwest,Ruditapes philippinarum,Japanese carpet shell,"Clams, cockles, arkshells",Pacific Northwest,0.642776263,0.726149902,0.766929055,0.824102367,0.937638627,0.073961396,0.776134652,820137.1148,1981,0.267262893,1790768.899,117569.1423,0.133631446,157018,Domestic
Ruditapes_philippinarum-Pacific_Northwest,Ruditapes philippinarum,Japanese carpet shell,"Clams, cockles, arkshells",Pacific Northwest,0.612074296,0.678796212,0.721461204,0.76691303,0.879464598,0.06860681,0.727160372,820137.1148,1982,0.267262893,1790768.899,117569.1423,0.133631446,157337,Domestic
Ruditapes_philippinarum-Pacific_Northwest,Ruditapes philippinarum,Japanese carpet shell,"Clams, cockles, arkshells",Pacific Northwest,0.538583655,0.602695269,0.637689084,0.684461282,0.76638524,0.064292652,0.646232833,820137.1148,1983,0.267262893,1790768.899,117569.1423,0.133631446,177538,Domestic
Ruditapes_philippinarum-Pacific_Northwest,Ruditapes philippinarum,Japanese carpet shell,"Clams, cockles, arkshells",Pacific Northwest,0.497386351,0.560609644,0.595364505,0.638722675,0.738722686,0.059564248,0.602270986,820137.1148,1984,0.267262893,1790768.899,117569.1423,0.133631446,141193,Domestic
Ruditapes_philippinarum-Pacific_Northwest,Ruditapes philippinarum,Japanese carpet shell,"Clams, cockles, arkshells",Pacific Northwest,0.445840453,0.504346754,0.536162462,0.577198198,0.646617242,0.053053054,0.542342467,820137.1148,1985,0.267262893,1790768.899,117569.1423,0.133631446,151870,Domestic
Ruditapes_philippinarum-Pacific_Northwest,Ruditapes philippinarum,Japanese carpet shell,"Clams, cockles, arkshells",Pacific Northwest,0.394191755,0.444026223,0.471067893,0.505313496,0.558048259,0.045221819,0.474711923,820137.1148,1986,0.267262893,1790768.899,117569.1423,0.133631446,150123,Domestic
Ruditapes_philippinarum-Pacific_Northwest,Ruditapes philippinarum,Japanese carpet shell,"Clams, cockles, arkshells",Pacific Northwest,0.353941997,0.398818422,0.423689467,0.454430758,0.505390797,0.041275415,0.426440395,820137.1148,1987,0.267262893,1790768.899,117569.1423,0.133631446,125288,Domestic
Ruditapes_philippinarum-Pacific_Northwest,Ruditapes philippinarum,Japanese carpet shell,"Clams, cockles, arkshells",Pacific Northwest,0.328674196,0.364149677,0.387988316,0.417498119,0.474659223,0.039065363,0.39212765,820137.1148,1988,0.267262893,1790768.899,117569.1423,0.133631446,109140,Domestic
Ruditapes_philippinarum-Pacific_Northwest,Ruditapes philippinarum,Japanese carpet shell,"Clams, cockles, arkshells",Pacific Northwest,0.298235407,0.332515796,0.355365838,0.385974847,0.443248795,0.037570271,0.360065951,820137.1148,1989,0.267262893,1790768.899,117569.1423,0.133631446,99664,Domestic
Ruditapes_philippinarum-Pacific_Northwest,Ruditapes philippinarum,Japanese carpet shell,"Clams, cockles, arkshells",Pacific Northwest,0.282724693,0.316678096,0.335964823,0.363794415,0.425473854,0.035888093,0.34171912,820137.1148,1990,0.267262893,1790768.899,117569.1423,0.133631446,84125,Domestic
Ruditapes_philippinarum-Pacific_Northwest,Ruditapes philippinarum,Japanese carpet shell,"Clams, cockles, arkshells",Pacific Northwest,0.266280195,0.30363441,0.323612786,0.346054371,0.403298341,0.034895356,0.327065068,820137.1148,1991,0.267262893,1790768.899,117569.1423,0.133631446,77985,Domestic
Ruditapes_philippinarum-Pacific_Northwest,Ruditapes philippinarum,Japanese carpet shell,"Clams, cockles, arkshells",Pacific Northwest,0.263150771,0.294277405,0.312810304,0.336957365,0.394000653,0.032966933,0.317268366,820137.1148,1992,0.267262893,1790768.899,117569.1423,0.133631446,72454,Domestic
Ruditapes_philippinarum-Pacific_Northwest,Ruditapes philippinarum,Japanese carpet shell,"Clams, cockles, arkshells",Pacific Northwest,0.234287525,0.264349173,0.286007971,0.307175529,0.357748968,0.031851992,0.287170615,820137.1148,1993,0.267262893,1790768.899,117569.1423,0.133631446,88584,Domestic
Ruditapes_philippinarum-Pacific_Northwest,Ruditapes philippinarum,Japanese carpet shell,"Clams, cockles, arkshells",Pacific Northwest,0.228822329,0.259023767,0.279928806,0.300907135,0.35173312,0.031364669,0.282430855,820137.1148,1994,0.267262893,1790768.899,117569.1423,0.133631446,61216,Domestic
Ruditapes_philippinarum-Pacific_Northwest,Ruditapes philippinarum,Japanese carpet shell,"Clams, cockles, arkshells",Pacific Northwest,0.218374692,0.248016048,0.269870841,0.288191071,0.340994143,0.031275716,0.271137649,820137.1148,1995,0.267262893,1790768.899,117569.1423,0.133631446,64523,Domestic
Ruditapes_philippinarum-Pacific_Northwest,Ruditapes philippinarum,Japanese carpet shell,"Clams, cockles, arkshells",Pacific Northwest,0.215016949,0.245790038,0.265584756,0.289370663,0.337794272,0.031265191,0.267853527,820137.1148,1996,0.267262893,1790768.899,117569.1423,0.133631446,56095,Domestic
Ruditapes_philippinarum-Pacific_Northwest,Ruditapes philippinarum,Japanese carpet shell,"Clams, cockles, arkshells",Pacific Northwest,0.212467771,0.242142874,0.260982044,0.283103874,0.331507605,0.031591384,0.263884793,820137.1148,1997,0.267262893,1790768.899,117569.1423,0.133631446,56514,Domestic
Ruditapes_philippinarum-Pacific_Northwest,Ruditapes philippinarum,Japanese carpet shell,"Clams, cockles, arkshells",Pacific Northwest,0.213981656,0.240604595,0.261700863,0.283076067,0.333007832,0.032202935,0.264677535,820137.1148,1998,0.267262893,1790768.899,117569.1423,0.133631446,51392,Domestic
Ruditapes_philippinarum-Pacific_Northwest,Ruditapes philippinarum,Japanese carpet shell,"Clams, cockles, arkshells",Pacific Northwest,0.205225333,0.235483154,0.253478692,0.276471081,0.330183431,0.032849659,0.258451715,820137.1148,1999,0.267262893,1790768.899,117569.1423,0.133631446,57051,Domestic
Ruditapes_philippinarum-Pacific_Northwest,Ruditapes philippinarum,Japanese carpet shell,"Clams, cockles, arkshells",Pacific Northwest,0.197299563,0.228486329,0.249595915,0.274135,0.332692214,0.035642676,0.253727359,820137.1148,2000,0.267262893,1790768.899,117569.1423,0.133631446,56540,Domestic
Ruditapes_philippinarum-Pacific_Northwest,Ruditapes philippinarum,Japanese carpet shell,"Clams, cockles, arkshells",Pacific Northwest,0.196113684,0.226394601,0.24948301,0.270765937,0.341342712,0.036496263,0.253258231,820137.1148,2001,0.267262893,1790768.899,117569.1423,0.133631446,51026,Domestic
Ruditapes_philippinarum-Pacific_Northwest,Ruditapes philippinarum,Japanese carpet shell,"Clams, cockles, arkshells",Pacific Northwest,0.197452564,0.225423801,0.251067142,0.273336598,0.350241088,0.040038269,0.255020977,820137.1148,2002,0.267262893,1790768.899,117569.1423,0.133631446,49252,Domestic
Ruditapes_philippinarum-Pacific_Northwest,Ruditapes philippinarum,Japanese carpet shell,"Clams, cockles, arkshells",Pacific Northwest,0.194135878,0.224805266,0.248031757,0.278742714,0.35981394,0.043098731,0.254903631,820137.1148,2003,0.267262893,1790768.899,117569.1423,0.133631446,50836,Domestic
Ruditapes_philippinarum-Pacific_Northwest,Ruditapes philippinarum,Japanese carpet shell,"Clams, cockles, arkshells",Pacific Northwest,0.187157361,0.221799217,0.249105895,0.2792895,0.364313268,0.047364025,0.256203103,820137.1148,2004,0.267262893,1790768.899,117569.1423,0.133631446,49491,Domestic
Ruditapes_philippinarum-Pacific_Northwest,Ruditapes philippinarum,Japanese carpet shell,"Clams, cockles, arkshells",Pacific Northwest,0.184749228,0.220957475,0.248421815,0.288143382,0.38439976,0.052511717,0.258941906,820137.1148,2005,0.267262893,1790768.899,117569.1423,0.133631446,48708,Domestic
Ruditapes_philippinarum-Pacific_Northwest,Ruditapes philippinarum,Japanese carpet shell,"Clams, cockles, arkshells",Pacific Northwest,0.18563384,0.223165131,0.258070862,0.301656308,0.4004348,0.058357777,0.267896848,820137.1148,2006,0.267262893,1790768.899,117569.1423,0.133631446,42543,Domestic
Ruditapes_philippinarum-Pacific_Northwest,Ruditapes philippinarum,Japanese carpet shell,"Clams, cockles, arkshells",Pacific Northwest,0.176963421,0.226700067,0.268146354,0.318878287,0.42804163,0.065336598,0.277578081,820137.1148,2007,0.267262893,1790768.899,117569.1423,0.133631446,44462,Domestic
Ruditapes_philippinarum-Pacific_Northwest,Ruditapes philippinarum,Japanese carpet shell,"Clams, cockles, arkshells",Pacific Northwest,0.163542622,0.20965938,0.261091366,0.321330052,0.424487155,0.072900208,0.270617015,820137.1148,2008,0.267262893,1790768.899,117569.1423,0.133631446,59978,Domestic
Ruditapes_philippinarum-Pacific_Northwest,Ruditapes philippinarum,Japanese carpet shell,"Clams, cockles, arkshells",Pacific Northwest,0.138337007,0.199612852,0.260631308,0.324983999,0.453711657,0.083797981,0.268344131,820137.1148,2009,0.267262893,1790768.899,117569.1423,0.133631446,54143,Domestic
Ruditapes_philippinarum-Pacific_Northwest,Ruditapes philippinarum,Japanese carpet shell,"Clams, cockles, arkshells",Pacific Northwest,0.132747953,0.201898463,0.280844688,0.347822601,0.483164234,0.096375233,0.283071113,820137.1148,2010,0.267262893,1790768.899,117569.1423,0.133631446,40025,Domestic
Ruditapes_philippinarum-Pacific_Northwest,Ruditapes philippinarum,Japanese carpet shell,"Clams, cockles, arkshells",Pacific Northwest,0.119299682,0.202143995,0.299409806,0.367158851,0.517836061,0.110871476,0.297748191,820137.1148,2011,0.267262893,1790768.899,117569.1423,0.133631446,41041,Domestic
Ruditapes_philippinarum-Pacific_Northwest,Ruditapes philippinarum,Japanese carpet shell,"Clams, cockles, arkshells",Pacific Northwest,0.107062364,0.209465726,0.321166421,0.407434285,0.545588876,0.125738416,0.315419871,820137.1148,2012,0.267262893,1790768.899,117569.1423,0.133631446,39743,Domestic
Ruditapes_philippinarum-Pacific_Northwest,Ruditapes philippinarum,Japanese carpet shell,"Clams, cockles, arkshells",Pacific Northwest,0.091438737,0.216486703,0.353360794,0.452813466,0.585789322,0.144812934,0.340400403,820137.1148,2013,0.267262893,1790768.899,117569.1423,0.133631446,36641,Domestic
Ruditapes_philippinarum-Pacific_Northwest,Ruditapes philippinarum,Japanese carpet shell,"Clams, cockles, arkshells",Pacific Northwest,0.073951321,0.239883535,0.392841257,0.510911447,0.652124064,0.168363552,0.376030928,820137.1148,2014,0.267262893,1790768.899,117569.1423,0.133631446,32121,Domestic
Ruditapes_philippinarum-Pacific_Northwest,Ruditapes philippinarum,Japanese carpet shell,"Clams, cockles, arkshells",Pacific Northwest,0.055825763,0.261166319,0.444242284,0.580199622,0.713798398,0.195756929,0.420320826,820137.1148,2015,0.267262893,1790768.899,117569.1423,0.133631446,29086,Domestic
Ruditapes_philippinarum-Pacific_Northwest,Ruditapes philippinarum,Japanese carpet shell,"Clams, cockles, arkshells",Pacific Northwest,0.046448059,0.291697881,0.510677229,0.666287851,0.788351608,0.221660526,0.473788005,820137.1148,2016,0.267262893,1790768.899,117569.1423,0.133631446,22430,Domestic
Salmo_salar-Atlantic_Northeast,Salmo salar,Atlantic salmon,"Salmons, trouts, smelts",Atlantic Northeast,NA,NA,NA,NA,NA,NA,NA,NA,NA,NA,NA,NA,NA,NA,Domestic
Salmo_salar-Atlantic_Northwest,Salmo salar,Atlantic salmon,"Salmons, trouts, smelts",Atlantic Northwest,NA,NA,NA,NA,NA,NA,NA,NA,NA,NA,NA,NA,NA,NA,Domestic
Saxidomus_giganteus-Pacific_Northeast,Saxidomus giganteus,Butter clam,"Clams, cockles, arkshells",Pacific Northeast,0.59142545,0.824854545,0.990436101,1.142505139,1.364264449,0.211349457,0.983135091,14136.65722,1950,0.289600915,29448.81663,2090.485606,0.144800458,1800,CBA
Saxidomus_giganteus-Pacific_Northeast,Saxidomus giganteus,Butter clam,"Clams, cockles, arkshells",Pacific Northeast,0.593859525,0.821062544,0.982839238,1.144337868,1.384584635,0.213797097,0.982605629,14136.65722,1951,0.289600915,29448.81663,2090.485606,0.144800458,2000,CBA
Saxidomus_giganteus-Pacific_Northeast,Saxidomus giganteus,Butter clam,"Clams, cockles, arkshells",Pacific Northeast,0.51563653,0.755768424,0.916771245,1.06681741,1.302581509,0.213476785,0.914642744,14136.65722,1952,0.289600915,29448.81663,2090.485606,0.144800458,3000,CBA
Saxidomus_giganteus-Pacific_Northeast,Saxidomus giganteus,Butter clam,"Clams, cockles, arkshells",Pacific Northeast,0.493144087,0.747958484,0.913353833,1.057679506,1.309025851,0.220904295,0.905370656,14136.65722,1953,0.289600915,29448.81663,2090.485606,0.144800458,2100,CBA
Saxidomus_giganteus-Pacific_Northeast,Saxidomus giganteus,Butter clam,"Clams, cockles, arkshells",Pacific Northeast,0.496867603,0.755405844,0.936443923,1.087042449,1.370904539,0.231498926,0.928710721,14136.65722,1954,0.289600915,29448.81663,2090.485606,0.144800458,1700,CBA
Saxidomus_giganteus-Pacific_Northeast,Saxidomus giganteus,Butter clam,"Clams, cockles, arkshells",Pacific Northeast,0.465483255,0.733038171,0.904942348,1.073409511,1.376072316,0.239251692,0.91010807,14136.65722,1955,0.289600915,29448.81663,2090.485606,0.144800458,2200,CBA
Saxidomus_giganteus-Pacific_Northeast,Saxidomus giganteus,Butter clam,"Clams, cockles, arkshells",Pacific Northeast,0.45593361,0.741813758,0.928154607,1.099343743,1.409249351,0.250598435,0.927989356,14136.65722,1956,0.289600915,29448.81663,2090.485606,0.144800458,1700,CBA
Saxidomus_giganteus-Pacific_Northeast,Saxidomus giganteus,Butter clam,"Clams, cockles, arkshells",Pacific Northeast,0.456946,0.75538984,0.947406449,1.126526228,1.417534031,0.259410767,0.941863992,14136.65722,1957,0.289600915,29448.81663,2090.485606,0.144800458,1800,CBA
Saxidomus_giganteus-Pacific_Northeast,Saxidomus giganteus,Butter clam,"Clams, cockles, arkshells",Pacific Northeast,0.489651556,0.817577705,1.013931459,1.187551976,1.490856465,0.268455384,0.998665261,14136.65722,1958,0.289600915,29448.81663,2090.485606,0.144800458,1100,CBA
Saxidomus_giganteus-Pacific_Northeast,Saxidomus giganteus,Butter clam,"Clams, cockles, arkshells",Pacific Northeast,0.514944081,0.857117231,1.047160162,1.247083659,1.556088938,0.274233973,1.046876474,14136.65722,1959,0.289600915,29448.81663,2090.485606,0.144800458,1200,CBA
Saxidomus_giganteus-Pacific_Northeast,Saxidomus giganteus,Butter clam,"Clams, cockles, arkshells",Pacific Northeast,0.492427032,0.855702491,1.040623906,1.233600958,1.569496432,0.280975188,1.043672467,14136.65722,1960,0.289600915,29448.81663,2090.485606,0.144800458,2000,CBA
Saxidomus_giganteus-Pacific_Northeast,Saxidomus giganteus,Butter clam,"Clams, cockles, arkshells",Pacific Northeast,0.520359483,0.92448007,1.086798279,1.317892035,1.643384161,0.286858298,1.103319769,14136.65722,1961,0.289600915,29448.81663,2090.485606,0.144800458,1100,CBA
Saxidomus_giganteus-Pacific_Northeast,Saxidomus giganteus,Butter clam,"Clams, cockles, arkshells",Pacific Northeast,0.495795196,0.925423804,1.10996307,1.315475366,1.60815039,0.281410202,1.109998521,14136.65722,1962,0.289600915,29448.81663,2090.485606,0.144800458,1800,CBA
Saxidomus_giganteus-Pacific_Northeast,Saxidomus giganteus,Butter clam,"Clams, cockles, arkshells",Pacific Northeast,0.543189648,0.972496913,1.156111331,1.359095899,1.609154179,0.279699352,1.144389677,14136.65722,1963,0.289600915,29448.81663,2090.485606,0.144800458,1400,CBA
Saxidomus_giganteus-Pacific_Northeast,Saxidomus giganteus,Butter clam,"Clams, cockles, arkshells",Pacific Northeast,0.608416174,1.04861119,1.249943229,1.436242481,1.674846228,0.280609179,1.224373249,14136.65722,1964,0.289600915,29448.81663,2090.485606,0.144800458,700,CBA
Saxidomus_giganteus-Pacific_Northeast,Saxidomus giganteus,Butter clam,"Clams, cockles, arkshells",Pacific Northeast,0.657835701,1.100890625,1.313434066,1.486983389,1.737755434,0.279567574,1.284998064,14136.65722,1965,0.289600915,29448.81663,2090.485606,0.144800458,1000,CBA
Saxidomus_giganteus-Pacific_Northeast,Saxidomus giganteus,Butter clam,"Clams, cockles, arkshells",Pacific Northeast,0.735700051,1.160795497,1.356403498,1.523559124,1.778122917,0.270796462,1.328877076,14136.65722,1966,0.289600915,29448.81663,2090.485606,0.144800458,1100,CBA
Saxidomus_giganteus-Pacific_Northeast,Saxidomus giganteus,Butter clam,"Clams, cockles, arkshells",Pacific Northeast,0.766853801,1.204556867,1.386717358,1.547692267,1.796819567,0.264129518,1.359774681,14136.65722,1967,0.289600915,29448.81663,2090.485606,0.144800458,1300,CBA
Saxidomus_giganteus-Pacific_Northeast,Saxidomus giganteus,Butter clam,"Clams, cockles, arkshells",Pacific Northeast,0.84976306,1.27472615,1.463044373,1.603062931,1.835525407,0.251995631,1.425792727,14136.65722,1968,0.289600915,29448.81663,2090.485606,0.144800458,700,CBA
Saxidomus_giganteus-Pacific_Northeast,Saxidomus giganteus,Butter clam,"Clams, cockles, arkshells",Pacific Northeast,0.95657884,1.356422317,1.529296708,1.666752481,1.867939691,0.235983442,1.494804238,14136.65722,1969,0.289600915,29448.81663,2090.485606,0.144800458,600,CBA
Saxidomus_giganteus-Pacific_Northeast,Saxidomus giganteus,Butter clam,"Clams, cockles, arkshells",Pacific Northeast,1.001010439,1.386968475,1.549299076,1.673558627,1.883997392,0.222203391,1.517280859,14136.65722,1970,0.289600915,29448.81663,2090.485606,0.144800458,1100,CBA
Saxidomus_giganteus-Pacific_Northeast,Saxidomus giganteus,Butter clam,"Clams, cockles, arkshells",Pacific Northeast,1.064187463,1.432839033,1.561382369,1.683218612,1.891066153,0.204404411,1.542542452,14136.65722,1971,0.289600915,29448.81663,2090.485606,0.144800458,1100,CBA
Saxidomus_giganteus-Pacific_Northeast,Saxidomus giganteus,Butter clam,"Clams, cockles, arkshells",Pacific Northeast,1.073857355,1.407764988,1.547921321,1.652755496,1.853462843,0.189511772,1.525233605,14136.65722,1972,0.289600915,29448.81663,2090.485606,0.144800458,1600,CBA
Saxidomus_giganteus-Pacific_Northeast,Saxidomus giganteus,Butter clam,"Clams, cockles, arkshells",Pacific Northeast,1.198248502,1.473894268,1.59866149,1.710521533,1.878835598,0.174791512,1.582143135,14136.65722,1973,0.289600915,29448.81663,2090.485606,0.144800458,700,CBA
Saxidomus_giganteus-Pacific_Northeast,Saxidomus giganteus,Butter clam,"Clams, cockles, arkshells",Pacific Northeast,1.274688324,1.505196015,1.619069452,1.718095492,1.872013277,0.158408937,1.605107226,14136.65722,1974,0.289600915,29448.81663,2090.485606,0.144800458,1110,CBA
Saxidomus_giganteus-Pacific_Northeast,Saxidomus giganteus,Butter clam,"Clams, cockles, arkshells",Pacific Northeast,1.285470126,1.523390252,1.622151096,1.720921996,1.875340284,0.148884013,1.615199947,14136.65722,1975,0.289600915,29448.81663,2090.485606,0.144800458,1173,CBA
Saxidomus_giganteus-Pacific_Northeast,Saxidomus giganteus,Butter clam,"Clams, cockles, arkshells",Pacific Northeast,1.354625006,1.533738282,1.631566038,1.723953095,1.918902509,0.14282674,1.628402085,14136.65722,1976,0.289600915,29448.81663,2090.485606,0.144800458,1179,CBA
Saxidomus_giganteus-Pacific_Northeast,Saxidomus giganteus,Butter clam,"Clams, cockles, arkshells",Pacific Northeast,1.357368732,1.518714961,1.606834636,1.696547941,1.882971647,0.131845735,1.607230871,14136.65722,1977,0.289600915,29448.81663,2090.485606,0.144800458,1634,CBA
Saxidomus_giganteus-Pacific_Northeast,Saxidomus giganteus,Butter clam,"Clams, cockles, arkshells",Pacific Northeast,1.306296941,1.447834686,1.523010815,1.602965813,1.807101026,0.124278857,1.528104271,14136.65722,1978,0.289600915,29448.81663,2090.485606,0.144800458,2603,CBA
Saxidomus_giganteus-Pacific_Northeast,Saxidomus giganteus,Butter clam,"Clams, cockles, arkshells",Pacific Northeast,1.155962526,1.280613537,1.346616046,1.42966669,1.574892012,0.108906914,1.352950124,14136.65722,1979,0.289600915,29448.81663,2090.485606,0.144800458,4112,CBA
Saxidomus_giganteus-Pacific_Northeast,Saxidomus giganteus,Butter clam,"Clams, cockles, arkshells",Pacific Northeast,0.97445686,1.097174962,1.167909572,1.238707479,1.402358983,0.104425857,1.171134867,14136.65722,1980,0.289600915,29448.81663,2090.485606,0.144800458,4568,CBA
Saxidomus_giganteus-Pacific_Northeast,Saxidomus giganteus,Butter clam,"Clams, cockles, arkshells",Pacific Northeast,0.897870276,1.000700766,1.060460121,1.130365925,1.284153427,0.101145063,1.070424774,14136.65722,1981,0.289600915,29448.81663,2090.485606,0.144800458,3568,CBA
Saxidomus_giganteus-Pacific_Northeast,Saxidomus giganteus,Butter clam,"Clams, cockles, arkshells",Pacific Northeast,0.914572067,1.033102107,1.085198837,1.15555454,1.290786905,0.098371071,1.094225427,14136.65722,1982,0.289600915,29448.81663,2090.485606,0.144800458,1840,CBA
Saxidomus_giganteus-Pacific_Northeast,Saxidomus giganteus,Butter clam,"Clams, cockles, arkshells",Pacific Northeast,0.937218348,1.059035661,1.120915569,1.178410889,1.322593893,0.096093798,1.119839433,14136.65722,1983,0.289600915,29448.81663,2090.485606,0.144800458,1702,CBA
Saxidomus_giganteus-Pacific_Northeast,Saxidomus giganteus,Butter clam,"Clams, cockles, arkshells",Pacific Northeast,0.905962586,1.023487765,1.084514602,1.140200546,1.275188601,0.090991941,1.083012407,14136.65722,1984,0.289600915,29448.81663,2090.485606,0.144800458,2622,CBA
Saxidomus_giganteus-Pacific_Northeast,Saxidomus giganteus,Butter clam,"Clams, cockles, arkshells",Pacific Northeast,0.85533637,0.968593772,1.021342515,1.078950553,1.200046351,0.086162729,1.026209755,14136.65722,1985,0.289600915,29448.81663,2090.485606,0.144800458,2933,CBA
Saxidomus_giganteus-Pacific_Northeast,Saxidomus giganteus,Butter clam,"Clams, cockles, arkshells",Pacific Northeast,0.831677233,0.916329917,0.971324861,1.017352491,1.125914177,0.076083721,0.970348427,14136.65722,1986,0.289600915,29448.81663,2090.485606,0.144800458,2947,CBA
Saxidomus_giganteus-Pacific_Northeast,Saxidomus giganteus,Butter clam,"Clams, cockles, arkshells",Pacific Northeast,0.678429937,0.749529333,0.791923426,0.831108588,0.929511477,0.062828969,0.793663855,14136.65722,1987,0.289600915,29448.81663,2090.485606,0.144800458,4634,CBA
Saxidomus_giganteus-Pacific_Northeast,Saxidomus giganteus,Butter clam,"Clams, cockles, arkshells",Pacific Northeast,0.52937277,0.581531186,0.616919994,0.650854852,0.739978584,0.05443672,0.619702466,14136.65722,1988,0.289600915,29448.81663,2090.485606,0.144800458,4516,CBA
Saxidomus_giganteus-Pacific_Northeast,Saxidomus giganteus,Butter clam,"Clams, cockles, arkshells",Pacific Northeast,0.408814829,0.461573614,0.493301199,0.529076718,0.60708333,0.051479724,0.497466419,14136.65722,1989,0.289600915,29448.81663,2090.485606,0.144800458,3566,CBA
Saxidomus_giganteus-Pacific_Northeast,Saxidomus giganteus,Butter clam,"Clams, cockles, arkshells",Pacific Northeast,0.336577873,0.398211011,0.430447632,0.465909774,0.541120418,0.05077129,0.432877103,14136.65722,1990,0.289600915,29448.81663,2090.485606,0.144800458,2483,CBA
Saxidomus_giganteus-Pacific_Northeast,Saxidomus giganteus,Butter clam,"Clams, cockles, arkshells",Pacific Northeast,0.339102704,0.393329306,0.423551167,0.456927609,0.529781487,0.048331461,0.425535018,14136.65722,1991,0.289600915,29448.81663,2090.485606,0.144800458,1479,CBA
Saxidomus_giganteus-Pacific_Northeast,Saxidomus giganteus,Butter clam,"Clams, cockles, arkshells",Pacific Northeast,0.342954308,0.393444243,0.424871674,0.455601991,0.524344753,0.04651103,0.426522376,14136.65722,1992,0.289600915,29448.81663,2090.485606,0.144800458,1338,CBA
Saxidomus_giganteus-Pacific_Northeast,Saxidomus giganteus,Butter clam,"Clams, cockles, arkshells",Pacific Northeast,0.351211923,0.397682723,0.423075377,0.454660882,0.522441464,0.04401138,0.427063479,14136.65722,1993,0.289600915,29448.81663,2090.485606,0.144800458,1352,CBA
Saxidomus_giganteus-Pacific_Northeast,Saxidomus giganteus,Butter clam,"Clams, cockles, arkshells",Pacific Northeast,0.320122651,0.368049132,0.395748702,0.424615511,0.480718799,0.041952063,0.39782447,14136.65722,1994,0.289600915,29448.81663,2090.485606,0.144800458,1797,CBA
Saxidomus_giganteus-Pacific_Northeast,Saxidomus giganteus,Butter clam,"Clams, cockles, arkshells",Pacific Northeast,0.29572084,0.340693967,0.365609409,0.392705608,0.450577321,0.040464977,0.368068968,14136.65722,1995,0.289600915,29448.81663,2090.485606,0.144800458,1728,CBA
Saxidomus_giganteus-Pacific_Northeast,Saxidomus giganteus,Butter clam,"Clams, cockles, arkshells",Pacific Northeast,0.284220087,0.329690348,0.351819477,0.378494672,0.439512759,0.037963965,0.355346395,14136.65722,1996,0.289600915,29448.81663,2090.485606,0.144800458,1431,CBA
Saxidomus_giganteus-Pacific_Northeast,Saxidomus giganteus,Butter clam,"Clams, cockles, arkshells",Pacific Northeast,0.282519652,0.324540881,0.347197903,0.374196161,0.426113945,0.036376988,0.349163605,14136.65722,1997,0.289600915,29448.81663,2090.485606,0.144800458,1293,CBA
Saxidomus_giganteus-Pacific_Northeast,Saxidomus giganteus,Butter clam,"Clams, cockles, arkshells",Pacific Northeast,0.246139942,0.28557661,0.308950858,0.334771764,0.389866154,0.036940867,0.311439275,14136.65722,1998,0.289600915,29448.81663,2090.485606,0.144800458,1726,CBA
Saxidomus_giganteus-Pacific_Northeast,Saxidomus giganteus,Butter clam,"Clams, cockles, arkshells",Pacific Northeast,0.255122687,0.289961729,0.312972824,0.338655362,0.398692056,0.036186717,0.315543078,14136.65722,1999,0.289600915,29448.81663,2090.485606,0.144800458,1019,CBA
Saxidomus_giganteus-Pacific_Northeast,Saxidomus giganteus,Butter clam,"Clams, cockles, arkshells",Pacific Northeast,0.253056653,0.288957838,0.309356638,0.335325782,0.394288508,0.03510493,0.313586579,14136.65722,2000,0.289600915,29448.81663,2090.485606,0.144800458,1113,CBA
Saxidomus_giganteus-Pacific_Northeast,Saxidomus giganteus,Butter clam,"Clams, cockles, arkshells",Pacific Northeast,0.252154601,0.28152516,0.302462306,0.327382824,0.389003346,0.034075248,0.306862215,14136.65722,2001,0.289600915,29448.81663,2090.485606,0.144800458,1159,CBA
Saxidomus_giganteus-Pacific_Northeast,Saxidomus giganteus,Butter clam,"Clams, cockles, arkshells",Pacific Northeast,0.225961294,0.25414291,0.276198274,0.304210977,0.365961747,0.035396858,0.281519271,14136.65722,2002,0.289600915,29448.81663,2090.485606,0.144800458,1428,CBA
Saxidomus_giganteus-Pacific_Northeast,Saxidomus giganteus,Butter clam,"Clams, cockles, arkshells",Pacific Northeast,0.207605949,0.232857993,0.25328233,0.283759338,0.345797368,0.037476564,0.260539719,14136.65722,2003,0.289600915,29448.81663,2090.485606,0.144800458,1294,CBA
Saxidomus_giganteus-Pacific_Northeast,Saxidomus giganteus,Butter clam,"Clams, cockles, arkshells",Pacific Northeast,0.179660632,0.207166822,0.230427757,0.264342237,0.332176936,0.040969916,0.238221373,14136.65722,2004,0.289600915,29448.81663,2090.485606,0.144800458,1244,CBA
Saxidomus_giganteus-Pacific_Northeast,Saxidomus giganteus,Butter clam,"Clams, cockles, arkshells",Pacific Northeast,0.153244726,0.182576105,0.2082328,0.245864565,0.320456669,0.046330628,0.217383299,14136.65722,2005,0.289600915,29448.81663,2090.485606,0.144800458,1161,CBA
Saxidomus_giganteus-Pacific_Northeast,Saxidomus giganteus,Butter clam,"Clams, cockles, arkshells",Pacific Northeast,0.138948371,0.171973964,0.199665387,0.244737709,0.331780005,0.053481138,0.211796025,14136.65722,2006,0.289600915,29448.81663,2090.485606,0.144800458,856,CBA
Saxidomus_giganteus-Pacific_Northeast,Saxidomus giganteus,Butter clam,"Clams, cockles, arkshells",Pacific Northeast,0.134988428,0.171972625,0.208664257,0.257189987,0.356977386,0.060724322,0.218959784,14136.65722,2007,0.289600915,29448.81663,2090.485606,0.144800458,660,CBA
Saxidomus_giganteus-Pacific_Northeast,Saxidomus giganteus,Butter clam,"Clams, cockles, arkshells",Pacific Northeast,0.127196118,0.168799632,0.211538633,0.267955537,0.379387663,0.070316297,0.222754771,14136.65722,2008,0.289600915,29448.81663,2090.485606,0.144800458,726,CBA
Saxidomus_giganteus-Pacific_Northeast,Saxidomus giganteus,Butter clam,"Clams, cockles, arkshells",Pacific Northeast,0.112177922,0.159982557,0.219888361,0.282666313,0.405613808,0.082015611,0.227260687,14136.65722,2009,0.289600915,29448.81663,2090.485606,0.144800458,721,CBA
Saxidomus_giganteus-Pacific_Northeast,Saxidomus giganteus,Butter clam,"Clams, cockles, arkshells",Pacific Northeast,0.104639221,0.163630408,0.235238736,0.307405173,0.446078572,0.095425375,0.242901838,14136.65722,2010,0.289600915,29448.81663,2090.485606,0.144800458,578,CBA
Saxidomus_giganteus-Pacific_Northeast,Saxidomus giganteus,Butter clam,"Clams, cockles, arkshells",Pacific Northeast,0.094570856,0.165126968,0.259176094,0.34408931,0.48361369,0.111085216,0.262350428,14136.65722,2011,0.289600915,29448.81663,2090.485606,0.144800458,569,CBA
Saxidomus_giganteus-Pacific_Northeast,Saxidomus giganteus,Butter clam,"Clams, cockles, arkshells",Pacific Northeast,0.092197281,0.179663221,0.287344178,0.391037842,0.531084397,0.129185111,0.292334028,14136.65722,2012,0.289600915,29448.81663,2090.485606,0.144800458,447,CBA
Saxidomus_giganteus-Pacific_Northeast,Saxidomus giganteus,Butter clam,"Clams, cockles, arkshells",Pacific Northeast,0.087698798,0.196361486,0.33640031,0.444523915,0.595520533,0.149865293,0.327304174,14136.65722,2013,0.289600915,29448.81663,2090.485606,0.144800458,461,CBA
Saxidomus_giganteus-Pacific_Northeast,Saxidomus giganteus,Butter clam,"Clams, cockles, arkshells",Pacific Northeast,0.083420772,0.219386735,0.391183474,0.519106397,0.659049213,0.174057748,0.372418291,14136.65722,2014,0.289600915,29448.81663,2090.485606,0.144800458,410,CBA
Saxidomus_giganteus-Pacific_Northeast,Saxidomus giganteus,Butter clam,"Clams, cockles, arkshells",Pacific Northeast,0.074400032,0.237072143,0.447689541,0.592602914,0.72112126,0.200703596,0.41765181,14136.65722,2015,0.289600915,29448.81663,2090.485606,0.144800458,504,CBA
Saxidomus_giganteus-Pacific_Northeast,Saxidomus giganteus,Butter clam,"Clams, cockles, arkshells",Pacific Northeast,0.058686911,0.274558473,0.504044558,0.683665297,0.789660356,0.232534207,0.469046965,14136.65722,2016,0.289600915,29448.81663,2090.485606,0.144800458,524,CBA
Scylla_serrata-Indian Ocean_Eastern,Scylla serrata,Indo-Pacific swamp crab,"Crabs, sea-spiders",Indian Ocean Eastern,1.097150419,1.321371013,1.48522989,1.676740262,1.941777445,0.232021753,1.500619327,50424.77736,1974,0.638214563,82284.50663,12429.9656,0.319107281,102,Domestic
Scylla_serrata-Indian Ocean_Eastern,Scylla serrata,Indo-Pacific swamp crab,"Crabs, sea-spiders",Indian Ocean Eastern,1.253866065,1.522947265,1.689153545,1.829039986,1.973761554,0.199033136,1.666565748,50424.77736,1975,0.638214563,82284.50663,12429.9656,0.319107281,1116,Domestic
Scylla_serrata-Indian Ocean_Eastern,Scylla serrata,Indo-Pacific swamp crab,"Crabs, sea-spiders",Indian Ocean Eastern,1.388723461,1.671220122,1.800103444,1.89397036,1.98641276,0.161237029,1.768031985,50424.77736,1976,0.638214563,82284.50663,12429.9656,0.319107281,873,Domestic
Scylla_serrata-Indian Ocean_Eastern,Scylla serrata,Indo-Pacific swamp crab,"Crabs, sea-spiders",Indian Ocean Eastern,1.492963794,1.749454749,1.845979382,1.91856186,1.989411658,0.131078557,1.818974606,50424.77736,1977,0.638214563,82284.50663,12429.9656,0.319107281,1014,Domestic
Scylla_serrata-Indian Ocean_Eastern,Scylla serrata,Indo-Pacific swamp crab,"Crabs, sea-spiders",Indian Ocean Eastern,1.511444934,1.721245786,1.799946756,1.871352901,1.974802629,0.117489492,1.78730379,50424.77736,1978,0.638214563,82284.50663,12429.9656,0.319107281,4162,Domestic
Scylla_serrata-Indian Ocean_Eastern,Scylla serrata,Indo-Pacific swamp crab,"Crabs, sea-spiders",Indian Ocean Eastern,1.558793762,1.753544578,1.832852152,1.901475506,1.986784471,0.111400905,1.818714961,50424.77736,1979,0.638214563,82284.50663,12429.9656,0.319107281,2187,Domestic
Scylla_serrata-Indian Ocean_Eastern,Scylla serrata,Indo-Pacific swamp crab,"Crabs, sea-spiders",Indian Ocean Eastern,1.584994345,1.758303547,1.831772122,1.897615554,1.983126421,0.104347556,1.820524905,50424.77736,1980,0.638214563,82284.50663,12429.9656,0.319107281,2702,Domestic
Scylla_serrata-Indian Ocean_Eastern,Scylla serrata,Indo-Pacific swamp crab,"Crabs, sea-spiders",Indian Ocean Eastern,1.597429671,1.766859717,1.838434594,1.904324675,1.985237154,0.100951761,1.82827443,50424.77736,1981,0.638214563,82284.50663,12429.9656,0.319107281,2483,Domestic
Scylla_serrata-Indian Ocean_Eastern,Scylla serrata,Indo-Pacific swamp crab,"Crabs, sea-spiders",Indian Ocean Eastern,1.612415899,1.76709063,1.838886559,1.903730753,1.985323486,0.098215942,1.829381126,50424.77736,1982,0.638214563,82284.50663,12429.9656,0.319107281,2548,Domestic
Scylla_serrata-Indian Ocean_Eastern,Scylla serrata,Indo-Pacific swamp crab,"Crabs, sea-spiders",Indian Ocean Eastern,1.638409967,1.786826528,1.855422745,1.916808912,1.989272189,0.093660757,1.845504992,50424.77736,1983,0.638214563,82284.50663,12429.9656,0.319107281,1813,Domestic
Scylla_serrata-Indian Ocean_Eastern,Scylla serrata,Indo-Pacific swamp crab,"Crabs, sea-spiders",Indian Ocean Eastern,1.633071263,1.777179641,1.845067613,1.908275479,1.986186741,0.093880221,1.837176716,50424.77736,1984,0.638214563,82284.50663,12429.9656,0.319107281,2687,Domestic
Scylla_serrata-Indian Ocean_Eastern,Scylla serrata,Indo-Pacific swamp crab,"Crabs, sea-spiders",Indian Ocean Eastern,1.615027187,1.760220511,1.829043109,1.892510469,1.981208226,0.095646825,1.821539206,50424.77736,1985,0.638214563,82284.50663,12429.9656,0.319107281,3329,Domestic
Scylla_serrata-Indian Ocean_Eastern,Scylla serrata,Indo-Pacific swamp crab,"Crabs, sea-spiders",Indian Ocean Eastern,1.622095192,1.766779365,1.836548642,1.901629456,1.984568431,0.095893326,1.828965596,50424.77736,1986,0.638214563,82284.50663,12429.9656,0.319107281,2762,Domestic
Scylla_serrata-Indian Ocean_Eastern,Scylla serrata,Indo-Pacific swamp crab,"Crabs, sea-spiders",Indian Ocean Eastern,1.610849325,1.75800763,1.829013518,1.894508107,1.982092454,0.097878491,1.821312234,50424.77736,1987,0.638214563,82284.50663,12429.9656,0.319107281,3252,Domestic
Scylla_serrata-Indian Ocean_Eastern,Scylla serrata,Indo-Pacific swamp crab,"Crabs, sea-spiders",Indian Ocean Eastern,1.604596691,1.75315676,1.821219816,1.887107182,1.98008814,0.097949542,1.815239732,50424.77736,1988,0.638214563,82284.50663,12429.9656,0.319107281,3464,Domestic
Scylla_serrata-Indian Ocean_Eastern,Scylla serrata,Indo-Pacific swamp crab,"Crabs, sea-spiders",Indian Ocean Eastern,1.598354104,1.742429009,1.813601292,1.880429514,1.977300885,0.099069083,1.807337221,50424.77736,1989,0.638214563,82284.50663,12429.9656,0.319107281,3687,Domestic
Scylla_serrata-Indian Ocean_Eastern,Scylla serrata,Indo-Pacific swamp crab,"Crabs, sea-spiders",Indian Ocean Eastern,1.603003737,1.753025662,1.824414851,1.889414802,1.981868541,0.098329291,1.816989366,50424.77736,1990,0.638214563,82284.50663,12429.9656,0.319107281,3126,Domestic
Scylla_serrata-Indian Ocean_Eastern,Scylla serrata,Indo-Pacific swamp crab,"Crabs, sea-spiders",Indian Ocean Eastern,1.596227022,1.747168486,1.817675102,1.883812345,1.97836099,0.099578781,1.810809775,50424.77736,1991,0.638214563,82284.50663,12429.9656,0.319107281,3653,Domestic
Scylla_serrata-Indian Ocean_Eastern,Scylla serrata,Indo-Pacific swamp crab,"Crabs, sea-spiders",Indian Ocean Eastern,1.573676291,1.720800381,1.792241593,1.859465763,1.967984564,0.101967505,1.786960122,50424.77736,1992,0.638214563,82284.50663,12429.9656,0.319107281,4674,Domestic
Scylla_serrata-Indian Ocean_Eastern,Scylla serrata,Indo-Pacific swamp crab,"Crabs, sea-spiders",Indian Ocean Eastern,1.572263566,1.721950003,1.797529609,1.868643047,1.973834142,0.104673286,1.791640859,50424.77736,1993,0.638214563,82284.50663,12429.9656,0.319107281,4041,Domestic
Scylla_serrata-Indian Ocean_Eastern,Scylla serrata,Indo-Pacific swamp crab,"Crabs, sea-spiders",Indian Ocean Eastern,1.517397079,1.660741851,1.734961997,1.806211543,1.934967866,0.106728229,1.732386691,50424.77736,1994,0.638214563,82284.50663,12429.9656,0.319107281,6671,Domestic
Scylla_serrata-Indian Ocean_Eastern,Scylla serrata,Indo-Pacific swamp crab,"Crabs, sea-spiders",Indian Ocean Eastern,1.493099983,1.649639981,1.725928715,1.800048607,1.931996196,0.111533109,1.7230209,50424.77736,1995,0.638214563,82284.50663,12429.9656,0.319107281,5859,Domestic
Scylla_serrata-Indian Ocean_Eastern,Scylla serrata,Indo-Pacific swamp crab,"Crabs, sea-spiders",Indian Ocean Eastern,1.489421004,1.660068594,1.740152073,1.817326354,1.943914461,0.116184112,1.734981067,50424.77736,1996,0.638214563,82284.50663,12429.9656,0.319107281,5124,Domestic
Scylla_serrata-Indian Ocean_Eastern,Scylla serrata,Indo-Pacific swamp crab,"Crabs, sea-spiders",Indian Ocean Eastern,1.468041373,1.640868587,1.719899453,1.794006872,1.929034775,0.116111922,1.714525299,50424.77736,1997,0.638214563,82284.50663,12429.9656,0.319107281,6175,Domestic
Scylla_serrata-Indian Ocean_Eastern,Scylla serrata,Indo-Pacific swamp crab,"Crabs, sea-spiders",Indian Ocean Eastern,1.44800211,1.618499001,1.699948086,1.776422378,1.915374026,0.118134077,1.694690901,50424.77736,1998,0.638214563,82284.50663,12429.9656,0.319107281,6540,Domestic
Scylla_serrata-Indian Ocean_Eastern,Scylla serrata,Indo-Pacific swamp crab,"Crabs, sea-spiders",Indian Ocean Eastern,1.4164372,1.592017685,1.675969228,1.753630701,1.898823315,0.121624202,1.671075413,50424.77736,1999,0.638214563,82284.50663,12429.9656,0.319107281,7075,Domestic
Scylla_serrata-Indian Ocean_Eastern,Scylla serrata,Indo-Pacific swamp crab,"Crabs, sea-spiders",Indian Ocean Eastern,1.366786614,1.547367112,1.628322009,1.709543201,1.852664397,0.123315801,1.624942073,50424.77736,2000,0.638214563,82284.50663,12429.9656,0.319107281,8352,Domestic
Scylla_serrata-Indian Ocean_Eastern,Scylla serrata,Indo-Pacific swamp crab,"Crabs, sea-spiders",Indian Ocean Eastern,1.370521431,1.562524174,1.652849463,1.739571388,1.891769236,0.131622887,1.64761497,50424.77736,2001,0.638214563,82284.50663,12429.9656,0.319107281,6400,Domestic
Scylla_serrata-Indian Ocean_Eastern,Scylla serrata,Indo-Pacific swamp crab,"Crabs, sea-spiders",Indian Ocean Eastern,1.361206016,1.560543725,1.651601348,1.736118986,1.889998825,0.133013601,1.644094648,50424.77736,2002,0.638214563,82284.50663,12429.9656,0.319107281,7011,Domestic
Scylla_serrata-Indian Ocean_Eastern,Scylla serrata,Indo-Pacific swamp crab,"Crabs, sea-spiders",Indian Ocean Eastern,1.398233343,1.612381944,1.71007017,1.796422082,1.937716078,0.137180025,1.698403699,50424.77736,2003,0.638214563,82284.50663,12429.9656,0.319107281,4686,Domestic
Scylla_serrata-Indian Ocean_Eastern,Scylla serrata,Indo-Pacific swamp crab,"Crabs, sea-spiders",Indian Ocean Eastern,1.4157142,1.619383329,1.709784165,1.792400346,1.934113638,0.13093534,1.70074356,50424.77736,2004,0.638214563,82284.50663,12429.9656,0.319107281,5675,Domestic
Scylla_serrata-Indian Ocean_Eastern,Scylla serrata,Indo-Pacific swamp crab,"Crabs, sea-spiders",Indian Ocean Eastern,1.454015379,1.658297154,1.748992678,1.830499346,1.960301749,0.128808828,1.737962282,50424.77736,2005,0.638214563,82284.50663,12429.9656,0.319107281,4273,Domestic
Scylla_serrata-Indian Ocean_Eastern,Scylla serrata,Indo-Pacific swamp crab,"Crabs, sea-spiders",Indian Ocean Eastern,1.439646876,1.624000085,1.708513291,1.785667805,1.922449838,0.122475469,1.700920912,50424.77736,2006,0.638214563,82284.50663,12429.9656,0.319107281,6657,Domestic
Scylla_serrata-Indian Ocean_Eastern,Scylla serrata,Indo-Pacific swamp crab,"Crabs, sea-spiders",Indian Ocean Eastern,1.436847699,1.618949693,1.702531736,1.781659889,1.920555273,0.122867987,1.696505391,50424.77736,2007,0.638214563,82284.50663,12429.9656,0.319107281,6162,Domestic
Scylla_serrata-Indian Ocean_Eastern,Scylla serrata,Indo-Pacific swamp crab,"Crabs, sea-spiders",Indian Ocean Eastern,1.469664631,1.653120442,1.739964433,1.819382257,1.949687799,0.12274037,1.731492551,50424.77736,2008,0.638214563,82284.50663,12429.9656,0.319107281,4705,Domestic
Scylla_serrata-Indian Ocean_Eastern,Scylla serrata,Indo-Pacific swamp crab,"Crabs, sea-spiders",Indian Ocean Eastern,1.483046786,1.657186585,1.739570989,1.816311156,1.944893947,0.117656542,1.732823795,50424.77736,2009,0.638214563,82284.50663,12429.9656,0.319107281,5385,Domestic
Scylla_serrata-Indian Ocean_Eastern,Scylla serrata,Indo-Pacific swamp crab,"Crabs, sea-spiders",Indian Ocean Eastern,1.505957713,1.663791862,1.742679104,1.819415069,1.948261234,0.113312126,1.738944335,50424.77736,2010,0.638214563,82284.50663,12429.9656,0.319107281,5342,Domestic
Scylla_serrata-Indian Ocean_Eastern,Scylla serrata,Indo-Pacific swamp crab,"Crabs, sea-spiders",Indian Ocean Eastern,1.348393807,1.472798699,1.54259186,1.617856237,1.76426444,0.106361989,1.546911807,50424.77736,2011,0.638214563,82284.50663,12429.9656,0.319107281,13245,Domestic
Scylla_serrata-Indian Ocean_Eastern,Scylla serrata,Indo-Pacific swamp crab,"Crabs, sea-spiders",Indian Ocean Eastern,1.235066234,1.358971421,1.431262288,1.511486171,1.67345491,0.112450928,1.437979392,50424.77736,2012,0.638214563,82284.50663,12429.9656,0.319107281,13350,Domestic
Scylla_serrata-Indian Ocean_Eastern,Scylla serrata,Indo-Pacific swamp crab,"Crabs, sea-spiders",Indian Ocean Eastern,1.145452545,1.269681521,1.34677843,1.437271372,1.621403083,0.12254589,1.357708323,50424.77736,2013,0.638214563,82284.50663,12429.9656,0.319107281,13527,Domestic
Scylla_serrata-Indian Ocean_Eastern,Scylla serrata,Indo-Pacific swamp crab,"Crabs, sea-spiders",Indian Ocean Eastern,1.075621177,1.19748229,1.283171196,1.38722754,1.587879825,0.135019729,1.297914846,50424.77736,2014,0.638214563,82284.50663,12429.9656,0.319107281,13443,Domestic
Scylla_serrata-Indian Ocean_Eastern,Scylla serrata,Indo-Pacific swamp crab,"Crabs, sea-spiders",Indian Ocean Eastern,0.851733191,0.947327731,1.047258257,1.178271947,1.4091884,0.153481115,1.072796233,50424.77736,2015,0.638214563,82284.50663,12429.9656,0.319107281,20191,Domestic
Scylla_serrata-Indian Ocean_Eastern,Scylla serrata,Indo-Pacific swamp crab,"Crabs, sea-spiders",Indian Ocean Eastern,0.609369189,0.704430834,0.841027209,1.012672715,1.298240235,0.195667059,0.87279514,50424.77736,2016,0.638214563,82284.50663,12429.9656,0.319107281,20155,Domestic
Scylla_serrata-Pacific_Western Central,Scylla serrata,Indo-Pacific swamp crab,"Crabs, sea-spiders",Pacific Western Central,1.014420419,1.263585619,1.41508034,1.582389794,1.878062557,0.229925005,1.425543899,141625.5746,1950,0.352520602,219801.1795,19057.99023,0.176260301,100,Domestic
Scylla_serrata-Pacific_Western Central,Scylla serrata,Indo-Pacific swamp crab,"Crabs, sea-spiders",Pacific Western Central,1.14832525,1.395220431,1.542530135,1.680697883,1.897019092,0.200389755,1.537861028,141625.5746,1951,0.352520602,219801.1795,19057.99023,0.176260301,500,Domestic
Scylla_serrata-Pacific_Western Central,Scylla serrata,Indo-Pacific swamp crab,"Crabs, sea-spiders",Pacific Western Central,1.264674646,1.518966374,1.639022709,1.768282087,1.945046539,0.173816982,1.634150098,141625.5746,1952,0.352520602,219801.1795,19057.99023,0.176260301,500,Domestic
Scylla_serrata-Pacific_Western Central,Scylla serrata,Indo-Pacific swamp crab,"Crabs, sea-spiders",Pacific Western Central,1.35603779,1.596108641,1.709798303,1.8158018,1.950477026,0.154310276,1.695859541,141625.5746,1953,0.352520602,219801.1795,19057.99023,0.176260301,600,Domestic
Scylla_serrata-Pacific_Western Central,Scylla serrata,Indo-Pacific swamp crab,"Crabs, sea-spiders",Pacific Western Central,1.448679381,1.661998733,1.753549795,1.844618554,1.972607016,0.139673468,1.743384453,141625.5746,1954,0.352520602,219801.1795,19057.99023,0.176260301,600,Domestic
Scylla_serrata-Pacific_Western Central,Scylla serrata,Indo-Pacific swamp crab,"Crabs, sea-spiders",Pacific Western Central,1.477511517,1.700442203,1.792516442,1.872221619,1.981696949,0.128445773,1.776725994,141625.5746,1955,0.352520602,219801.1795,19057.99023,0.176260301,600,Domestic
Scylla_serrata-Pacific_Western Central,Scylla serrata,Indo-Pacific swamp crab,"Crabs, sea-spiders",Pacific Western Central,1.542799862,1.727168813,1.814143604,1.890786722,1.984748381,0.11596592,1.80141965,141625.5746,1956,0.352520602,219801.1795,19057.99023,0.176260301,600,Domestic
Scylla_serrata-Pacific_Western Central,Scylla serrata,Indo-Pacific swamp crab,"Crabs, sea-spiders",Pacific Western Central,1.588827883,1.763839856,1.832018961,1.894980442,1.985658764,0.103751712,1.821617238,141625.5746,1957,0.352520602,219801.1795,19057.99023,0.176260301,600,Domestic
Scylla_serrata-Pacific_Western Central,Scylla serrata,Indo-Pacific swamp crab,"Crabs, sea-spiders",Pacific Western Central,1.616471581,1.765409905,1.833225298,1.896518461,1.980307096,0.09723345,1.82344325,141625.5746,1958,0.352520602,219801.1795,19057.99023,0.176260301,600,Domestic
Scylla_serrata-Pacific_Western Central,Scylla serrata,Indo-Pacific swamp crab,"Crabs, sea-spiders",Pacific Western Central,1.609632476,1.76233364,1.841968585,1.899761287,1.978376422,0.098008092,1.826204012,141625.5746,1959,0.352520602,219801.1795,19057.99023,0.176260301,600,Domestic
Scylla_serrata-Pacific_Western Central,Scylla serrata,Indo-Pacific swamp crab,"Crabs, sea-spiders",Pacific Western Central,1.641677312,1.768510703,1.83696625,1.898018561,1.982133121,0.094160415,1.829328388,141625.5746,1960,0.352520602,219801.1795,19057.99023,0.176260301,600,Domestic
Scylla_serrata-Pacific_Western Central,Scylla serrata,Indo-Pacific swamp crab,"Crabs, sea-spiders",Pacific Western Central,1.616001815,1.76989036,1.844240849,1.906836372,1.984985662,0.096512422,1.83390165,141625.5746,1961,0.352520602,219801.1795,19057.99023,0.176260301,800,Domestic
Scylla_serrata-Pacific_Western Central,Scylla serrata,Indo-Pacific swamp crab,"Crabs, sea-spiders",Pacific Western Central,1.635808679,1.776409594,1.841314279,1.896540574,1.978559797,0.089417419,1.832206559,141625.5746,1962,0.352520602,219801.1795,19057.99023,0.176260301,800,Domestic
Scylla_serrata-Pacific_Western Central,Scylla serrata,Indo-Pacific swamp crab,"Crabs, sea-spiders",Pacific Western Central,1.644824191,1.768875479,1.838212673,1.89664594,1.985352799,0.093706931,1.831199055,141625.5746,1963,0.352520602,219801.1795,19057.99023,0.176260301,800,Domestic
Scylla_serrata-Pacific_Western Central,Scylla serrata,Indo-Pacific swamp crab,"Crabs, sea-spiders",Pacific Western Central,1.631090351,1.771434202,1.840489258,1.904323331,1.97707409,0.093549918,1.831815682,141625.5746,1964,0.352520602,219801.1795,19057.99023,0.176260301,900,Domestic
Scylla_serrata-Pacific_Western Central,Scylla serrata,Indo-Pacific swamp crab,"Crabs, sea-spiders",Pacific Western Central,1.648479417,1.76903925,1.835060212,1.890343284,1.977835002,0.089312219,1.826536281,141625.5746,1965,0.352520602,219801.1795,19057.99023,0.176260301,1000,Domestic
Scylla_serrata-Pacific_Western Central,Scylla serrata,Indo-Pacific swamp crab,"Crabs, sea-spiders",Pacific Western Central,1.644067896,1.772813194,1.842723395,1.902196544,1.986224248,0.093528268,1.834040982,141625.5746,1966,0.352520602,219801.1795,19057.99023,0.176260301,1100,Domestic
Scylla_serrata-Pacific_Western Central,Scylla serrata,Indo-Pacific swamp crab,"Crabs, sea-spiders",Pacific Western Central,1.634492279,1.777317026,1.839783432,1.906101816,1.987313688,0.094071477,1.835049265,141625.5746,1967,0.352520602,219801.1795,19057.99023,0.176260301,1000,Domestic
Scylla_serrata-Pacific_Western Central,Scylla serrata,Indo-Pacific swamp crab,"Crabs, sea-spiders",Pacific Western Central,1.644605796,1.773789485,1.84617974,1.909289109,1.98323955,0.093417534,1.837552919,141625.5746,1968,0.352520602,219801.1795,19057.99023,0.176260301,1100,Domestic
Scylla_serrata-Pacific_Western Central,Scylla serrata,Indo-Pacific swamp crab,"Crabs, sea-spiders",Pacific Western Central,1.648967841,1.782946515,1.846719362,1.913389344,1.98995757,0.091519379,1.841408629,141625.5746,1969,0.352520602,219801.1795,19057.99023,0.176260301,1200,Domestic
Scylla_serrata-Pacific_Western Central,Scylla serrata,Indo-Pacific swamp crab,"Crabs, sea-spiders",Pacific Western Central,1.621990318,1.759927252,1.831511362,1.895236477,1.982018065,0.093568439,1.823373017,141625.5746,1970,0.352520602,219801.1795,19057.99023,0.176260301,4400,Domestic
Scylla_serrata-Pacific_Western Central,Scylla serrata,Indo-Pacific swamp crab,"Crabs, sea-spiders",Pacific Western Central,1.606458479,1.739906819,1.810022839,1.880744288,1.976758792,0.097326885,1.807770682,141625.5746,1971,0.352520602,219801.1795,19057.99023,0.176260301,4700,Domestic
Scylla_serrata-Pacific_Western Central,Scylla serrata,Indo-Pacific swamp crab,"Crabs, sea-spiders",Pacific Western Central,1.58640371,1.736044755,1.807114108,1.87718279,1.967571457,0.098578281,1.802489085,141625.5746,1972,0.352520602,219801.1795,19057.99023,0.176260301,4300,Domestic
Scylla_serrata-Pacific_Western Central,Scylla serrata,Indo-Pacific swamp crab,"Crabs, sea-spiders",Pacific Western Central,1.596884243,1.726627405,1.802223011,1.881400315,1.972144688,0.104127157,1.799346538,141625.5746,1973,0.352520602,219801.1795,19057.99023,0.176260301,4000,Domestic
Scylla_serrata-Pacific_Western Central,Scylla serrata,Indo-Pacific swamp crab,"Crabs, sea-spiders",Pacific Western Central,1.569007867,1.72129084,1.786859675,1.86043329,1.974122898,0.103591998,1.785622179,141625.5746,1974,0.352520602,219801.1795,19057.99023,0.176260301,5848,Domestic
Scylla_serrata-Pacific_Western Central,Scylla serrata,Indo-Pacific swamp crab,"Crabs, sea-spiders",Pacific Western Central,1.564994889,1.700299064,1.787261043,1.855684267,1.968724627,0.104853265,1.778475356,141625.5746,1975,0.352520602,219801.1795,19057.99023,0.176260301,5729,Domestic
Scylla_serrata-Pacific_Western Central,Scylla serrata,Indo-Pacific swamp crab,"Crabs, sea-spiders",Pacific Western Central,1.558511019,1.706567433,1.78128387,1.851569739,1.968670339,0.108525917,1.777987002,141625.5746,1976,0.352520602,219801.1795,19057.99023,0.176260301,4781,Domestic
Scylla_serrata-Pacific_Western Central,Scylla serrata,Indo-Pacific swamp crab,"Crabs, sea-spiders",Pacific Western Central,1.55876297,1.690369153,1.773199803,1.847754969,1.965729305,0.107860723,1.768944131,141625.5746,1977,0.352520602,219801.1795,19057.99023,0.176260301,5934,Domestic
Scylla_serrata-Pacific_Western Central,Scylla serrata,Indo-Pacific swamp crab,"Crabs, sea-spiders",Pacific Western Central,1.550056342,1.706342953,1.779540675,1.859501385,1.967631594,0.107638636,1.777049858,141625.5746,1978,0.352520602,219801.1795,19057.99023,0.176260301,3734,Domestic
Scylla_serrata-Pacific_Western Central,Scylla serrata,Indo-Pacific swamp crab,"Crabs, sea-spiders",Pacific Western Central,1.581526219,1.72849449,1.806931283,1.871751945,1.964621001,0.101689143,1.796676333,141625.5746,1979,0.352520602,219801.1795,19057.99023,0.176260301,3329,Domestic
Scylla_serrata-Pacific_Western Central,Scylla serrata,Indo-Pacific swamp crab,"Crabs, sea-spiders",Pacific Western Central,1.59167564,1.727428984,1.801345454,1.881389608,1.977620963,0.103332259,1.799723848,141625.5746,1980,0.352520602,219801.1795,19057.99023,0.176260301,3349,Domestic
Scylla_serrata-Pacific_Western Central,Scylla serrata,Indo-Pacific swamp crab,"Crabs, sea-spiders",Pacific Western Central,1.568638152,1.731061809,1.809402665,1.87480667,1.967917169,0.103749689,1.798957607,141625.5746,1981,0.352520602,219801.1795,19057.99023,0.176260301,4553,Domestic
Scylla_serrata-Pacific_Western Central,Scylla serrata,Indo-Pacific swamp crab,"Crabs, sea-spiders",Pacific Western Central,1.578807906,1.723440853,1.7917501,1.857097472,1.972826845,0.101315252,1.787070694,141625.5746,1982,0.352520602,219801.1795,19057.99023,0.176260301,5655,Domestic
Scylla_serrata-Pacific_Western Central,Scylla serrata,Indo-Pacific swamp crab,"Crabs, sea-spiders",Pacific Western Central,1.590006548,1.722808028,1.796138846,1.869267235,1.972432468,0.101468893,1.79071642,141625.5746,1983,0.352520602,219801.1795,19057.99023,0.176260301,4701,Domestic
Scylla_serrata-Pacific_Western Central,Scylla serrata,Indo-Pacific swamp crab,"Crabs, sea-spiders",Pacific Western Central,1.571124481,1.720214014,1.801819219,1.877505933,1.973829644,0.109203716,1.793859098,141625.5746,1984,0.352520602,219801.1795,19057.99023,0.176260301,4988,Domestic
Scylla_serrata-Pacific_Western Central,Scylla serrata,Indo-Pacific swamp crab,"Crabs, sea-spiders",Pacific Western Central,1.561358568,1.71452838,1.791765749,1.867417662,1.973740977,0.107720226,1.785364903,141625.5746,1985,0.352520602,219801.1795,19057.99023,0.176260301,5720,Domestic
Scylla_serrata-Pacific_Western Central,Scylla serrata,Indo-Pacific swamp crab,"Crabs, sea-spiders",Pacific Western Central,1.54585255,1.710426407,1.791069763,1.865931186,1.967146377,0.108545467,1.785114219,141625.5746,1986,0.352520602,219801.1795,19057.99023,0.176260301,6078,Domestic
Scylla_serrata-Pacific_Western Central,Scylla serrata,Indo-Pacific swamp crab,"Crabs, sea-spiders",Pacific Western Central,1.560587593,1.709483163,1.788784769,1.853092236,1.959043058,0.104760604,1.779747809,141625.5746,1987,0.352520602,219801.1795,19057.99023,0.176260301,5527,Domestic
Scylla_serrata-Pacific_Western Central,Scylla serrata,Indo-Pacific swamp crab,"Crabs, sea-spiders",Pacific Western Central,1.552568254,1.710285142,1.787886097,1.867706783,1.965879372,0.110572768,1.782246332,141625.5746,1988,0.352520602,219801.1795,19057.99023,0.176260301,5474,Domestic
Scylla_serrata-Pacific_Western Central,Scylla serrata,Indo-Pacific swamp crab,"Crabs, sea-spiders",Pacific Western Central,1.536278854,1.712822646,1.797716694,1.867261157,1.977973079,0.112297188,1.785786007,141625.5746,1989,0.352520602,219801.1795,19057.99023,0.176260301,6161,Domestic
Scylla_serrata-Pacific_Western Central,Scylla serrata,Indo-Pacific swamp crab,"Crabs, sea-spiders",Pacific Western Central,1.560303134,1.714413482,1.795819157,1.868193806,1.974168768,0.113462361,1.787271591,141625.5746,1990,0.352520602,219801.1795,19057.99023,0.176260301,5858,Domestic
Scylla_serrata-Pacific_Western Central,Scylla serrata,Indo-Pacific swamp crab,"Crabs, sea-spiders",Pacific Western Central,1.562377296,1.716278248,1.794499026,1.856074231,1.966286823,0.105794086,1.782776116,141625.5746,1991,0.352520602,219801.1795,19057.99023,0.176260301,6719,Domestic
Scylla_serrata-Pacific_Western Central,Scylla serrata,Indo-Pacific swamp crab,"Crabs, sea-spiders",Pacific Western Central,1.500797535,1.643586659,1.719602278,1.800994856,1.918269826,0.109195155,1.719263399,141625.5746,1992,0.352520602,219801.1795,19057.99023,0.176260301,13907,Domestic
Scylla_serrata-Pacific_Western Central,Scylla serrata,Indo-Pacific swamp crab,"Crabs, sea-spiders",Pacific Western Central,1.423804902,1.561046104,1.644191047,1.725971817,1.877614847,0.119515383,1.646113409,141625.5746,1993,0.352520602,219801.1795,19057.99023,0.176260301,17596,Domestic
Scylla_serrata-Pacific_Western Central,Scylla serrata,Indo-Pacific swamp crab,"Crabs, sea-spiders",Pacific Western Central,1.409130114,1.557656437,1.632333211,1.717338013,1.883526103,0.121567739,1.63878982,141625.5746,1994,0.352520602,219801.1795,19057.99023,0.176260301,11720,Domestic
Scylla_serrata-Pacific_Western Central,Scylla serrata,Indo-Pacific swamp crab,"Crabs, sea-spiders",Pacific Western Central,1.38119879,1.535227253,1.622395574,1.710280035,1.881618492,0.130711976,1.623108467,141625.5746,1995,0.352520602,219801.1795,19057.99023,0.176260301,12698,Domestic
Scylla_serrata-Pacific_Western Central,Scylla serrata,Indo-Pacific swamp crab,"Crabs, sea-spiders",Pacific Western Central,1.376367107,1.543871124,1.626100929,1.714051094,1.85668892,0.125567149,1.62603392,141625.5746,1996,0.352520602,219801.1795,19057.99023,0.176260301,10614,Domestic
Scylla_serrata-Pacific_Western Central,Scylla serrata,Indo-Pacific swamp crab,"Crabs, sea-spiders",Pacific Western Central,1.429113269,1.582660706,1.657672566,1.748135378,1.887602595,0.119830723,1.662777762,141625.5746,1997,0.352520602,219801.1795,19057.99023,0.176260301,7355,Domestic
Scylla_serrata-Pacific_Western Central,Scylla serrata,Indo-Pacific swamp crab,"Crabs, sea-spiders",Pacific Western Central,1.454239669,1.614025395,1.699198169,1.775197729,1.916720649,0.121445264,1.694960792,141625.5746,1998,0.352520602,219801.1795,19057.99023,0.176260301,6744,Domestic
Scylla_serrata-Pacific_Western Central,Scylla serrata,Indo-Pacific swamp crab,"Crabs, sea-spiders",Pacific Western Central,1.458120141,1.619676049,1.709362718,1.785430401,1.918242572,0.121176262,1.700814988,141625.5746,1999,0.352520602,219801.1795,19057.99023,0.176260301,8858,Domestic
Scylla_serrata-Pacific_Western Central,Scylla serrata,Indo-Pacific swamp crab,"Crabs, sea-spiders",Pacific Western Central,1.431588316,1.633068757,1.715007406,1.803321563,1.954014052,0.127300435,1.714380299,141625.5746,2000,0.352520602,219801.1795,19057.99023,0.176260301,8817,Domestic
Scylla_serrata-Pacific_Western Central,Scylla serrata,Indo-Pacific swamp crab,"Crabs, sea-spiders",Pacific Western Central,1.429148775,1.604868324,1.69239136,1.783367796,1.923694685,0.126340597,1.690578504,141625.5746,2001,0.352520602,219801.1795,19057.99023,0.176260301,12518,Domestic
Scylla_serrata-Pacific_Western Central,Scylla serrata,Indo-Pacific swamp crab,"Crabs, sea-spiders",Pacific Western Central,1.463485151,1.621739805,1.696671815,1.784563405,1.95022308,0.121441755,1.701563393,141625.5746,2002,0.352520602,219801.1795,19057.99023,0.176260301,9491,Domestic
Scylla_serrata-Pacific_Western Central,Scylla serrata,Indo-Pacific swamp crab,"Crabs, sea-spiders",Pacific Western Central,1.437832586,1.610051128,1.690386055,1.761807033,1.912610023,0.121877996,1.682380246,141625.5746,2003,0.352520602,219801.1795,19057.99023,0.176260301,12734,Domestic
Scylla_serrata-Pacific_Western Central,Scylla serrata,Indo-Pacific swamp crab,"Crabs, sea-spiders",Pacific Western Central,1.376503451,1.549154069,1.62019221,1.702103887,1.850042576,0.120141351,1.620601347,141625.5746,2004,0.352520602,219801.1795,19057.99023,0.176260301,18756,Domestic
Scylla_serrata-Pacific_Western Central,Scylla serrata,Indo-Pacific swamp crab,"Crabs, sea-spiders",Pacific Western Central,1.363819781,1.497613574,1.575018645,1.658693477,1.828950432,0.117374702,1.579701439,141625.5746,2005,0.352520602,219801.1795,19057.99023,0.176260301,17933,Domestic
Scylla_serrata-Pacific_Western Central,Scylla serrata,Indo-Pacific swamp crab,"Crabs, sea-spiders",Pacific Western Central,1.256060554,1.397100809,1.470224705,1.557665281,1.709664892,0.118018513,1.47532678,141625.5746,2006,0.352520602,219801.1795,19057.99023,0.176260301,25329,Domestic
Scylla_serrata-Pacific_Western Central,Scylla serrata,Indo-Pacific swamp crab,"Crabs, sea-spiders",Pacific Western Central,1.18212175,1.322296816,1.392996578,1.468373439,1.606131589,0.111890141,1.395845872,141625.5746,2007,0.352520602,219801.1795,19057.99023,0.176260301,24309,Domestic
Scylla_serrata-Pacific_Western Central,Scylla serrata,Indo-Pacific swamp crab,"Crabs, sea-spiders",Pacific Western Central,1.108227156,1.246808093,1.324236474,1.398694441,1.567168873,0.116906651,1.326262929,141625.5746,2008,0.352520602,219801.1795,19057.99023,0.176260301,25017,Domestic
Scylla_serrata-Pacific_Western Central,Scylla serrata,Indo-Pacific swamp crab,"Crabs, sea-spiders",Pacific Western Central,1.031728629,1.162794612,1.244013761,1.327954052,1.502682175,0.118494786,1.249061071,141625.5746,2009,0.352520602,219801.1795,19057.99023,0.176260301,26800,Domestic
Scylla_serrata-Pacific_Western Central,Scylla serrata,Indo-Pacific swamp crab,"Crabs, sea-spiders",Pacific Western Central,0.954913038,1.073264311,1.152527757,1.235974627,1.389135366,0.117587565,1.157620336,141625.5746,2010,0.352520602,219801.1795,19057.99023,0.176260301,29016,Domestic
Scylla_serrata-Pacific_Western Central,Scylla serrata,Indo-Pacific swamp crab,"Crabs, sea-spiders",Pacific Western Central,0.849344957,0.967140605,1.045549349,1.132639634,1.325043341,0.125712502,1.057682138,141625.5746,2011,0.352520602,219801.1795,19057.99023,0.176260301,30415,Domestic
Scylla_serrata-Pacific_Western Central,Scylla serrata,Indo-Pacific swamp crab,"Crabs, sea-spiders",Pacific Western Central,0.789566798,0.909906151,0.986317405,1.084187545,1.330817127,0.137496267,1.007754996,141625.5746,2012,0.352520602,219801.1795,19057.99023,0.176260301,25029,Domestic
Scylla_serrata-Pacific_Western Central,Scylla serrata,Indo-Pacific swamp crab,"Crabs, sea-spiders",Pacific Western Central,0.753728643,0.863591886,0.943578802,1.059885332,1.319415269,0.148416734,0.97228487,141625.5746,2013,0.352520602,219801.1795,19057.99023,0.176260301,23260,Domestic
Scylla_serrata-Pacific_Western Central,Scylla serrata,Indo-Pacific swamp crab,"Crabs, sea-spiders",Pacific Western Central,0.697887525,0.805992086,0.896196483,1.028723623,1.286676674,0.159932591,0.928820523,141625.5746,2014,0.352520602,219801.1795,19057.99023,0.176260301,23779,Domestic
Scylla_serrata-Pacific_Western Central,Scylla serrata,Indo-Pacific swamp crab,"Crabs, sea-spiders",Pacific Western Central,0.677579122,0.768130725,0.881110675,1.02231814,1.313219943,0.17432986,0.913268661,141625.5746,2015,0.352520602,219801.1795,19057.99023,0.176260301,20750,Domestic
Scylla_serrata-Pacific_Western Central,Scylla serrata,Indo-Pacific swamp crab,"Crabs, sea-spiders",Pacific Western Central,0.610560029,0.701101743,0.832300854,0.983641944,1.281302107,0.190131053,0.862439751,141625.5746,2016,0.352520602,219801.1795,19057.99023,0.176260301,24225,Domestic
Sepia_officinalis-Atlantic_Eastern Central,Sepia officinalis,Common cuttlefish,"Squids, cuttlefishes, octopuses",Atlantic Eastern Central,NA,NA,NA,NA,NA,NA,NA,NA,NA,NA,NA,NA,NA,NA,CBA
Sepia_officinalis-Atlantic_Northeast,Sepia officinalis,Common cuttlefish,"Squids, cuttlefishes, octopuses",Atlantic Northeast,1.052252714,1.262030281,1.436324862,1.621439923,1.896985589,0.230418685,1.44715636,60878.38379,1950,0.429176257,93515.27664,9815.138709,0.214588129,1200,CBA
Sepia_officinalis-Atlantic_Northeast,Sepia officinalis,Common cuttlefish,"Squids, cuttlefishes, octopuses",Atlantic Northeast,1.193124848,1.432636804,1.583932094,1.730177122,1.927648545,0.197627072,1.578050304,60878.38379,1951,0.429176257,93515.27664,9815.138709,0.214588129,800,CBA
Sepia_officinalis-Atlantic_Northeast,Sepia officinalis,Common cuttlefish,"Squids, cuttlefishes, octopuses",Atlantic Northeast,1.348563054,1.559640638,1.692865615,1.809752602,1.955607781,0.168107446,1.676203552,60878.38379,1952,0.429176257,93515.27664,9815.138709,0.214588129,700,CBA
Sepia_officinalis-Atlantic_Northeast,Sepia officinalis,Common cuttlefish,"Squids, cuttlefishes, octopuses",Atlantic Northeast,1.407586722,1.632631857,1.745058075,1.841776273,1.970678017,0.145672495,1.732462586,60878.38379,1953,0.429176257,93515.27664,9815.138709,0.214588129,1400,CBA
Sepia_officinalis-Atlantic_Northeast,Sepia officinalis,Common cuttlefish,"Squids, cuttlefishes, octopuses",Atlantic Northeast,1.5016976,1.699645951,1.790647523,1.86947287,1.96803174,0.123526818,1.777684592,60878.38379,1954,0.429176257,93515.27664,9815.138709,0.214588129,900,CBA
Sepia_officinalis-Atlantic_Northeast,Sepia officinalis,Common cuttlefish,"Squids, cuttlefishes, octopuses",Atlantic Northeast,1.552995368,1.747450252,1.819340289,1.897513019,1.976322088,0.109551931,1.809223683,60878.38379,1955,0.429176257,93515.27664,9815.138709,0.214588129,900,CBA
Sepia_officinalis-Atlantic_Northeast,Sepia officinalis,Common cuttlefish,"Squids, cuttlefishes, octopuses",Atlantic Northeast,1.594459384,1.760321734,1.839726354,1.910050208,1.989067867,0.107040969,1.827079939,60878.38379,1956,0.429176257,93515.27664,9815.138709,0.214588129,1200,CBA
Sepia_officinalis-Atlantic_Northeast,Sepia officinalis,Common cuttlefish,"Squids, cuttlefishes, octopuses",Atlantic Northeast,1.60446452,1.753137684,1.823024675,1.890155216,1.985213981,0.101339673,1.815765319,60878.38379,1957,0.429176257,93515.27664,9815.138709,0.214588129,2400,CBA
Sepia_officinalis-Atlantic_Northeast,Sepia officinalis,Common cuttlefish,"Squids, cuttlefishes, octopuses",Atlantic Northeast,1.579620138,1.739776883,1.815478363,1.883224484,1.980636398,0.105322181,1.806261183,60878.38379,1958,0.429176257,93515.27664,9815.138709,0.214588129,3000,CBA
Sepia_officinalis-Atlantic_Northeast,Sepia officinalis,Common cuttlefish,"Squids, cuttlefishes, octopuses",Atlantic Northeast,1.567796679,1.717919847,1.793836617,1.858730988,1.979475936,0.109108337,1.788140769,60878.38379,1959,0.429176257,93515.27664,9815.138709,0.214588129,3500,CBA
Sepia_officinalis-Atlantic_Northeast,Sepia officinalis,Common cuttlefish,"Squids, cuttlefishes, octopuses",Atlantic Northeast,1.527780366,1.685887322,1.76937961,1.842071243,1.956114274,0.113611868,1.760556873,60878.38379,1960,0.429176257,93515.27664,9815.138709,0.214588129,4500,CBA
Sepia_officinalis-Atlantic_Northeast,Sepia officinalis,Common cuttlefish,"Squids, cuttlefishes, octopuses",Atlantic Northeast,1.508965243,1.688823326,1.771249766,1.844942118,1.967695252,0.116154927,1.763044534,60878.38379,1961,0.429176257,93515.27664,9815.138709,0.214588129,3600,CBA
Sepia_officinalis-Atlantic_Northeast,Sepia officinalis,Common cuttlefish,"Squids, cuttlefishes, octopuses",Atlantic Northeast,1.481386442,1.659315166,1.738841441,1.819516795,1.941839526,0.120297442,1.730904835,60878.38379,1962,0.429176257,93515.27664,9815.138709,0.214588129,5300,CBA
Sepia_officinalis-Atlantic_Northeast,Sepia officinalis,Common cuttlefish,"Squids, cuttlefishes, octopuses",Atlantic Northeast,1.444723622,1.604678772,1.683884817,1.760108093,1.920112288,0.120962881,1.681738941,60878.38379,1963,0.429176257,93515.27664,9815.138709,0.214588129,6500,CBA
Sepia_officinalis-Atlantic_Northeast,Sepia officinalis,Common cuttlefish,"Squids, cuttlefishes, octopuses",Atlantic Northeast,1.405928449,1.581015708,1.666315232,1.750926777,1.908871845,0.128085054,1.664412868,60878.38379,1964,0.429176257,93515.27664,9815.138709,0.214588129,5600,CBA
Sepia_officinalis-Atlantic_Northeast,Sepia officinalis,Common cuttlefish,"Squids, cuttlefishes, octopuses",Atlantic Northeast,1.389431147,1.55753755,1.645457483,1.724196913,1.875748231,0.127226337,1.639888819,60878.38379,1965,0.429176257,93515.27664,9815.138709,0.214588129,6400,CBA
Sepia_officinalis-Atlantic_Northeast,Sepia officinalis,Common cuttlefish,"Squids, cuttlefishes, octopuses",Atlantic Northeast,1.362047842,1.553798006,1.651447712,1.733840062,1.867877847,0.131111852,1.640249723,60878.38379,1966,0.429176257,93515.27664,9815.138709,0.214588129,5400,CBA
Sepia_officinalis-Atlantic_Northeast,Sepia officinalis,Common cuttlefish,"Squids, cuttlefishes, octopuses",Atlantic Northeast,1.342475851,1.554038976,1.645556665,1.72918603,1.880817191,0.13437845,1.636604092,60878.38379,1967,0.429176257,93515.27664,9815.138709,0.214588129,5600,CBA
Sepia_officinalis-Atlantic_Northeast,Sepia officinalis,Common cuttlefish,"Squids, cuttlefishes, octopuses",Atlantic Northeast,1.333394687,1.568572424,1.656504697,1.743335545,1.877347414,0.136889985,1.646162346,60878.38379,1968,0.429176257,93515.27664,9815.138709,0.214588129,5200,CBA
Sepia_officinalis-Atlantic_Northeast,Sepia officinalis,Common cuttlefish,"Squids, cuttlefishes, octopuses",Atlantic Northeast,1.349057011,1.557214806,1.653954262,1.748818838,1.895469299,0.140735846,1.64567264,60878.38379,1969,0.429176257,93515.27664,9815.138709,0.214588129,5500,CBA
Sepia_officinalis-Atlantic_Northeast,Sepia officinalis,Common cuttlefish,"Squids, cuttlefishes, octopuses",Atlantic Northeast,1.327451101,1.542626922,1.640062207,1.726684419,1.896728139,0.139109409,1.631181863,60878.38379,1970,0.429176257,93515.27664,9815.138709,0.214588129,6000,CBA
Sepia_officinalis-Atlantic_Northeast,Sepia officinalis,Common cuttlefish,"Squids, cuttlefishes, octopuses",Atlantic Northeast,1.286321247,1.514306155,1.604563983,1.696860836,1.852882542,0.140506488,1.601436511,60878.38379,1971,0.429176257,93515.27664,9815.138709,0.214588129,6900,CBA
Sepia_officinalis-Atlantic_Northeast,Sepia officinalis,Common cuttlefish,"Squids, cuttlefishes, octopuses",Atlantic Northeast,1.297302271,1.51635052,1.616978499,1.705441289,1.868543331,0.144448513,1.605987029,60878.38379,1972,0.429176257,93515.27664,9815.138709,0.214588129,5500,CBA
Sepia_officinalis-Atlantic_Northeast,Sepia officinalis,Common cuttlefish,"Squids, cuttlefishes, octopuses",Atlantic Northeast,1.298736056,1.532061767,1.632478459,1.722677727,1.881698427,0.146439616,1.621245692,60878.38379,1973,0.429176257,93515.27664,9815.138709,0.214588129,5200,CBA
Sepia_officinalis-Atlantic_Northeast,Sepia officinalis,Common cuttlefish,"Squids, cuttlefishes, octopuses",Atlantic Northeast,1.318761182,1.542172013,1.64252873,1.739392577,1.887341805,0.148711124,1.635324495,60878.38379,1974,0.429176257,93515.27664,9815.138709,0.214588129,4761,CBA
Sepia_officinalis-Atlantic_Northeast,Sepia officinalis,Common cuttlefish,"Squids, cuttlefishes, octopuses",Atlantic Northeast,1.378380292,1.59812438,1.692517919,1.788244112,1.950390499,0.146957427,1.687563745,60878.38379,1975,0.429176257,93515.27664,9815.138709,0.214588129,2870,CBA
Sepia_officinalis-Atlantic_Northeast,Sepia officinalis,Common cuttlefish,"Squids, cuttlefishes, octopuses",Atlantic Northeast,1.399027538,1.626647613,1.729483325,1.813329509,1.946128434,0.142597335,1.71455185,60878.38379,1976,0.429176257,93515.27664,9815.138709,0.214588129,2693,CBA
Sepia_officinalis-Atlantic_Northeast,Sepia officinalis,Common cuttlefish,"Squids, cuttlefishes, octopuses",Atlantic Northeast,1.426500546,1.648330905,1.738306772,1.824979627,1.945044848,0.13574617,1.726476772,60878.38379,1977,0.429176257,93515.27664,9815.138709,0.214588129,2924,CBA
Sepia_officinalis-Atlantic_Northeast,Sepia officinalis,Common cuttlefish,"Squids, cuttlefishes, octopuses",Atlantic Northeast,1.48002139,1.687087536,1.778589197,1.858175882,1.972104304,0.126282511,1.766826348,60878.38379,1978,0.429176257,93515.27664,9815.138709,0.214588129,1435,CBA
Sepia_officinalis-Atlantic_Northeast,Sepia officinalis,Common cuttlefish,"Squids, cuttlefishes, octopuses",Atlantic Northeast,1.532951793,1.717215181,1.794239647,1.874791505,1.979719961,0.118726348,1.788177427,60878.38379,1979,0.429176257,93515.27664,9815.138709,0.214588129,1355,CBA
Sepia_officinalis-Atlantic_Northeast,Sepia officinalis,Common cuttlefish,"Squids, cuttlefishes, octopuses",Atlantic Northeast,1.548808145,1.737846368,1.816789962,1.890124395,1.974999934,0.110743995,1.804938535,60878.38379,1980,0.429176257,93515.27664,9815.138709,0.214588129,1395,CBA
Sepia_officinalis-Atlantic_Northeast,Sepia officinalis,Common cuttlefish,"Squids, cuttlefishes, octopuses",Atlantic Northeast,1.574707879,1.763028546,1.836544359,1.901282988,1.981841511,0.105337513,1.824092043,60878.38379,1981,0.429176257,93515.27664,9815.138709,0.214588129,1008,CBA
Sepia_officinalis-Atlantic_Northeast,Sepia officinalis,Common cuttlefish,"Squids, cuttlefishes, octopuses",Atlantic Northeast,1.597705782,1.761143264,1.836007636,1.905092205,1.984798387,0.102894423,1.827078022,60878.38379,1982,0.429176257,93515.27664,9815.138709,0.214588129,1071,CBA
Sepia_officinalis-Atlantic_Northeast,Sepia officinalis,Common cuttlefish,"Squids, cuttlefishes, octopuses",Atlantic Northeast,1.620165677,1.76516529,1.837845659,1.907161504,1.983093117,0.098473183,1.829592131,60878.38379,1983,0.429176257,93515.27664,9815.138709,0.214588129,1410,CBA
Sepia_officinalis-Atlantic_Northeast,Sepia officinalis,Common cuttlefish,"Squids, cuttlefishes, octopuses",Atlantic Northeast,1.60870426,1.758958176,1.832289411,1.903878122,1.986450321,0.099886651,1.823937781,60878.38379,1984,0.429176257,93515.27664,9815.138709,0.214588129,1616,CBA
Sepia_officinalis-Atlantic_Northeast,Sepia officinalis,Common cuttlefish,"Squids, cuttlefishes, octopuses",Atlantic Northeast,1.625576602,1.763193008,1.839382212,1.900937465,1.983531667,0.098315876,1.827962603,60878.38379,1985,0.429176257,93515.27664,9815.138709,0.214588129,1339,CBA
Sepia_officinalis-Atlantic_Northeast,Sepia officinalis,Common cuttlefish,"Squids, cuttlefishes, octopuses",Atlantic Northeast,1.607821852,1.759246372,1.834913651,1.899316462,1.988225643,0.100186318,1.825266661,60878.38379,1986,0.429176257,93515.27664,9815.138709,0.214588129,1697,CBA
Sepia_officinalis-Atlantic_Northeast,Sepia officinalis,Common cuttlefish,"Squids, cuttlefishes, octopuses",Atlantic Northeast,1.59320758,1.751045989,1.823317855,1.892979955,1.981785598,0.103139412,1.816308821,60878.38379,1987,0.429176257,93515.27664,9815.138709,0.214588129,2005,CBA
Sepia_officinalis-Atlantic_Northeast,Sepia officinalis,Common cuttlefish,"Squids, cuttlefishes, octopuses",Atlantic Northeast,1.586558396,1.751889073,1.822661445,1.886541924,1.977799956,0.101523313,1.814100669,60878.38379,1988,0.429176257,93515.27664,9815.138709,0.214588129,1908,CBA
Sepia_officinalis-Atlantic_Northeast,Sepia officinalis,Common cuttlefish,"Squids, cuttlefishes, octopuses",Atlantic Northeast,1.601200272,1.74724525,1.817073604,1.886925725,1.974568203,0.100425482,1.809635041,60878.38379,1989,0.429176257,93515.27664,9815.138709,0.214588129,1961,CBA
Sepia_officinalis-Atlantic_Northeast,Sepia officinalis,Common cuttlefish,"Squids, cuttlefishes, octopuses",Atlantic Northeast,1.58581982,1.750070729,1.818882507,1.880138487,1.98547609,0.100626434,1.811455504,60878.38379,1990,0.429176257,93515.27664,9815.138709,0.214588129,2135,CBA
Sepia_officinalis-Atlantic_Northeast,Sepia officinalis,Common cuttlefish,"Squids, cuttlefishes, octopuses",Atlantic Northeast,1.590798258,1.743247753,1.820721505,1.881791901,1.973735481,0.10222561,1.809025062,60878.38379,1991,0.429176257,93515.27664,9815.138709,0.214588129,1861,CBA
Sepia_officinalis-Atlantic_Northeast,Sepia officinalis,Common cuttlefish,"Squids, cuttlefishes, octopuses",Atlantic Northeast,1.604192495,1.759298282,1.829413182,1.890132601,1.981310024,0.097669766,1.820771052,60878.38379,1992,0.429176257,93515.27664,9815.138709,0.214588129,1409,CBA
Sepia_officinalis-Atlantic_Northeast,Sepia officinalis,Common cuttlefish,"Squids, cuttlefishes, octopuses",Atlantic Northeast,1.612064815,1.764877404,1.833895948,1.902971214,1.981662472,0.097271221,1.827064166,60878.38379,1993,0.429176257,93515.27664,9815.138709,0.214588129,1419,CBA
Sepia_officinalis-Atlantic_Northeast,Sepia officinalis,Common cuttlefish,"Squids, cuttlefishes, octopuses",Atlantic Northeast,1.621874572,1.765503945,1.839802009,1.900805449,1.979223422,0.094206057,1.830368317,60878.38379,1994,0.429176257,93515.27664,9815.138709,0.214588129,1415,CBA
Sepia_officinalis-Atlantic_Northeast,Sepia officinalis,Common cuttlefish,"Squids, cuttlefishes, octopuses",Atlantic Northeast,1.625779785,1.776233709,1.84907276,1.903400488,1.985447014,0.093314493,1.836627499,60878.38379,1995,0.429176257,93515.27664,9815.138709,0.214588129,1456,CBA
Sepia_officinalis-Atlantic_Northeast,Sepia officinalis,Common cuttlefish,"Squids, cuttlefishes, octopuses",Atlantic Northeast,1.627639193,1.764006961,1.831830898,1.897751861,1.980106396,0.094152215,1.827205572,60878.38379,1996,0.429176257,93515.27664,9815.138709,0.214588129,2210,CBA
Sepia_officinalis-Atlantic_Northeast,Sepia officinalis,Common cuttlefish,"Squids, cuttlefishes, octopuses",Atlantic Northeast,1.6306434,1.757961259,1.828890078,1.894996425,1.985079993,0.095207353,1.824209895,60878.38379,1997,0.429176257,93515.27664,9815.138709,0.214588129,1922,CBA
Sepia_officinalis-Atlantic_Northeast,Sepia officinalis,Common cuttlefish,"Squids, cuttlefishes, octopuses",Atlantic Northeast,1.603718407,1.731662438,1.808882373,1.880739266,1.971327938,0.098626013,1.803913937,60878.38379,1998,0.429176257,93515.27664,9815.138709,0.214588129,3079,CBA
Sepia_officinalis-Atlantic_Northeast,Sepia officinalis,Common cuttlefish,"Squids, cuttlefishes, octopuses",Atlantic Northeast,1.600786047,1.736797733,1.812818345,1.874479287,1.982860755,0.101117854,1.804963711,60878.38379,1999,0.429176257,93515.27664,9815.138709,0.214588129,2817,CBA
Sepia_officinalis-Atlantic_Northeast,Sepia officinalis,Common cuttlefish,"Squids, cuttlefishes, octopuses",Atlantic Northeast,1.572208786,1.717484144,1.792054929,1.862059755,1.971393605,0.104879459,1.784757211,60878.38379,2000,0.429176257,93515.27664,9815.138709,0.214588129,3842,CBA
Sepia_officinalis-Atlantic_Northeast,Sepia officinalis,Common cuttlefish,"Squids, cuttlefishes, octopuses",Atlantic Northeast,1.583358009,1.723505725,1.798781552,1.872463433,1.978932646,0.103887395,1.794845917,60878.38379,2001,0.429176257,93515.27664,9815.138709,0.214588129,2732,CBA
Sepia_officinalis-Atlantic_Northeast,Sepia officinalis,Common cuttlefish,"Squids, cuttlefishes, octopuses",Atlantic Northeast,1.552971376,1.716444628,1.791311289,1.86090724,1.966034925,0.106147727,1.784783075,60878.38379,2002,0.429176257,93515.27664,9815.138709,0.214588129,3418,CBA
Sepia_officinalis-Atlantic_Northeast,Sepia officinalis,Common cuttlefish,"Squids, cuttlefishes, octopuses",Atlantic Northeast,1.548070964,1.69967013,1.771208238,1.848548868,1.977770038,0.106684805,1.770227509,60878.38379,2003,0.429176257,93515.27664,9815.138709,0.214588129,3795,CBA
Sepia_officinalis-Atlantic_Northeast,Sepia officinalis,Common cuttlefish,"Squids, cuttlefishes, octopuses",Atlantic Northeast,1.537377862,1.682172751,1.756080803,1.829801895,1.962419097,0.109747469,1.75357432,60878.38379,2004,0.429176257,93515.27664,9815.138709,0.214588129,4837,CBA
Sepia_officinalis-Atlantic_Northeast,Sepia officinalis,Common cuttlefish,"Squids, cuttlefishes, octopuses",Atlantic Northeast,1.519789153,1.679097221,1.745392058,1.826808631,1.94155017,0.107687129,1.747305902,60878.38379,2005,0.429176257,93515.27664,9815.138709,0.214588129,4523,CBA
Sepia_officinalis-Atlantic_Northeast,Sepia officinalis,Common cuttlefish,"Squids, cuttlefishes, octopuses",Atlantic Northeast,1.518564641,1.663537635,1.742681738,1.818261973,1.934309699,0.107069183,1.73883315,60878.38379,2006,0.429176257,93515.27664,9815.138709,0.214588129,4931,CBA
Sepia_officinalis-Atlantic_Northeast,Sepia officinalis,Common cuttlefish,"Squids, cuttlefishes, octopuses",Atlantic Northeast,1.508246486,1.648442028,1.725026646,1.801547257,1.940361433,0.109360588,1.725685048,60878.38379,2007,0.429176257,93515.27664,9815.138709,0.214588129,5714,CBA
Sepia_officinalis-Atlantic_Northeast,Sepia officinalis,Common cuttlefish,"Squids, cuttlefishes, octopuses",Atlantic Northeast,1.507037904,1.63118356,1.707532811,1.795364759,1.928459312,0.11050201,1.713858995,60878.38379,2008,0.429176257,93515.27664,9815.138709,0.214588129,5766,CBA
Sepia_officinalis-Atlantic_Northeast,Sepia officinalis,Common cuttlefish,"Squids, cuttlefishes, octopuses",Atlantic Northeast,1.390373626,1.5173572,1.590708928,1.663578156,1.807050509,0.107738612,1.59253617,60878.38379,2009,0.429176257,93515.27664,9815.138709,0.214588129,11278,CBA
Sepia_officinalis-Atlantic_Northeast,Sepia officinalis,Common cuttlefish,"Squids, cuttlefishes, octopuses",Atlantic Northeast,1.210538805,1.321009532,1.39755819,1.457435722,1.59750516,0.101599165,1.394310762,60878.38379,2010,0.429176257,93515.27664,9815.138709,0.214588129,16294,CBA
Sepia_officinalis-Atlantic_Northeast,Sepia officinalis,Common cuttlefish,"Squids, cuttlefishes, octopuses",Atlantic Northeast,1.052694539,1.159024265,1.229015687,1.29081366,1.446281128,0.099551176,1.230979877,60878.38379,2011,0.429176257,93515.27664,9815.138709,0.214588129,16619,CBA
Sepia_officinalis-Atlantic_Northeast,Sepia officinalis,Common cuttlefish,"Squids, cuttlefishes, octopuses",Atlantic Northeast,0.895365626,0.991701874,1.058221092,1.137471913,1.307853846,0.107508308,1.070725517,60878.38379,2012,0.429176257,93515.27664,9815.138709,0.214588129,17302,CBA
Sepia_officinalis-Atlantic_Northeast,Sepia officinalis,Common cuttlefish,"Squids, cuttlefishes, octopuses",Atlantic Northeast,0.803986562,0.896736651,0.963481453,1.0560212,1.276662578,0.117462823,0.983739751,60878.38379,2013,0.429176257,93515.27664,9815.138709,0.214588129,14145,CBA
Sepia_officinalis-Atlantic_Northeast,Sepia officinalis,Common cuttlefish,"Squids, cuttlefishes, octopuses",Atlantic Northeast,0.791798521,0.87793708,0.95134771,1.055629484,1.310097458,0.134853787,0.97839295,60878.38379,2014,0.429176257,93515.27664,9815.138709,0.214588129,10504,CBA
Sepia_officinalis-Atlantic_Northeast,Sepia officinalis,Common cuttlefish,"Squids, cuttlefishes, octopuses",Atlantic Northeast,0.695539299,0.765492351,0.842840891,0.980832153,1.260121403,0.153460166,0.883667411,60878.38379,2015,0.429176257,93515.27664,9815.138709,0.214588129,14320,CBA
Sepia_officinalis-Atlantic_Northeast,Sepia officinalis,Common cuttlefish,"Squids, cuttlefishes, octopuses",Atlantic Northeast,0.607523849,0.67011321,0.760281609,0.928222179,1.242585111,0.178370714,0.813341717,60878.38379,2016,0.429176257,93515.27664,9815.138709,0.214588129,13003,CBA
Sepia_officinalis-Mediterranean and Black Sea,Sepia officinalis,Common cuttlefish,"Squids, cuttlefishes, octopuses",Mediterranean and Black Sea,1.062036632,1.295521694,1.473459257,1.656445021,1.91671246,0.234817828,1.478826036,50889.88659,1950,0.590218664,79354.72172,10426.60773,0.295109332,2000,CBA
Sepia_officinalis-Mediterranean and Black Sea,Sepia officinalis,Common cuttlefish,"Squids, cuttlefishes, octopuses",Mediterranean and Black Sea,1.204927221,1.478273064,1.65047879,1.794031479,1.961201668,0.207626841,1.628325252,50889.88659,1951,0.590218664,79354.72172,10426.60773,0.295109332,1500,CBA
Sepia_officinalis-Mediterranean and Black Sea,Sepia officinalis,Common cuttlefish,"Squids, cuttlefishes, octopuses",Mediterranean and Black Sea,1.326048461,1.600772218,1.748023941,1.855216705,1.979607087,0.176234016,1.718341997,50889.88659,1952,0.590218664,79354.72172,10426.60773,0.295109332,1600,CBA
Sepia_officinalis-Mediterranean and Black Sea,Sepia officinalis,Common cuttlefish,"Squids, cuttlefishes, octopuses",Mediterranean and Black Sea,1.420751744,1.677490423,1.786636262,1.873747678,1.978964392,0.146654866,1.763268053,50889.88659,1953,0.590218664,79354.72172,10426.60773,0.295109332,2000,CBA
Sepia_officinalis-Mediterranean and Black Sea,Sepia officinalis,Common cuttlefish,"Squids, cuttlefishes, octopuses",Mediterranean and Black Sea,1.491711352,1.718338526,1.807808953,1.883520366,1.980795633,0.12671032,1.790086451,50889.88659,1954,0.590218664,79354.72172,10426.60773,0.295109332,2100,CBA
Sepia_officinalis-Mediterranean and Black Sea,Sepia officinalis,Common cuttlefish,"Squids, cuttlefishes, octopuses",Mediterranean and Black Sea,1.550732604,1.74408388,1.823651274,1.892712959,1.984107887,0.113360038,1.809704693,50889.88659,1955,0.590218664,79354.72172,10426.60773,0.295109332,2000,CBA
Sepia_officinalis-Mediterranean and Black Sea,Sepia officinalis,Common cuttlefish,"Squids, cuttlefishes, octopuses",Mediterranean and Black Sea,1.565898667,1.748298044,1.818564363,1.884973506,1.979812847,0.104647016,1.809943969,50889.88659,1956,0.590218664,79354.72172,10426.60773,0.295109332,2600,CBA
Sepia_officinalis-Mediterranean and Black Sea,Sepia officinalis,Common cuttlefish,"Squids, cuttlefishes, octopuses",Mediterranean and Black Sea,1.593189448,1.750394887,1.819870888,1.887148767,1.981846769,0.101031488,1.812686613,50889.88659,1957,0.590218664,79354.72172,10426.60773,0.295109332,2600,CBA
Sepia_officinalis-Mediterranean and Black Sea,Sepia officinalis,Common cuttlefish,"Squids, cuttlefishes, octopuses",Mediterranean and Black Sea,1.607805212,1.754688572,1.827267623,1.893244649,1.979921129,0.098992494,1.81920041,50889.88659,1958,0.590218664,79354.72172,10426.60773,0.295109332,2500,CBA
Sepia_officinalis-Mediterranean and Black Sea,Sepia officinalis,Common cuttlefish,"Squids, cuttlefishes, octopuses",Mediterranean and Black Sea,1.585467147,1.728034693,1.798816921,1.868296331,1.972107728,0.100755565,1.795124306,50889.88659,1959,0.590218664,79354.72172,10426.60773,0.295109332,3800,CBA
Sepia_officinalis-Mediterranean and Black Sea,Sepia officinalis,Common cuttlefish,"Squids, cuttlefishes, octopuses",Mediterranean and Black Sea,1.554016163,1.685824994,1.75233375,1.824203981,1.948831821,0.102202269,1.753653753,50889.88659,1960,0.590218664,79354.72172,10426.60773,0.295109332,5000,CBA
Sepia_officinalis-Mediterranean and Black Sea,Sepia officinalis,Common cuttlefish,"Squids, cuttlefishes, octopuses",Mediterranean and Black Sea,1.532395618,1.666055964,1.738489513,1.806753552,1.937259585,0.10279209,1.736308658,50889.88659,1961,0.590218664,79354.72172,10426.60773,0.295109332,5000,CBA
Sepia_officinalis-Mediterranean and Black Sea,Sepia officinalis,Common cuttlefish,"Squids, cuttlefishes, octopuses",Mediterranean and Black Sea,1.525401811,1.666856698,1.738208729,1.809022801,1.939783871,0.105159558,1.736070196,50889.88659,1962,0.590218664,79354.72172,10426.60773,0.295109332,4600,CBA
Sepia_officinalis-Mediterranean and Black Sea,Sepia officinalis,Common cuttlefish,"Squids, cuttlefishes, octopuses",Mediterranean and Black Sea,1.51949992,1.657060316,1.729815109,1.799751116,1.935061458,0.10581772,1.728448442,50889.88659,1963,0.590218664,79354.72172,10426.60773,0.295109332,4800,CBA
Sepia_officinalis-Mediterranean and Black Sea,Sepia officinalis,Common cuttlefish,"Squids, cuttlefishes, octopuses",Mediterranean and Black Sea,1.497320885,1.634942699,1.707721267,1.779327828,1.921823037,0.106969042,1.707475596,50889.88659,1964,0.590218664,79354.72172,10426.60773,0.295109332,5400,CBA
Sepia_officinalis-Mediterranean and Black Sea,Sepia officinalis,Common cuttlefish,"Squids, cuttlefishes, octopuses",Mediterranean and Black Sea,1.407638366,1.532746476,1.605493394,1.67931344,1.827496912,0.10862155,1.608081084,50889.88659,1965,0.590218664,79354.72172,10426.60773,0.295109332,8500,CBA
Sepia_officinalis-Mediterranean and Black Sea,Sepia officinalis,Common cuttlefish,"Squids, cuttlefishes, octopuses",Mediterranean and Black Sea,1.457290877,1.607564331,1.683629916,1.757894572,1.902729041,0.112542177,1.681859414,50889.88659,1966,0.590218664,79354.72172,10426.60773,0.295109332,3800,CBA
Sepia_officinalis-Mediterranean and Black Sea,Sepia officinalis,Common cuttlefish,"Squids, cuttlefishes, octopuses",Mediterranean and Black Sea,1.486891635,1.63857088,1.720905913,1.798425116,1.93454793,0.115627207,1.717275387,50889.88659,1967,0.590218664,79354.72172,10426.60773,0.295109332,3900,CBA
Sepia_officinalis-Mediterranean and Black Sea,Sepia officinalis,Common cuttlefish,"Squids, cuttlefishes, octopuses",Mediterranean and Black Sea,1.47080209,1.622244609,1.697124344,1.77264174,1.910020937,0.11213707,1.695911757,50889.88659,1968,0.590218664,79354.72172,10426.60773,0.295109332,5300,CBA
Sepia_officinalis-Mediterranean and Black Sea,Sepia officinalis,Common cuttlefish,"Squids, cuttlefishes, octopuses",Mediterranean and Black Sea,1.491294399,1.64993945,1.727237316,1.800170909,1.935726147,0.112471576,1.723239754,50889.88659,1969,0.590218664,79354.72172,10426.60773,0.295109332,3800,CBA
Sepia_officinalis-Mediterranean and Black Sea,Sepia officinalis,Common cuttlefish,"Squids, cuttlefishes, octopuses",Mediterranean and Black Sea,1.564203224,1.734165031,1.816290288,1.890878699,1.983138634,0.110672693,1.80597749,50889.88659,1970,0.590218664,79354.72172,10426.60773,0.295109332,830,CBA
Sepia_officinalis-Mediterranean and Black Sea,Sepia officinalis,Common cuttlefish,"Squids, cuttlefishes, octopuses",Mediterranean and Black Sea,1.622644199,1.777599839,1.853276069,1.918154986,1.989254321,0.09824598,1.841480642,50889.88659,1971,0.590218664,79354.72172,10426.60773,0.295109332,735,CBA
Sepia_officinalis-Mediterranean and Black Sea,Sepia officinalis,Common cuttlefish,"Squids, cuttlefishes, octopuses",Mediterranean and Black Sea,1.641102599,1.793871331,1.864980639,1.924685148,1.990141137,0.092863289,1.852139564,50889.88659,1972,0.590218664,79354.72172,10426.60773,0.295109332,1055,CBA
Sepia_officinalis-Mediterranean and Black Sea,Sepia officinalis,Common cuttlefish,"Squids, cuttlefishes, octopuses",Mediterranean and Black Sea,1.6457526,1.787301122,1.853051813,1.914500756,1.987544847,0.090701518,1.845032752,50889.88659,1973,0.590218664,79354.72172,10426.60773,0.295109332,1893,CBA
Sepia_officinalis-Mediterranean and Black Sea,Sepia officinalis,Common cuttlefish,"Squids, cuttlefishes, octopuses",Mediterranean and Black Sea,1.654189663,1.788301958,1.855466117,1.914128672,1.988817684,0.089546014,1.846839784,50889.88659,1974,0.590218664,79354.72172,10426.60773,0.295109332,1677,CBA
Sepia_officinalis-Mediterranean and Black Sea,Sepia officinalis,Common cuttlefish,"Squids, cuttlefishes, octopuses",Mediterranean and Black Sea,1.648526279,1.78358331,1.851966948,1.913053205,1.987727251,0.090904842,1.84319354,50889.88659,1975,0.590218664,79354.72172,10426.60773,0.295109332,1999,CBA
Sepia_officinalis-Mediterranean and Black Sea,Sepia officinalis,Common cuttlefish,"Squids, cuttlefishes, octopuses",Mediterranean and Black Sea,1.61247592,1.740317604,1.80753876,1.87248253,1.973533835,0.093884907,1.804798671,50889.88659,1976,0.590218664,79354.72172,10426.60773,0.295109332,3597,CBA
Sepia_officinalis-Mediterranean and Black Sea,Sepia officinalis,Common cuttlefish,"Squids, cuttlefishes, octopuses",Mediterranean and Black Sea,1.620557065,1.759245203,1.825510858,1.890362808,1.981275295,0.094810626,1.819850803,50889.88659,1977,0.590218664,79354.72172,10426.60773,0.295109332,2317,CBA
Sepia_officinalis-Mediterranean and Black Sea,Sepia officinalis,Common cuttlefish,"Squids, cuttlefishes, octopuses",Mediterranean and Black Sea,1.62434671,1.762143065,1.831123078,1.895833616,1.982815608,0.094459552,1.825032906,50889.88659,1978,0.590218664,79354.72172,10426.60773,0.295109332,2322,CBA
Sepia_officinalis-Mediterranean and Black Sea,Sepia officinalis,Common cuttlefish,"Squids, cuttlefishes, octopuses",Mediterranean and Black Sea,1.624942631,1.764009904,1.831186391,1.89441961,1.982517721,0.093278502,1.825069252,50889.88659,1979,0.590218664,79354.72172,10426.60773,0.295109332,2444,CBA
Sepia_officinalis-Mediterranean and Black Sea,Sepia officinalis,Common cuttlefish,"Squids, cuttlefishes, octopuses",Mediterranean and Black Sea,1.630474445,1.76396958,1.832230679,1.897067499,1.98295564,0.093329849,1.826491434,50889.88659,1980,0.590218664,79354.72172,10426.60773,0.295109332,2455,CBA
Sepia_officinalis-Mediterranean and Black Sea,Sepia officinalis,Common cuttlefish,"Squids, cuttlefishes, octopuses",Mediterranean and Black Sea,1.627001862,1.763449364,1.829979001,1.892028426,1.982730149,0.092648214,1.823660722,50889.88659,1981,0.590218664,79354.72172,10426.60773,0.295109332,2652,CBA
Sepia_officinalis-Mediterranean and Black Sea,Sepia officinalis,Common cuttlefish,"Squids, cuttlefishes, octopuses",Mediterranean and Black Sea,1.610302077,1.742802194,1.809305776,1.872816997,1.973482034,0.093899441,1.804768681,50889.88659,1982,0.590218664,79354.72172,10426.60773,0.295109332,3464,CBA
Sepia_officinalis-Mediterranean and Black Sea,Sepia officinalis,Common cuttlefish,"Squids, cuttlefishes, octopuses",Mediterranean and Black Sea,1.609087047,1.744498922,1.812615037,1.87781457,1.974112196,0.095667294,1.807911893,50889.88659,1983,0.590218664,79354.72172,10426.60773,0.295109332,3061,CBA
Sepia_officinalis-Mediterranean and Black Sea,Sepia officinalis,Common cuttlefish,"Squids, cuttlefishes, octopuses",Mediterranean and Black Sea,1.583042183,1.720747522,1.789154261,1.85604261,1.965376476,0.098674345,1.78587885,50889.88659,1984,0.590218664,79354.72172,10426.60773,0.295109332,4042,CBA
Sepia_officinalis-Mediterranean and Black Sea,Sepia officinalis,Common cuttlefish,"Squids, cuttlefishes, octopuses",Mediterranean and Black Sea,1.544473257,1.672992957,1.739902751,1.810750808,1.940329115,0.10068551,1.741229542,50889.88659,1985,0.590218664,79354.72172,10426.60773,0.295109332,5484,CBA
Sepia_officinalis-Mediterranean and Black Sea,Sepia officinalis,Common cuttlefish,"Squids, cuttlefishes, octopuses",Mediterranean and Black Sea,1.502100432,1.635792413,1.704224706,1.776085182,1.914432182,0.104666144,1.70601457,50889.88659,1986,0.590218664,79354.72172,10426.60773,0.295109332,6062,CBA
Sepia_officinalis-Mediterranean and Black Sea,Sepia officinalis,Common cuttlefish,"Squids, cuttlefishes, octopuses",Mediterranean and Black Sea,1.422194453,1.54952155,1.621330468,1.695920557,1.857042063,0.11084564,1.625761279,50889.88659,1987,0.590218664,79354.72172,10426.60773,0.295109332,8219,CBA
Sepia_officinalis-Mediterranean and Black Sea,Sepia officinalis,Common cuttlefish,"Squids, cuttlefishes, octopuses",Mediterranean and Black Sea,1.222417208,1.361601659,1.449228257,1.539142717,1.712499318,0.127982283,1.45350771,50889.88659,1988,0.590218664,79354.72172,10426.60773,0.295109332,12619,CBA
Sepia_officinalis-Mediterranean and Black Sea,Sepia officinalis,Common cuttlefish,"Squids, cuttlefishes, octopuses",Mediterranean and Black Sea,1.007743078,1.186708126,1.29633891,1.401216739,1.595150727,0.150906002,1.295470952,50889.88659,1989,0.590218664,79354.72172,10426.60773,0.295109332,14193,CBA
Sepia_officinalis-Mediterranean and Black Sea,Sepia officinalis,Common cuttlefish,"Squids, cuttlefishes, octopuses",Mediterranean and Black Sea,0.870124661,1.083540715,1.202414211,1.317699388,1.519181998,0.166911986,1.200446279,50889.88659,1990,0.590218664,79354.72172,10426.60773,0.295109332,13038,CBA
Sepia_officinalis-Mediterranean and Black Sea,Sepia officinalis,Common cuttlefish,"Squids, cuttlefishes, octopuses",Mediterranean and Black Sea,0.933439686,1.130720532,1.2422227,1.350231093,1.55455633,0.158883495,1.241760571,50889.88659,1991,0.590218664,79354.72172,10426.60773,0.295109332,8616,CBA
Sepia_officinalis-Mediterranean and Black Sea,Sepia officinalis,Common cuttlefish,"Squids, cuttlefishes, octopuses",Mediterranean and Black Sea,0.915490469,1.11870129,1.226538835,1.335563761,1.541876,0.159899809,1.227706192,50889.88659,1992,0.590218664,79354.72172,10426.60773,0.295109332,10380,CBA
Sepia_officinalis-Mediterranean and Black Sea,Sepia officinalis,Common cuttlefish,"Squids, cuttlefishes, octopuses",Mediterranean and Black Sea,0.918449475,1.122145898,1.229037246,1.337638878,1.55071278,0.160111738,1.230431392,50889.88659,1993,0.590218664,79354.72172,10426.60773,0.295109332,9833,CBA
Sepia_officinalis-Mediterranean and Black Sea,Sepia officinalis,Common cuttlefish,"Squids, cuttlefishes, octopuses",Mediterranean and Black Sea,0.923982315,1.122473942,1.232448362,1.338579234,1.553540696,0.161423683,1.23368068,50889.88659,1994,0.590218664,79354.72172,10426.60773,0.295109332,9762,CBA
Sepia_officinalis-Mediterranean and Black Sea,Sepia officinalis,Common cuttlefish,"Squids, cuttlefishes, octopuses",Mediterranean and Black Sea,0.993556467,1.183152313,1.289359369,1.398469135,1.605257756,0.15799627,1.292736741,50889.88659,1995,0.590218664,79354.72172,10426.60773,0.295109332,7737,CBA
Sepia_officinalis-Mediterranean and Black Sea,Sepia officinalis,Common cuttlefish,"Squids, cuttlefishes, octopuses",Mediterranean and Black Sea,1.049721842,1.232832509,1.342933019,1.450625909,1.649860262,0.155157907,1.343042642,50889.88659,1996,0.590218664,79354.72172,10426.60773,0.295109332,7712,CBA
Sepia_officinalis-Mediterranean and Black Sea,Sepia officinalis,Common cuttlefish,"Squids, cuttlefishes, octopuses",Mediterranean and Black Sea,1.014054153,1.190888702,1.295050504,1.396752909,1.587046792,0.149874765,1.295631098,50889.88659,1997,0.590218664,79354.72172,10426.60773,0.295109332,10745,CBA
Sepia_officinalis-Mediterranean and Black Sea,Sepia officinalis,Common cuttlefish,"Squids, cuttlefishes, octopuses",Mediterranean and Black Sea,1.040322409,1.224002743,1.323357067,1.424817532,1.623087858,0.147697757,1.325186227,50889.88659,1998,0.590218664,79354.72172,10426.60773,0.295109332,8502,CBA
Sepia_officinalis-Mediterranean and Black Sea,Sepia officinalis,Common cuttlefish,"Squids, cuttlefishes, octopuses",Mediterranean and Black Sea,1.005693584,1.186943478,1.283841673,1.381987919,1.58056173,0.145127462,1.286736778,50889.88659,1999,0.590218664,79354.72172,10426.60773,0.295109332,10650,CBA
Sepia_officinalis-Mediterranean and Black Sea,Sepia officinalis,Common cuttlefish,"Squids, cuttlefishes, octopuses",Mediterranean and Black Sea,1.025376935,1.203677474,1.301586163,1.401552297,1.59961862,0.146097894,1.304026225,50889.88659,2000,0.590218664,79354.72172,10426.60773,0.295109332,8984,CBA
Sepia_officinalis-Mediterranean and Black Sea,Sepia officinalis,Common cuttlefish,"Squids, cuttlefishes, octopuses",Mediterranean and Black Sea,1.01627813,1.191399819,1.287871912,1.386418306,1.588918995,0.145135109,1.291094604,50889.88659,2001,0.590218664,79354.72172,10426.60773,0.295109332,9944,CBA
Sepia_officinalis-Mediterranean and Black Sea,Sepia officinalis,Common cuttlefish,"Squids, cuttlefishes, octopuses",Mediterranean and Black Sea,0.947365423,1.107973163,1.203547036,1.306035153,1.520776411,0.145638768,1.211756174,50889.88659,2002,0.590218664,79354.72172,10426.60773,0.295109332,12324,CBA
Sepia_officinalis-Mediterranean and Black Sea,Sepia officinalis,Common cuttlefish,"Squids, cuttlefishes, octopuses",Mediterranean and Black Sea,0.891391465,1.049496437,1.151552779,1.261222954,1.480669904,0.152916751,1.161151185,50889.88659,2003,0.590218664,79354.72172,10426.60773,0.295109332,11764,CBA
Sepia_officinalis-Mediterranean and Black Sea,Sepia officinalis,Common cuttlefish,"Squids, cuttlefishes, octopuses",Mediterranean and Black Sea,0.876865113,1.041809656,1.148055658,1.265969635,1.485691336,0.159139757,1.157701366,50889.88659,2004,0.590218664,79354.72172,10426.60773,0.295109332,10218,CBA
Sepia_officinalis-Mediterranean and Black Sea,Sepia officinalis,Common cuttlefish,"Squids, cuttlefishes, octopuses",Mediterranean and Black Sea,0.87313091,1.043118614,1.156234937,1.277282199,1.499694579,0.164949455,1.165299767,50889.88659,2005,0.590218664,79354.72172,10426.60773,0.295109332,9826,CBA
Sepia_officinalis-Mediterranean and Black Sea,Sepia officinalis,Common cuttlefish,"Squids, cuttlefishes, octopuses",Mediterranean and Black Sea,0.856451163,1.03097208,1.149820566,1.276667807,1.498434577,0.170072496,1.157475031,50889.88659,2006,0.590218664,79354.72172,10426.60773,0.295109332,10293,CBA
Sepia_officinalis-Mediterranean and Black Sea,Sepia officinalis,Common cuttlefish,"Squids, cuttlefishes, octopuses",Mediterranean and Black Sea,0.824376057,0.99870397,1.125768296,1.256521237,1.485416928,0.17539488,1.13242148,50889.88659,2007,0.590218664,79354.72172,10426.60773,0.295109332,10901,CBA
Sepia_officinalis-Mediterranean and Black Sea,Sepia officinalis,Common cuttlefish,"Squids, cuttlefishes, octopuses",Mediterranean and Black Sea,0.844720164,1.029717249,1.165547858,1.295647768,1.52484294,0.181934425,1.166503186,50889.88659,2008,0.590218664,79354.72172,10426.60773,0.295109332,8803,CBA
Sepia_officinalis-Mediterranean and Black Sea,Sepia officinalis,Common cuttlefish,"Squids, cuttlefishes, octopuses",Mediterranean and Black Sea,0.85039801,1.044089188,1.187643579,1.32511858,1.542039365,0.186527833,1.18716439,50889.88659,2009,0.590218664,79354.72172,10426.60773,0.295109332,9131,CBA
Sepia_officinalis-Mediterranean and Black Sea,Sepia officinalis,Common cuttlefish,"Squids, cuttlefishes, octopuses",Mediterranean and Black Sea,0.836218918,1.033253035,1.180953672,1.31117473,1.527659879,0.186180394,1.175339866,50889.88659,2010,0.590218664,79354.72172,10426.60773,0.295109332,10140,CBA
Sepia_officinalis-Mediterranean and Black Sea,Sepia officinalis,Common cuttlefish,"Squids, cuttlefishes, octopuses",Mediterranean and Black Sea,0.813410027,1.009752737,1.158469382,1.290882887,1.502682877,0.186447192,1.152295231,50889.88659,2011,0.590218664,79354.72172,10426.60773,0.295109332,10551,CBA
Sepia_officinalis-Mediterranean and Black Sea,Sepia officinalis,Common cuttlefish,"Squids, cuttlefishes, octopuses",Mediterranean and Black Sea,0.741006093,0.947204284,1.0936464,1.228585481,1.437482498,0.188983751,1.086949269,50889.88659,2012,0.590218664,79354.72172,10426.60773,0.295109332,12129,CBA
Sepia_officinalis-Mediterranean and Black Sea,Sepia officinalis,Common cuttlefish,"Squids, cuttlefishes, octopuses",Mediterranean and Black Sea,0.686118746,0.903821978,1.065162847,1.201706513,1.407514051,0.197357319,1.053368812,50889.88659,2013,0.590218664,79354.72172,10426.60773,0.295109332,11110,CBA
Sepia_officinalis-Mediterranean and Black Sea,Sepia officinalis,Common cuttlefish,"Squids, cuttlefishes, octopuses",Mediterranean and Black Sea,0.675811858,0.920733426,1.100173389,1.236042351,1.429624274,0.208639346,1.076781328,50889.88659,2014,0.590218664,79354.72172,10426.60773,0.295109332,9065,CBA
Sepia_officinalis-Mediterranean and Black Sea,Sepia officinalis,Common cuttlefish,"Squids, cuttlefishes, octopuses",Mediterranean and Black Sea,0.674622327,0.948515514,1.141502461,1.281322204,1.447184267,0.216811563,1.107833837,50889.88659,2015,0.590218664,79354.72172,10426.60773,0.295109332,8632,CBA
Sepia_officinalis-Mediterranean and Black Sea,Sepia officinalis,Common cuttlefish,"Squids, cuttlefishes, octopuses",Mediterranean and Black Sea,0.640709046,0.951375628,1.153399693,1.288852488,1.389420364,0.217236633,1.104639536,50889.88659,2016,0.590218664,79354.72172,10426.60773,0.295109332,9574,CBA
Solea_solea-Atlantic_Eastern Central,Solea solea,Common sole,"Flounders, halibuts, soles",Atlantic Eastern Central,1.034260498,1.245858681,1.417184691,1.58819535,1.858972892,0.226450164,1.422913613,36917.22628,1962,0.343589855,57189.93254,4808.222202,0.171794928,100,CBA
Solea_solea-Atlantic_Eastern Central,Solea solea,Common sole,"Flounders, halibuts, soles",Atlantic Eastern Central,1.161989272,1.38257817,1.543671049,1.683496567,1.900226827,0.200374549,1.536386575,36917.22628,1965,0.343589855,57189.93254,4808.222202,0.171794928,200,CBA
Solea_solea-Atlantic_Eastern Central,Solea solea,Common sole,"Flounders, halibuts, soles",Atlantic Eastern Central,1.257954983,1.499442952,1.633861441,1.751111652,1.937193437,0.178930948,1.624076132,36917.22628,1966,0.343589855,57189.93254,4808.222202,0.171794928,400,CBA
Solea_solea-Atlantic_Eastern Central,Solea solea,Common sole,"Flounders, halibuts, soles",Atlantic Eastern Central,1.345224562,1.577356977,1.698153865,1.804408484,1.958393594,0.156192898,1.685736476,36917.22628,1967,0.343589855,57189.93254,4808.222202,0.171794928,500,CBA
Solea_solea-Atlantic_Eastern Central,Solea solea,Common sole,"Flounders, halibuts, soles",Atlantic Eastern Central,1.446747071,1.640166197,1.739053651,1.828112214,1.963725674,0.133641832,1.730686085,36917.22628,1968,0.343589855,57189.93254,4808.222202,0.171794928,700,CBA
Solea_solea-Atlantic_Eastern Central,Solea solea,Common sole,"Flounders, halibuts, soles",Atlantic Eastern Central,1.50482647,1.68300172,1.77204323,1.84983393,1.96881875,0.121036846,1.763292224,36917.22628,1969,0.343589855,57189.93254,4808.222202,0.171794928,700,CBA
Solea_solea-Atlantic_Eastern Central,Solea solea,Common sole,"Flounders, halibuts, soles",Atlantic Eastern Central,1.533651265,1.716018098,1.80026269,1.872870692,1.977713791,0.113261859,1.789014789,36917.22628,1970,0.343589855,57189.93254,4808.222202,0.171794928,570,CBA
Solea_solea-Atlantic_Eastern Central,Solea solea,Common sole,"Flounders, halibuts, soles",Atlantic Eastern Central,1.577286359,1.73377801,1.803105846,1.87796785,1.976963202,0.106654027,1.798967195,36917.22628,1971,0.343589855,57189.93254,4808.222202,0.171794928,852,CBA
Solea_solea-Atlantic_Eastern Central,Solea solea,Common sole,"Flounders, halibuts, soles",Atlantic Eastern Central,1.597528107,1.739185306,1.816097672,1.887297366,1.979733353,0.104298043,1.809190126,36917.22628,1972,0.343589855,57189.93254,4808.222202,0.171794928,985,CBA
Solea_solea-Atlantic_Eastern Central,Solea solea,Common sole,"Flounders, halibuts, soles",Atlantic Eastern Central,1.525181402,1.66782612,1.746678891,1.820033874,1.931951924,0.106917896,1.741118664,36917.22628,1973,0.343589855,57189.93254,4808.222202,0.171794928,3395,CBA
Solea_solea-Atlantic_Eastern Central,Solea solea,Common sole,"Flounders, halibuts, soles",Atlantic Eastern Central,1.506597468,1.653449409,1.74153228,1.817996443,1.951560661,0.116403495,1.734804177,36917.22628,1974,0.343589855,57189.93254,4808.222202,0.171794928,2328,CBA
Solea_solea-Atlantic_Eastern Central,Solea solea,Common sole,"Flounders, halibuts, soles",Atlantic Eastern Central,1.488434656,1.648655276,1.730831003,1.803410268,1.939408723,0.115824538,1.724984363,36917.22628,1975,0.343589855,57189.93254,4808.222202,0.171794928,2463,CBA
Solea_solea-Atlantic_Eastern Central,Solea solea,Common sole,"Flounders, halibuts, soles",Atlantic Eastern Central,1.538088703,1.682351642,1.764577781,1.840783043,1.9562198,0.109722105,1.759826185,36917.22628,1976,0.343589855,57189.93254,4808.222202,0.171794928,1224,CBA
Solea_solea-Atlantic_Eastern Central,Solea solea,Common sole,"Flounders, halibuts, soles",Atlantic Eastern Central,1.488182634,1.618556003,1.701249386,1.778742119,1.920905615,0.110682995,1.699639431,36917.22628,1977,0.343589855,57189.93254,4808.222202,0.171794928,3828,CBA
Solea_solea-Atlantic_Eastern Central,Solea solea,Common sole,"Flounders, halibuts, soles",Atlantic Eastern Central,1.52211892,1.657495087,1.73058299,1.812074467,1.950578909,0.111939706,1.733898093,36917.22628,1978,0.343589855,57189.93254,4808.222202,0.171794928,1662,CBA
Solea_solea-Atlantic_Eastern Central,Solea solea,Common sole,"Flounders, halibuts, soles",Atlantic Eastern Central,1.390918259,1.514468874,1.592045229,1.67288773,1.840762282,0.115551776,1.599276163,36917.22628,1979,0.343589855,57189.93254,4808.222202,0.171794928,6210,CBA
Solea_solea-Atlantic_Eastern Central,Solea solea,Common sole,"Flounders, halibuts, soles",Atlantic Eastern Central,1.26325084,1.394882781,1.478880445,1.55517666,1.720237438,0.116941222,1.479131536,36917.22628,1980,0.343589855,57189.93254,4808.222202,0.171794928,6664,CBA
Solea_solea-Atlantic_Eastern Central,Solea solea,Common sole,"Flounders, halibuts, soles",Atlantic Eastern Central,1.229596649,1.37247216,1.463056285,1.534299433,1.677639637,0.118920967,1.458641493,36917.22628,1981,0.343589855,57189.93254,4808.222202,0.171794928,4481,CBA
Solea_solea-Atlantic_Eastern Central,Solea solea,Common sole,"Flounders, halibuts, soles",Atlantic Eastern Central,1.218718359,1.361746908,1.443177501,1.529239673,1.686946624,0.120846574,1.446188896,36917.22628,1982,0.343589855,57189.93254,4808.222202,0.171794928,4391,CBA
Solea_solea-Atlantic_Eastern Central,Solea solea,Common sole,"Flounders, halibuts, soles",Atlantic Eastern Central,1.19305336,1.337533999,1.416401102,1.493217452,1.67370624,0.120796224,1.420556036,36917.22628,1983,0.343589855,57189.93254,4808.222202,0.171794928,4832,CBA
Solea_solea-Atlantic_Eastern Central,Solea solea,Common sole,"Flounders, halibuts, soles",Atlantic Eastern Central,1.018078819,1.160612719,1.228232736,1.310701735,1.485202293,0.117375097,1.236233476,36917.22628,1984,0.343589855,57189.93254,4808.222202,0.171794928,9373,CBA
Solea_solea-Atlantic_Eastern Central,Solea solea,Common sole,"Flounders, halibuts, soles",Atlantic Eastern Central,0.878355679,1.014365861,1.087312105,1.169098393,1.343408465,0.119836897,1.094136224,36917.22628,1985,0.343589855,57189.93254,4808.222202,0.171794928,8706,CBA
Solea_solea-Atlantic_Eastern Central,Solea solea,Common sole,"Flounders, halibuts, soles",Atlantic Eastern Central,0.900334551,1.039605898,1.117133067,1.196271947,1.371563697,0.120394774,1.121448173,36917.22628,1986,0.343589855,57189.93254,4808.222202,0.171794928,4172,CBA
Solea_solea-Atlantic_Eastern Central,Solea solea,Common sole,"Flounders, halibuts, soles",Atlantic Eastern Central,0.931396704,1.06434,1.14388769,1.229528958,1.389960756,0.118609637,1.149188175,36917.22628,1987,0.343589855,57189.93254,4808.222202,0.171794928,4024,CBA
Solea_solea-Atlantic_Eastern Central,Solea solea,Common sole,"Flounders, halibuts, soles",Atlantic Eastern Central,1.007382889,1.133788069,1.208429941,1.293887644,1.448075652,0.116517818,1.216401725,36917.22628,1988,0.343589855,57189.93254,4808.222202,0.171794928,3056,CBA
Solea_solea-Atlantic_Eastern Central,Solea solea,Common sole,"Flounders, halibuts, soles",Atlantic Eastern Central,1.076216262,1.190597076,1.265673896,1.341540974,1.508693576,0.110714719,1.270514485,36917.22628,1989,0.343589855,57189.93254,4808.222202,0.171794928,3240,CBA
Solea_solea-Atlantic_Eastern Central,Solea solea,Common sole,"Flounders, halibuts, soles",Atlantic Eastern Central,1.119289988,1.229422934,1.297226559,1.374237848,1.52192783,0.104707395,1.303968786,36917.22628,1990,0.343589855,57189.93254,4808.222202,0.171794928,3674,CBA
Solea_solea-Atlantic_Eastern Central,Solea solea,Common sole,"Flounders, halibuts, soles",Atlantic Eastern Central,0.998987157,1.09683141,1.153022924,1.217034475,1.339218905,0.088663619,1.157924814,36917.22628,1991,0.343589855,57189.93254,4808.222202,0.171794928,8712,CBA
Solea_solea-Atlantic_Eastern Central,Solea solea,Common sole,"Flounders, halibuts, soles",Atlantic Eastern Central,0.752991734,0.831080875,0.880008646,0.929160157,1.038851614,0.074203881,0.884914674,36917.22628,1992,0.343589855,57189.93254,4808.222202,0.171794928,12502,CBA
Solea_solea-Atlantic_Eastern Central,Solea solea,Common sole,"Flounders, halibuts, soles",Atlantic Eastern Central,0.579473857,0.648877313,0.695944073,0.745718792,0.85217514,0.071082831,0.700444088,36917.22628,1993,0.343589855,57189.93254,4808.222202,0.171794928,9952,CBA
Solea_solea-Atlantic_Eastern Central,Solea solea,Common sole,"Flounders, halibuts, soles",Atlantic Eastern Central,0.353196761,0.440246593,0.494897746,0.550677827,0.658174776,0.079345006,0.498320586,36917.22628,1994,0.343589855,57189.93254,4808.222202,0.171794928,10047,CBA
Solea_solea-Atlantic_Eastern Central,Solea solea,Common sole,"Flounders, halibuts, soles",Atlantic Eastern Central,0.415498587,0.49776465,0.550703275,0.609217106,0.728165311,0.081881124,0.556459213,36917.22628,1995,0.343589855,57189.93254,4808.222202,0.171794928,1944,CBA
Solea_solea-Atlantic_Eastern Central,Solea solea,Common sole,"Flounders, halibuts, soles",Atlantic Eastern Central,0.504928603,0.579504781,0.625353401,0.683352412,0.803289117,0.078832496,0.634130102,36917.22628,1996,0.343589855,57189.93254,4808.222202,0.171794928,1617,CBA
Solea_solea-Atlantic_Eastern Central,Solea solea,Common sole,"Flounders, halibuts, soles",Atlantic Eastern Central,0.568400868,0.633308615,0.680667578,0.734447489,0.84866992,0.073056662,0.687746257,36917.22628,1997,0.343589855,57189.93254,4808.222202,0.171794928,2589,CBA
Solea_solea-Atlantic_Eastern Central,Solea solea,Common sole,"Flounders, halibuts, soles",Atlantic Eastern Central,0.457527749,0.52568015,0.572251911,0.622764998,0.746368954,0.072901143,0.578290777,36917.22628,1998,0.343589855,57189.93254,4808.222202,0.171794928,7411,CBA
Solea_solea-Atlantic_Eastern Central,Solea solea,Common sole,"Flounders, halibuts, soles",Atlantic Eastern Central,0.486166173,0.553500855,0.596823386,0.645290198,0.760246825,0.070100177,0.603739372,36917.22628,1999,0.343589855,57189.93254,4808.222202,0.171794928,3122,CBA
Solea_solea-Atlantic_Eastern Central,Solea solea,Common sole,"Flounders, halibuts, soles",Atlantic Eastern Central,0.404932088,0.470920977,0.515330232,0.560724645,0.678689956,0.072118711,0.521688563,36917.22628,2000,0.343589855,57189.93254,4808.222202,0.171794928,6283,CBA
Solea_solea-Atlantic_Eastern Central,Solea solea,Common sole,"Flounders, halibuts, soles",Atlantic Eastern Central,0.364560956,0.433081051,0.480767644,0.531011072,0.654679387,0.074037331,0.487534304,36917.22628,2001,0.343589855,57189.93254,4808.222202,0.171794928,4613,CBA
Solea_solea-Atlantic_Eastern Central,Solea solea,Common sole,"Flounders, halibuts, soles",Atlantic Eastern Central,0.350133578,0.416606172,0.463784194,0.518615624,0.643794357,0.07613737,0.472252723,36917.22628,2002,0.343589855,57189.93254,4808.222202,0.171794928,3873,CBA
Solea_solea-Atlantic_Eastern Central,Solea solea,Common sole,"Flounders, halibuts, soles",Atlantic Eastern Central,0.365976415,0.435292591,0.482048385,0.536975924,0.671587259,0.079140953,0.491875872,36917.22628,2003,0.343589855,57189.93254,4808.222202,0.171794928,2801,CBA
Solea_solea-Atlantic_Eastern Central,Solea solea,Common sole,"Flounders, halibuts, soles",Atlantic Eastern Central,0.380062988,0.450750418,0.502938716,0.554092218,0.69200016,0.080965586,0.51003911,36917.22628,2004,0.343589855,57189.93254,4808.222202,0.171794928,2966,CBA
Solea_solea-Atlantic_Eastern Central,Solea solea,Common sole,"Flounders, halibuts, soles",Atlantic Eastern Central,0.390345689,0.457850406,0.507947401,0.565000521,0.706343483,0.084531238,0.517786519,36917.22628,2005,0.343589855,57189.93254,4808.222202,0.171794928,3308,CBA
Solea_solea-Atlantic_Eastern Central,Solea solea,Common sole,"Flounders, halibuts, soles",Atlantic Eastern Central,0.378648588,0.448506905,0.498376504,0.559984126,0.718513228,0.089312051,0.511909149,36917.22628,2006,0.343589855,57189.93254,4808.222202,0.171794928,3723,CBA
Solea_solea-Atlantic_Eastern Central,Solea solea,Common sole,"Flounders, halibuts, soles",Atlantic Eastern Central,0.367804634,0.439127059,0.490413883,0.560914961,0.719738917,0.091897459,0.506152476,36917.22628,2007,0.343589855,57189.93254,4808.222202,0.171794928,3695,CBA
Solea_solea-Atlantic_Eastern Central,Solea solea,Common sole,"Flounders, halibuts, soles",Atlantic Eastern Central,0.370304888,0.439886138,0.496724324,0.569632411,0.740650137,0.098157403,0.513005096,36917.22628,2008,0.343589855,57189.93254,4808.222202,0.171794928,3351,CBA
Solea_solea-Atlantic_Eastern Central,Solea solea,Common sole,"Flounders, halibuts, soles",Atlantic Eastern Central,0.336723619,0.411557053,0.476849201,0.558027362,0.735111741,0.105719262,0.49212849,36917.22628,2009,0.343589855,57189.93254,4808.222202,0.171794928,4140,CBA
Solea_solea-Atlantic_Eastern Central,Solea solea,Common sole,"Flounders, halibuts, soles",Atlantic Eastern Central,0.322628388,0.403620973,0.479959565,0.569937401,0.746779658,0.11494907,0.494137705,36917.22628,2010,0.343589855,57189.93254,4808.222202,0.171794928,3386,CBA
Solea_solea-Atlantic_Eastern Central,Solea solea,Common sole,"Flounders, halibuts, soles",Atlantic Eastern Central,0.334672365,0.429717342,0.520132593,0.616491135,0.788621182,0.126877753,0.530982106,36917.22628,2011,0.343589855,57189.93254,4808.222202,0.171794928,2366,CBA
Solea_solea-Atlantic_Eastern Central,Solea solea,Common sole,"Flounders, halibuts, soles",Atlantic Eastern Central,0.352023016,0.468385163,0.577098404,0.676811113,0.83492187,0.135526503,0.577489794,36917.22628,2012,0.343589855,57189.93254,4808.222202,0.171794928,2223,CBA
Solea_solea-Atlantic_Eastern Central,Solea solea,Common sole,"Flounders, halibuts, soles",Atlantic Eastern Central,0.301802171,0.43521472,0.564154978,0.677727693,0.83010581,0.148698307,0.561287301,36917.22628,2013,0.343589855,57189.93254,4808.222202,0.171794928,4221,CBA
Solea_solea-Atlantic_Eastern Central,Solea solea,Common sole,"Flounders, halibuts, soles",Atlantic Eastern Central,0.22355711,0.383502146,0.528751167,0.654085675,0.802729873,0.165392824,0.52080817,36917.22628,2014,0.343589855,57189.93254,4808.222202,0.171794928,4810,CBA
Solea_solea-Atlantic_Eastern Central,Solea solea,Common sole,"Flounders, halibuts, soles",Atlantic Eastern Central,0.141098734,0.332122836,0.50447153,0.656055952,0.787450463,0.18986362,0.48939316,36917.22628,2015,0.343589855,57189.93254,4808.222202,0.171794928,4400,CBA
Solea_solea-Atlantic_Eastern Central,Solea solea,Common sole,"Flounders, halibuts, soles",Atlantic Eastern Central,0.054937713,0.29803411,0.508178058,0.674993162,0.78896633,0.220769435,0.478323096,36917.22628,2016,0.343589855,57189.93254,4808.222202,0.171794928,3632,CBA
Solea_solea-Atlantic_Northeast,Solea solea,Common sole,"Flounders, halibuts, soles",Atlantic Northeast,0.533105221,0.791723764,0.960708031,1.131787282,1.348102838,0.223367425,0.958323257,166343.0353,1950,0.384060838,359090.6948,31669.7727,0.192030419,25000,CBA
Solea_solea-Atlantic_Northeast,Solea solea,Common sole,"Flounders, halibuts, soles",Atlantic Northeast,0.547830872,0.830031552,0.999357289,1.171385193,1.414244905,0.231347033,0.996036931,166343.0353,1951,0.384060838,359090.6948,31669.7727,0.192030419,24800,CBA
Solea_solea-Atlantic_Northeast,Solea solea,Common sole,"Flounders, halibuts, soles",Atlantic Northeast,0.561198963,0.8683208,1.046376905,1.218692012,1.473499979,0.238788628,1.039513145,166343.0353,1952,0.384060838,359090.6948,31669.7727,0.192030419,23800,CBA
Solea_solea-Atlantic_Northeast,Solea solea,Common sole,"Flounders, halibuts, soles",Atlantic Northeast,0.580842288,0.895070053,1.075786617,1.251929126,1.484891342,0.240166961,1.063187576,166343.0353,1953,0.384060838,359090.6948,31669.7727,0.192030419,26200,CBA
Solea_solea-Atlantic_Northeast,Solea solea,Common sole,"Flounders, halibuts, soles",Atlantic Northeast,0.593462685,0.926136052,1.107773707,1.274181361,1.513798878,0.242205741,1.091379487,166343.0353,1954,0.384060838,359090.6948,31669.7727,0.192030419,25600,CBA
Solea_solea-Atlantic_Northeast,Solea solea,Common sole,"Flounders, halibuts, soles",Atlantic Northeast,0.638771344,0.969128574,1.141499533,1.316006872,1.56244092,0.246165166,1.131206037,166343.0353,1955,0.384060838,359090.6948,31669.7727,0.192030419,23400,CBA
Solea_solea-Atlantic_Northeast,Solea solea,Common sole,"Flounders, halibuts, soles",Atlantic Northeast,0.677666123,1.028005177,1.194222145,1.365892189,1.610525262,0.245862934,1.183876948,166343.0353,1956,0.384060838,359090.6948,31669.7727,0.192030419,21300,CBA
Solea_solea-Atlantic_Northeast,Solea solea,Common sole,"Flounders, halibuts, soles",Atlantic Northeast,0.719530962,1.088592509,1.255985324,1.415498405,1.659730732,0.241763238,1.239767292,166343.0353,1957,0.384060838,359090.6948,31669.7727,0.192030419,20000,CBA
Solea_solea-Atlantic_Northeast,Solea solea,Common sole,"Flounders, halibuts, soles",Atlantic Northeast,0.767942313,1.133836155,1.294342053,1.453138672,1.680069423,0.237129522,1.27942896,166343.0353,1958,0.384060838,359090.6948,31669.7727,0.192030419,21900,CBA
Solea_solea-Atlantic_Northeast,Solea solea,Common sole,"Flounders, halibuts, soles",Atlantic Northeast,0.834311775,1.170567877,1.33992723,1.488319184,1.704230928,0.224454091,1.319622238,166343.0353,1959,0.384060838,359090.6948,31669.7727,0.192030419,21600,CBA
Solea_solea-Atlantic_Northeast,Solea solea,Common sole,"Flounders, halibuts, soles",Atlantic Northeast,0.848447695,1.185621511,1.339614068,1.479566862,1.672095749,0.21024523,1.320957876,166343.0353,1960,0.384060838,359090.6948,31669.7727,0.192030419,27100,CBA
Solea_solea-Atlantic_Northeast,Solea solea,Common sole,"Flounders, halibuts, soles",Atlantic Northeast,0.845230038,1.17502017,1.316867484,1.429314638,1.625547986,0.193830299,1.29336146,166343.0353,1961,0.384060838,359090.6948,31669.7727,0.192030419,32300,CBA
Solea_solea-Atlantic_Northeast,Solea solea,Common sole,"Flounders, halibuts, soles",Atlantic Northeast,0.83794455,1.152361426,1.281263608,1.389249793,1.574826381,0.183803628,1.262399793,166343.0353,1962,0.384060838,359090.6948,31669.7727,0.192030419,34500,CBA
Solea_solea-Atlantic_Northeast,Solea solea,Common sole,"Flounders, halibuts, soles",Atlantic Northeast,0.840301977,1.130405071,1.251768802,1.365269267,1.554813737,0.176873072,1.239665704,166343.0353,1963,0.384060838,359090.6948,31669.7727,0.192030419,33300,CBA
Solea_solea-Atlantic_Northeast,Solea solea,Common sole,"Flounders, halibuts, soles",Atlantic Northeast,0.899899955,1.195052278,1.309636134,1.427567393,1.637090047,0.180150729,1.300985106,166343.0353,1964,0.384060838,359090.6948,31669.7727,0.192030419,19600,CBA
Solea_solea-Atlantic_Northeast,Solea solea,Common sole,"Flounders, halibuts, soles",Atlantic Northeast,0.941319921,1.208089506,1.32582153,1.443570434,1.64906069,0.178394816,1.320334417,166343.0353,1965,0.384060838,359090.6948,31669.7727,0.192030419,25800,CBA
Solea_solea-Atlantic_Northeast,Solea solea,Common sole,"Flounders, halibuts, soles",Atlantic Northeast,0.882299432,1.139430243,1.249693678,1.35261011,1.534206944,0.163108962,1.241398556,166343.0353,1966,0.384060838,359090.6948,31669.7727,0.192030419,41200,CBA
Solea_solea-Atlantic_Northeast,Solea solea,Common sole,"Flounders, halibuts, soles",Atlantic Northeast,0.824522157,1.075665946,1.172209107,1.270551673,1.4596104,0.155246169,1.166952978,166343.0353,1967,0.384060838,359090.6948,31669.7727,0.192030419,42000,CBA
Solea_solea-Atlantic_Northeast,Solea solea,Common sole,"Flounders, halibuts, soles",Atlantic Northeast,0.784922732,1.01268879,1.116528107,1.21594675,1.401711817,0.155846237,1.111700602,166343.0353,1968,0.384060838,359090.6948,31669.7727,0.192030419,40600,CBA
Solea_solea-Atlantic_Northeast,Solea solea,Common sole,"Flounders, halibuts, soles",Atlantic Northeast,0.757036689,0.976339579,1.088138506,1.188048262,1.386006407,0.15935538,1.083196686,166343.0353,1969,0.384060838,359090.6948,31669.7727,0.192030419,36100,CBA
Solea_solea-Atlantic_Northeast,Solea solea,Common sole,"Flounders, halibuts, soles",Atlantic Northeast,0.757359024,0.985989716,1.099379683,1.193486839,1.386128675,0.160982621,1.091238061,166343.0353,1970,0.384060838,359090.6948,31669.7727,0.192030419,30100,CBA
Solea_solea-Atlantic_Northeast,Solea solea,Common sole,"Flounders, halibuts, soles",Atlantic Northeast,0.725208169,0.960855714,1.071275805,1.169903106,1.377416463,0.163389411,1.064970848,166343.0353,1971,0.384060838,359090.6948,31669.7727,0.192030419,36100,CBA
Solea_solea-Atlantic_Northeast,Solea solea,Common sole,"Flounders, halibuts, soles",Atlantic Northeast,0.718084488,0.963424285,1.080402799,1.187504769,1.387102735,0.168770545,1.072780251,166343.0353,1972,0.384060838,359090.6948,31669.7727,0.192030419,30700,CBA
Solea_solea-Atlantic_Northeast,Solea solea,Common sole,"Flounders, halibuts, soles",Atlantic Northeast,0.731220361,0.97029272,1.098750451,1.199835088,1.421552106,0.172361321,1.083805866,166343.0353,1973,0.384060838,359090.6948,31669.7727,0.192030419,29300,CBA
Solea_solea-Atlantic_Northeast,Solea solea,Common sole,"Flounders, halibuts, soles",Atlantic Northeast,0.741481556,0.98653096,1.11308693,1.232071591,1.428977374,0.17831189,1.106299795,166343.0353,1974,0.384060838,359090.6948,31669.7727,0.192030419,27575,CBA
Solea_solea-Atlantic_Northeast,Solea solea,Common sole,"Flounders, halibuts, soles",Atlantic Northeast,0.73930918,1.004192565,1.131212206,1.248130804,1.455809306,0.182215524,1.123313009,166343.0353,1975,0.384060838,359090.6948,31669.7727,0.192030419,28194,CBA
Solea_solea-Atlantic_Northeast,Solea solea,Common sole,"Flounders, halibuts, soles",Atlantic Northeast,0.751744875,1.031320475,1.162207372,1.290360794,1.491014152,0.189460851,1.155107222,166343.0353,1976,0.384060838,359090.6948,31669.7727,0.192030419,25747,CBA
Solea_solea-Atlantic_Northeast,Solea solea,Common sole,"Flounders, halibuts, soles",Atlantic Northeast,0.78747024,1.072731829,1.205748026,1.340984946,1.563144547,0.195621275,1.201473884,166343.0353,1977,0.384060838,359090.6948,31669.7727,0.192030419,22512,CBA
Solea_solea-Atlantic_Northeast,Solea solea,Common sole,"Flounders, halibuts, soles",Atlantic Northeast,0.848110265,1.131075989,1.263461948,1.404134755,1.636831933,0.202787336,1.263213539,166343.0353,1978,0.384060838,359090.6948,31669.7727,0.192030419,18966,CBA
Solea_solea-Atlantic_Northeast,Solea solea,Common sole,"Flounders, halibuts, soles",Atlantic Northeast,0.902093797,1.1787671,1.310655574,1.446803073,1.685475461,0.199476315,1.308611296,166343.0353,1979,0.384060838,359090.6948,31669.7727,0.192030419,20787,CBA
Solea_solea-Atlantic_Northeast,Solea solea,Common sole,"Flounders, halibuts, soles",Atlantic Northeast,0.936081963,1.205166106,1.329823038,1.448645701,1.640327272,0.187608043,1.318173921,166343.0353,1980,0.384060838,359090.6948,31669.7727,0.192030419,25818,CBA
Solea_solea-Atlantic_Northeast,Solea solea,Common sole,"Flounders, halibuts, soles",Atlantic Northeast,0.967041495,1.216504802,1.335882593,1.457785464,1.653533372,0.178959182,1.329511208,166343.0353,1981,0.384060838,359090.6948,31669.7727,0.192030419,25374,CBA
Solea_solea-Atlantic_Northeast,Solea solea,Common sole,"Flounders, halibuts, soles",Atlantic Northeast,0.957424139,1.204526281,1.310646,1.419208833,1.600296947,0.165889848,1.305649966,166343.0353,1982,0.384060838,359090.6948,31669.7727,0.192030419,31492,CBA
Solea_solea-Atlantic_Northeast,Solea solea,Common sole,"Flounders, halibuts, soles",Atlantic Northeast,0.960228695,1.186569844,1.303488477,1.402647076,1.58126623,0.159295939,1.293262093,166343.0353,1983,0.384060838,359090.6948,31669.7727,0.192030419,30226,CBA
Solea_solea-Atlantic_Northeast,Solea solea,Common sole,"Flounders, halibuts, soles",Atlantic Northeast,0.953036302,1.194310813,1.288042245,1.387521574,1.565256098,0.153710886,1.284093826,166343.0353,1984,0.384060838,359090.6948,31669.7727,0.192030419,29971,CBA
Solea_solea-Atlantic_Northeast,Solea solea,Common sole,"Flounders, halibuts, soles",Atlantic Northeast,0.944384015,1.165619187,1.257754244,1.352363126,1.528840961,0.146941066,1.252823863,166343.0353,1985,0.384060838,359090.6948,31669.7727,0.192030419,33807,CBA
Solea_solea-Atlantic_Northeast,Solea solea,Common sole,"Flounders, halibuts, soles",Atlantic Northeast,0.957535534,1.171499765,1.26429763,1.355902532,1.531508885,0.146231939,1.260605553,166343.0353,1986,0.384060838,359090.6948,31669.7727,0.192030419,28281,CBA
Solea_solea-Atlantic_Northeast,Solea solea,Common sole,"Flounders, halibuts, soles",Atlantic Northeast,0.972845728,1.172264429,1.26541433,1.355288363,1.531945221,0.141370466,1.261085624,166343.0353,1987,0.384060838,359090.6948,31669.7727,0.192030419,29644,CBA
Solea_solea-Atlantic_Northeast,Solea solea,Common sole,"Flounders, halibuts, soles",Atlantic Northeast,0.973817998,1.177714284,1.273193196,1.36876676,1.533017261,0.142226839,1.271207874,166343.0353,1988,0.384060838,359090.6948,31669.7727,0.192030419,27966,CBA
Solea_solea-Atlantic_Northeast,Solea solea,Common sole,"Flounders, halibuts, soles",Atlantic Northeast,0.985511182,1.18140272,1.268762808,1.36046026,1.517795017,0.138213833,1.266599362,166343.0353,1989,0.384060838,359090.6948,31669.7727,0.192030419,29672,CBA
Solea_solea-Atlantic_Northeast,Solea solea,Common sole,"Flounders, halibuts, soles",Atlantic Northeast,0.943262159,1.113046792,1.193538185,1.273648538,1.416804202,0.121001578,1.190504812,166343.0353,1990,0.384060838,359090.6948,31669.7727,0.192030419,41572,CBA
Solea_solea-Atlantic_Northeast,Solea solea,Common sole,"Flounders, halibuts, soles",Atlantic Northeast,0.905330123,1.04672221,1.119191801,1.186538122,1.326956176,0.108889727,1.117228543,166343.0353,1991,0.384060838,359090.6948,31669.7727,0.192030419,42806,CBA
Solea_solea-Atlantic_Northeast,Solea solea,Common sole,"Flounders, halibuts, soles",Atlantic Northeast,0.849116655,0.984450205,1.052100106,1.118727033,1.254552188,0.102374683,1.052445277,166343.0353,1992,0.384060838,359090.6948,31669.7727,0.192030419,42586,CBA
Solea_solea-Atlantic_Northeast,Solea solea,Common sole,"Flounders, halibuts, soles",Atlantic Northeast,0.792504366,0.904300124,0.961651338,1.024057615,1.15942441,0.0923413,0.965762221,166343.0353,1993,0.384060838,359090.6948,31669.7727,0.192030419,45405,CBA
Solea_solea-Atlantic_Northeast,Solea solea,Common sole,"Flounders, halibuts, soles",Atlantic Northeast,0.712209065,0.803203954,0.855798682,0.915697285,1.062788779,0.08791178,0.863760224,166343.0353,1994,0.384060838,359090.6948,31669.7727,0.192030419,48052,CBA
Solea_solea-Atlantic_Northeast,Solea solea,Common sole,"Flounders, halibuts, soles",Atlantic Northeast,0.630862013,0.723490394,0.773019819,0.835796931,0.966518343,0.087334167,0.78323305,166343.0353,1995,0.384060838,359090.6948,31669.7727,0.192030419,44147,CBA
Solea_solea-Atlantic_Northeast,Solea solea,Common sole,"Flounders, halibuts, soles",Atlantic Northeast,0.608054192,0.695327682,0.746535164,0.810430134,0.950693316,0.087983324,0.756138595,166343.0353,1996,0.384060838,359090.6948,31669.7727,0.192030419,34460,CBA
Solea_solea-Atlantic_Northeast,Solea solea,Common sole,"Flounders, halibuts, soles",Atlantic Northeast,0.626833155,0.713445725,0.763700969,0.817234084,0.9545159,0.083732082,0.770384262,166343.0353,1997,0.384060838,359090.6948,31669.7727,0.192030419,27279,CBA
Solea_solea-Atlantic_Northeast,Solea solea,Common sole,"Flounders, halibuts, soles",Atlantic Northeast,0.619756203,0.699913875,0.750986378,0.80468961,0.939317291,0.080919652,0.75763838,166343.0353,1998,0.384060838,359090.6948,31669.7727,0.192030419,31293,CBA
Solea_solea-Atlantic_Northeast,Solea solea,Common sole,"Flounders, halibuts, soles",Atlantic Northeast,0.585607346,0.664365644,0.712018348,0.767008801,0.900155333,0.080665289,0.720523482,166343.0353,1999,0.384060838,359090.6948,31669.7727,0.192030419,35705,CBA
Solea_solea-Atlantic_Northeast,Solea solea,Common sole,"Flounders, halibuts, soles",Atlantic Northeast,0.557466019,0.625434231,0.673535839,0.728346698,0.867093834,0.079720036,0.682932244,166343.0353,2000,0.384060838,359090.6948,31669.7727,0.192030419,34677,CBA
Solea_solea-Atlantic_Northeast,Solea solea,Common sole,"Flounders, halibuts, soles",Atlantic Northeast,0.530718601,0.603142718,0.647349424,0.700927104,0.844527786,0.080012207,0.657475099,166343.0353,2001,0.384060838,359090.6948,31669.7727,0.192030419,32270,CBA
Solea_solea-Atlantic_Northeast,Solea solea,Common sole,"Flounders, halibuts, soles",Atlantic Northeast,0.522500026,0.59192338,0.635587345,0.687434931,0.823262926,0.076437395,0.644654889,166343.0353,2002,0.384060838,359090.6948,31669.7727,0.192030419,29559,CBA
Solea_solea-Atlantic_Northeast,Solea solea,Common sole,"Flounders, halibuts, soles",Atlantic Northeast,0.497274845,0.563578352,0.609410868,0.659415545,0.791620491,0.077032578,0.618468145,166343.0353,2003,0.384060838,359090.6948,31669.7727,0.192030419,31611,CBA
Solea_solea-Atlantic_Northeast,Solea solea,Common sole,"Flounders, halibuts, soles",Atlantic Northeast,0.464397524,0.533637279,0.576688896,0.630220068,0.76659451,0.079079189,0.58840607,166343.0353,2004,0.384060838,359090.6948,31669.7727,0.192030419,31263,CBA
Solea_solea-Atlantic_Northeast,Solea solea,Common sole,"Flounders, halibuts, soles",Atlantic Northeast,0.44194263,0.510623991,0.556236668,0.609533947,0.753428394,0.08144089,0.566330847,166343.0353,2005,0.384060838,359090.6948,31669.7727,0.192030419,29205,CBA
Solea_solea-Atlantic_Northeast,Solea solea,Common sole,"Flounders, halibuts, soles",Atlantic Northeast,0.435091945,0.504720731,0.551746032,0.608461143,0.757930235,0.081583146,0.562478146,166343.0353,2006,0.384060838,359090.6948,31669.7727,0.192030419,25413,CBA
Solea_solea-Atlantic_Northeast,Solea solea,Common sole,"Flounders, halibuts, soles",Atlantic Northeast,0.419178801,0.488007935,0.533984124,0.596637141,0.748005238,0.085054368,0.548439008,166343.0353,2007,0.384060838,359090.6948,31669.7727,0.192030419,27229,CBA
Solea_solea-Atlantic_Northeast,Solea solea,Common sole,"Flounders, halibuts, soles",Atlantic Northeast,0.411695386,0.480647078,0.534324548,0.596001906,0.749703346,0.088218603,0.546304747,166343.0353,2008,0.384060838,359090.6948,31669.7727,0.192030419,24929,CBA
Solea_solea-Atlantic_Northeast,Solea solea,Common sole,"Flounders, halibuts, soles",Atlantic Northeast,0.385047575,0.457320944,0.519362976,0.585473285,0.75058026,0.095490926,0.52963498,166343.0353,2009,0.384060838,359090.6948,31669.7727,0.192030419,27291,CBA
Solea_solea-Atlantic_Northeast,Solea solea,Common sole,"Flounders, halibuts, soles",Atlantic Northeast,0.352724678,0.444130317,0.508295803,0.583861944,0.754537925,0.10303823,0.520733248,166343.0353,2010,0.384060838,359090.6948,31669.7727,0.192030419,25227,CBA
Solea_solea-Atlantic_Northeast,Solea solea,Common sole,"Flounders, halibuts, soles",Atlantic Northeast,0.332181001,0.434392688,0.512253375,0.592307546,0.748454059,0.111756945,0.518682596,166343.0353,2011,0.384060838,359090.6948,31669.7727,0.192030419,23757,CBA
Solea_solea-Atlantic_Northeast,Solea solea,Common sole,"Flounders, halibuts, soles",Atlantic Northeast,0.298769375,0.418419698,0.51409666,0.607152579,0.760342445,0.124301337,0.515754579,166343.0353,2012,0.384060838,359090.6948,31669.7727,0.192030419,23742,CBA
Solea_solea-Atlantic_Northeast,Solea solea,Common sole,"Flounders, halibuts, soles",Atlantic Northeast,0.253180288,0.389108808,0.506980519,0.612687316,0.757792169,0.140532186,0.502871905,166343.0353,2013,0.384060838,359090.6948,31669.7727,0.192030419,25620,CBA
Solea_solea-Atlantic_Northeast,Solea solea,Common sole,"Flounders, halibuts, soles",Atlantic Northeast,0.19885185,0.363258919,0.505580945,0.620597605,0.764188634,0.160219268,0.491773119,166343.0353,2014,0.384060838,359090.6948,31669.7727,0.192030419,24719,CBA
Solea_solea-Atlantic_Northeast,Solea solea,Common sole,"Flounders, halibuts, soles",Atlantic Northeast,0.140487134,0.343994322,0.512032734,0.642624018,0.76877775,0.185666227,0.488328561,166343.0353,2015,0.384060838,359090.6948,31669.7727,0.192030419,22713,CBA
Solea_solea-Atlantic_Northeast,Solea solea,Common sole,"Flounders, halibuts, soles",Atlantic Northeast,0.06030085,0.321942718,0.52830755,0.679430533,0.789682708,0.219864397,0.488896813,166343.0353,2016,0.384060838,359090.6948,31669.7727,0.192030419,21726,CBA
Solea_solea-Mediterranean and Black Sea,Solea solea,Common sole,"Flounders, halibuts, soles",Mediterranean and Black Sea,1.012764486,1.211475803,1.372615421,1.558764205,1.874159525,0.232049035,1.394183803,49076.83228,1950,0.399454509,79512.52685,7511.812568,0.199727255,600,CBA
Solea_solea-Mediterranean and Black Sea,Solea solea,Common sole,"Flounders, halibuts, soles",Mediterranean and Black Sea,1.140576384,1.361766381,1.515818633,1.687046151,1.927891977,0.213830027,1.524764418,49076.83228,1951,0.399454509,79512.52685,7511.812568,0.199727255,600,CBA
Solea_solea-Mediterranean and Black Sea,Solea solea,Common sole,"Flounders, halibuts, soles",Mediterranean and Black Sea,1.235731871,1.477362137,1.618700942,1.764467644,1.946778937,0.192510528,1.613667407,49076.83228,1952,0.399454509,79512.52685,7511.812568,0.199727255,1100,CBA
Solea_solea-Mediterranean and Black Sea,Solea solea,Common sole,"Flounders, halibuts, soles",Mediterranean and Black Sea,1.334160827,1.58115131,1.706341593,1.820415672,1.971120834,0.168341875,1.692602916,49076.83228,1953,0.399454509,79512.52685,7511.812568,0.199727255,500,CBA
Solea_solea-Mediterranean and Black Sea,Solea solea,Common sole,"Flounders, halibuts, soles",Mediterranean and Black Sea,1.419159954,1.653146662,1.759269463,1.851523514,1.970728615,0.145142816,1.74277794,49076.83228,1954,0.399454509,79512.52685,7511.812568,0.199727255,900,CBA
Solea_solea-Mediterranean and Black Sea,Solea solea,Common sole,"Flounders, halibuts, soles",Mediterranean and Black Sea,1.496102073,1.699591416,1.793179115,1.875515063,1.97909044,0.126971853,1.779033985,49076.83228,1955,0.399454509,79512.52685,7511.812568,0.199727255,800,CBA
Solea_solea-Mediterranean and Black Sea,Solea solea,Common sole,"Flounders, halibuts, soles",Mediterranean and Black Sea,1.545578504,1.730419697,1.81251888,1.888007664,1.981584424,0.114937978,1.801682201,49076.83228,1956,0.399454509,79512.52685,7511.812568,0.199727255,1000,CBA
Solea_solea-Mediterranean and Black Sea,Solea solea,Common sole,"Flounders, halibuts, soles",Mediterranean and Black Sea,1.576637287,1.754291977,1.83204761,1.904686456,1.985315242,0.107554108,1.820930566,49076.83228,1957,0.399454509,79512.52685,7511.812568,0.199727255,900,CBA
Solea_solea-Mediterranean and Black Sea,Solea solea,Common sole,"Flounders, halibuts, soles",Mediterranean and Black Sea,1.567149643,1.720108853,1.794864432,1.86406112,1.974356633,0.106535565,1.788718543,49076.83228,1958,0.399454509,79512.52685,7511.812568,0.199727255,3100,CBA
Solea_solea-Mediterranean and Black Sea,Solea solea,Common sole,"Flounders, halibuts, soles",Mediterranean and Black Sea,1.546388111,1.702931974,1.779261217,1.852234142,1.963186758,0.107406641,1.773647362,49076.83228,1959,0.399454509,79512.52685,7511.812568,0.199727255,3000,CBA
Solea_solea-Mediterranean and Black Sea,Solea solea,Common sole,"Flounders, halibuts, soles",Mediterranean and Black Sea,1.528385838,1.682301625,1.755989602,1.831797006,1.953697095,0.109672008,1.753621301,49076.83228,1960,0.399454509,79512.52685,7511.812568,0.199727255,3400,CBA
Solea_solea-Mediterranean and Black Sea,Solea solea,Common sole,"Flounders, halibuts, soles",Mediterranean and Black Sea,1.499451938,1.658411917,1.732315339,1.807075851,1.941124463,0.112370828,1.729812987,49076.83228,1961,0.399454509,79512.52685,7511.812568,0.199727255,4000,CBA
Solea_solea-Mediterranean and Black Sea,Solea solea,Common sole,"Flounders, halibuts, soles",Mediterranean and Black Sea,1.473444792,1.622955394,1.702564495,1.782260098,1.923258863,0.11591186,1.701730172,49076.83228,1962,0.399454509,79512.52685,7511.812568,0.199727255,4500,CBA
Solea_solea-Mediterranean and Black Sea,Solea solea,Common sole,"Flounders, halibuts, soles",Mediterranean and Black Sea,1.43938068,1.590298348,1.671722096,1.753730056,1.898699867,0.118092836,1.672071326,49076.83228,1963,0.399454509,79512.52685,7511.812568,0.199727255,4900,CBA
Solea_solea-Mediterranean and Black Sea,Solea solea,Common sole,"Flounders, halibuts, soles",Mediterranean and Black Sea,1.420511463,1.573163373,1.652995717,1.736236452,1.888405903,0.120995941,1.654389051,49076.83228,1964,0.399454509,79512.52685,7511.812568,0.199727255,4800,CBA
Solea_solea-Mediterranean and Black Sea,Solea solea,Common sole,"Flounders, halibuts, soles",Mediterranean and Black Sea,1.331861638,1.48260075,1.567191678,1.654347891,1.809127826,0.12408578,1.568988169,49076.83228,1965,0.399454509,79512.52685,7511.812568,0.199727255,7600,CBA
Solea_solea-Mediterranean and Black Sea,Solea solea,Common sole,"Flounders, halibuts, soles",Mediterranean and Black Sea,1.319853473,1.47194025,1.557607796,1.639524016,1.808847652,0.124444329,1.558109909,49076.83228,1966,0.399454509,79512.52685,7511.812568,0.199727255,5500,CBA
Solea_solea-Mediterranean and Black Sea,Solea solea,Common sole,"Flounders, halibuts, soles",Mediterranean and Black Sea,1.326333097,1.486462505,1.575097853,1.660657909,1.828947026,0.128829642,1.574684624,49076.83228,1967,0.399454509,79512.52685,7511.812568,0.199727255,4600,CBA
Solea_solea-Mediterranean and Black Sea,Solea solea,Common sole,"Flounders, halibuts, soles",Mediterranean and Black Sea,1.32091889,1.490433941,1.573892772,1.665536498,1.837526602,0.131034827,1.576544266,49076.83228,1968,0.399454509,79512.52685,7511.812568,0.199727255,4900,CBA
Solea_solea-Mediterranean and Black Sea,Solea solea,Common sole,"Flounders, halibuts, soles",Mediterranean and Black Sea,1.322023875,1.494695004,1.584427274,1.668252294,1.836734586,0.130999537,1.582311131,49076.83228,1969,0.399454509,79512.52685,7511.812568,0.199727255,4800,CBA
Solea_solea-Mediterranean and Black Sea,Solea solea,Common sole,"Flounders, halibuts, soles",Mediterranean and Black Sea,1.331956297,1.505338009,1.598025449,1.6862736,1.852068488,0.13303744,1.595085041,49076.83228,1970,0.399454509,79512.52685,7511.812568,0.199727255,4482,CBA
Solea_solea-Mediterranean and Black Sea,Solea solea,Common sole,"Flounders, halibuts, soles",Mediterranean and Black Sea,1.341730531,1.513213663,1.606431175,1.696492665,1.863548693,0.133998234,1.605542096,49076.83228,1971,0.399454509,79512.52685,7511.812568,0.199727255,4483,CBA
Solea_solea-Mediterranean and Black Sea,Solea solea,Common sole,"Flounders, halibuts, soles",Mediterranean and Black Sea,1.334502038,1.508068873,1.599555022,1.690716857,1.867340891,0.133625552,1.599467981,49076.83228,1972,0.399454509,79512.52685,7511.812568,0.199727255,4943,CBA
Solea_solea-Mediterranean and Black Sea,Solea solea,Common sole,"Flounders, halibuts, soles",Mediterranean and Black Sea,1.330477008,1.502852788,1.590982466,1.68198445,1.855113569,0.133648052,1.591701396,49076.83228,1973,0.399454509,79512.52685,7511.812568,0.199727255,5100,CBA
Solea_solea-Mediterranean and Black Sea,Solea solea,Common sole,"Flounders, halibuts, soles",Mediterranean and Black Sea,1.327159804,1.492056314,1.584311914,1.670772027,1.850124394,0.132089414,1.584044314,49076.83228,1974,0.399454509,79512.52685,7511.812568,0.199727255,5110,CBA
Solea_solea-Mediterranean and Black Sea,Solea solea,Common sole,"Flounders, halibuts, soles",Mediterranean and Black Sea,1.322171608,1.487172516,1.576004998,1.66828231,1.842983927,0.132793428,1.577878408,49076.83228,1975,0.399454509,79512.52685,7511.812568,0.199727255,5261,CBA
Solea_solea-Mediterranean and Black Sea,Solea solea,Common sole,"Flounders, halibuts, soles",Mediterranean and Black Sea,1.29784989,1.459266863,1.547352609,1.634133945,1.807680784,0.130623232,1.548428355,49076.83228,1976,0.399454509,79512.52685,7511.812568,0.199727255,6154,CBA
Solea_solea-Mediterranean and Black Sea,Solea solea,Common sole,"Flounders, halibuts, soles",Mediterranean and Black Sea,1.275572234,1.4420437,1.528787123,1.614701097,1.787047313,0.129976409,1.528953448,49076.83228,1977,0.399454509,79512.52685,7511.812568,0.199727255,6110,CBA
Solea_solea-Mediterranean and Black Sea,Solea solea,Common sole,"Flounders, halibuts, soles",Mediterranean and Black Sea,1.27093639,1.434418315,1.522894606,1.610995473,1.794405482,0.132273497,1.524947716,49076.83228,1978,0.399454509,79512.52685,7511.812568,0.199727255,5695,CBA
Solea_solea-Mediterranean and Black Sea,Solea solea,Common sole,"Flounders, halibuts, soles",Mediterranean and Black Sea,1.25900481,1.416463964,1.504613909,1.593965517,1.774018837,0.131764179,1.507688084,49076.83228,1979,0.399454509,79512.52685,7511.812568,0.199727255,6250,CBA
Solea_solea-Mediterranean and Black Sea,Solea solea,Common sole,"Flounders, halibuts, soles",Mediterranean and Black Sea,1.233365898,1.384380554,1.472428661,1.557644047,1.746660713,0.13046152,1.474691903,49076.83228,1980,0.399454509,79512.52685,7511.812568,0.199727255,6963,CBA
Solea_solea-Mediterranean and Black Sea,Solea solea,Common sole,"Flounders, halibuts, soles",Mediterranean and Black Sea,1.227730526,1.383228271,1.467222622,1.555990248,1.730079259,0.128922451,1.471018489,49076.83228,1981,0.399454509,79512.52685,7511.812568,0.199727255,6225,CBA
Solea_solea-Mediterranean and Black Sea,Solea solea,Common sole,"Flounders, halibuts, soles",Mediterranean and Black Sea,1.214160789,1.367622398,1.45505192,1.543510708,1.716503696,0.129520445,1.456751403,49076.83228,1982,0.399454509,79512.52685,7511.812568,0.199727255,6638,CBA
Solea_solea-Mediterranean and Black Sea,Solea solea,Common sole,"Flounders, halibuts, soles",Mediterranean and Black Sea,1.19708881,1.343852929,1.431227428,1.520115954,1.690020449,0.128153435,1.434600063,49076.83228,1983,0.399454509,79512.52685,7511.812568,0.199727255,7091,CBA
Solea_solea-Mediterranean and Black Sea,Solea solea,Common sole,"Flounders, halibuts, soles",Mediterranean and Black Sea,1.140930803,1.288872996,1.371273461,1.461332815,1.635828759,0.126407389,1.377234636,49076.83228,1984,0.399454509,79512.52685,7511.812568,0.199727255,8562,CBA
Solea_solea-Mediterranean and Black Sea,Solea solea,Common sole,"Flounders, halibuts, soles",Mediterranean and Black Sea,1.075963623,1.218354627,1.296909649,1.388665501,1.578749818,0.127577596,1.307803661,49076.83228,1985,0.399454509,79512.52685,7511.812568,0.199727255,9389,CBA
Solea_solea-Mediterranean and Black Sea,Solea solea,Common sole,"Flounders, halibuts, soles",Mediterranean and Black Sea,0.994856305,1.131446066,1.214204244,1.305333864,1.501809509,0.129584649,1.223805934,49076.83228,1986,0.399454509,79512.52685,7511.812568,0.199727255,10252,CBA
Solea_solea-Mediterranean and Black Sea,Solea solea,Common sole,"Flounders, halibuts, soles",Mediterranean and Black Sea,0.9448946,1.0825673,1.163291536,1.253858215,1.459637947,0.13060994,1.175282284,49076.83228,1987,0.399454509,79512.52685,7511.812568,0.199727255,9197,CBA
Solea_solea-Mediterranean and Black Sea,Solea solea,Common sole,"Flounders, halibuts, soles",Mediterranean and Black Sea,0.916772111,1.05209581,1.129363481,1.22567633,1.442014006,0.13320034,1.144171483,49076.83228,1988,0.399454509,79512.52685,7511.812568,0.199727255,8631,CBA
Solea_solea-Mediterranean and Black Sea,Solea solea,Common sole,"Flounders, halibuts, soles",Mediterranean and Black Sea,0.877343244,1.005208227,1.088531442,1.190837981,1.414951206,0.138190474,1.105348704,49076.83228,1989,0.399454509,79512.52685,7511.812568,0.199727255,9013,CBA
Solea_solea-Mediterranean and Black Sea,Solea solea,Common sole,"Flounders, halibuts, soles",Mediterranean and Black Sea,0.824643795,0.949318067,1.0335122,1.141311717,1.379668384,0.143935021,1.054587742,49076.83228,1990,0.399454509,79512.52685,7511.812568,0.199727255,9429,CBA
Solea_solea-Mediterranean and Black Sea,Solea solea,Common sole,"Flounders, halibuts, soles",Mediterranean and Black Sea,0.768803642,0.886855512,0.975870452,1.090462055,1.351784097,0.151837807,0.999557032,49076.83228,1991,0.399454509,79512.52685,7511.812568,0.199727255,9635,CBA
Solea_solea-Mediterranean and Black Sea,Solea solea,Common sole,"Flounders, halibuts, soles",Mediterranean and Black Sea,0.698756054,0.822253587,0.914873978,1.039199866,1.313901135,0.162153257,0.942376164,49076.83228,1992,0.399454509,79512.52685,7511.812568,0.199727255,9685,CBA
Solea_solea-Mediterranean and Black Sea,Solea solea,Common sole,"Flounders, halibuts, soles",Mediterranean and Black Sea,0.6464638,0.771978234,0.873172446,1.008022184,1.29835254,0.175273407,0.903903934,49076.83228,1993,0.399454509,79512.52685,7511.812568,0.199727255,8867,CBA
Solea_solea-Mediterranean and Black Sea,Solea solea,Common sole,"Flounders, halibuts, soles",Mediterranean and Black Sea,0.595630321,0.725466982,0.837892716,0.989863645,1.303762134,0.190517098,0.872474483,49076.83228,1994,0.399454509,79512.52685,7511.812568,0.199727255,8454,CBA
Solea_solea-Mediterranean and Black Sea,Solea solea,Common sole,"Flounders, halibuts, soles",Mediterranean and Black Sea,0.509044,0.65649752,0.784863848,0.952710687,1.294306323,0.210582874,0.81960755,49076.83228,1995,0.399454509,79512.52685,7511.812568,0.199727255,9198,CBA
Solea_solea-Mediterranean and Black Sea,Solea solea,Common sole,"Flounders, halibuts, soles",Mediterranean and Black Sea,0.475569309,0.640885812,0.781431094,0.969001469,1.343263894,0.233268443,0.820576967,49076.83228,1996,0.399454509,79512.52685,7511.812568,0.199727255,6949,CBA
Solea_solea-Mediterranean and Black Sea,Solea solea,Common sole,"Flounders, halibuts, soles",Mediterranean and Black Sea,0.459010235,0.64828755,0.79972311,1.014689691,1.417331458,0.256640757,0.8461636,49076.83228,1997,0.399454509,79512.52685,7511.812568,0.199727255,5917,CBA
Solea_solea-Mediterranean and Black Sea,Solea solea,Common sole,"Flounders, halibuts, soles",Mediterranean and Black Sea,0.471916281,0.678354527,0.848695872,1.07898296,1.506616366,0.277761913,0.894341392,49076.83228,1998,0.399454509,79512.52685,7511.812568,0.199727255,5047,CBA
Solea_solea-Mediterranean and Black Sea,Solea solea,Common sole,"Flounders, halibuts, soles",Mediterranean and Black Sea,0.515987093,0.736075624,0.916763944,1.16711493,1.601512415,0.296992727,0.965872908,49076.83228,1999,0.399454509,79512.52685,7511.812568,0.199727255,4179,CBA
Solea_solea-Mediterranean and Black Sea,Solea solea,Common sole,"Flounders, halibuts, soles",Mediterranean and Black Sea,0.533877463,0.764712824,0.965690214,1.233571899,1.635349927,0.305905989,1.010399511,49076.83228,2000,0.399454509,79512.52685,7511.812568,0.199727255,5169,CBA
Solea_solea-Mediterranean and Black Sea,Solea solea,Common sole,"Flounders, halibuts, soles",Mediterranean and Black Sea,0.564031084,0.803774271,1.020980927,1.294448257,1.673456331,0.310784931,1.057289409,49076.83228,2001,0.399454509,79512.52685,7511.812568,0.199727255,4977,CBA
Solea_solea-Mediterranean and Black Sea,Solea solea,Common sole,"Flounders, halibuts, soles",Mediterranean and Black Sea,0.580294069,0.831111436,1.067776414,1.325280913,1.667355674,0.310794463,1.086092935,49076.83228,2002,0.399454509,79512.52685,7511.812568,0.199727255,5548,CBA
Solea_solea-Mediterranean and Black Sea,Solea solea,Common sole,"Flounders, halibuts, soles",Mediterranean and Black Sea,0.57804463,0.837745451,1.082694347,1.349654096,1.666112937,0.310870487,1.097188708,49076.83228,2003,0.399454509,79512.52685,7511.812568,0.199727255,6272,CBA
Solea_solea-Mediterranean and Black Sea,Solea solea,Common sole,"Flounders, halibuts, soles",Mediterranean and Black Sea,0.604625767,0.873194448,1.129235704,1.385917498,1.703413834,0.312399991,1.132422173,49076.83228,2004,0.399454509,79512.52685,7511.812568,0.199727255,5340,CBA
Solea_solea-Mediterranean and Black Sea,Solea solea,Common sole,"Flounders, halibuts, soles",Mediterranean and Black Sea,0.629712977,0.910065211,1.169200785,1.412015088,1.703204108,0.307177586,1.164024638,49076.83228,2005,0.399454509,79512.52685,7511.812568,0.199727255,5246,CBA
Solea_solea-Mediterranean and Black Sea,Solea solea,Common sole,"Flounders, halibuts, soles",Mediterranean and Black Sea,0.627728686,0.917154446,1.178863839,1.409366647,1.683166044,0.300529923,1.164222481,49076.83228,2006,0.399454509,79512.52685,7511.812568,0.199727255,6403,CBA
Solea_solea-Mediterranean and Black Sea,Solea solea,Common sole,"Flounders, halibuts, soles",Mediterranean and Black Sea,0.62803466,0.933497864,1.18461808,1.400631443,1.673613714,0.29338351,1.165963038,49076.83228,2007,0.399454509,79512.52685,7511.812568,0.199727255,6322,CBA
Solea_solea-Mediterranean and Black Sea,Solea solea,Common sole,"Flounders, halibuts, soles",Mediterranean and Black Sea,0.642189753,0.95974223,1.207589435,1.408652903,1.680231677,0.289203385,1.182491179,49076.83228,2008,0.399454509,79512.52685,7511.812568,0.199727255,5768,CBA
Solea_solea-Mediterranean and Black Sea,Solea solea,Common sole,"Flounders, halibuts, soles",Mediterranean and Black Sea,0.635954614,0.970963079,1.210100108,1.400848154,1.657747899,0.28190236,1.18057771,49076.83228,2009,0.399454509,79512.52685,7511.812568,0.199727255,6373,CBA
Solea_solea-Mediterranean and Black Sea,Solea solea,Common sole,"Flounders, halibuts, soles",Mediterranean and Black Sea,0.627181893,0.982518592,1.213053783,1.400027074,1.623108716,0.275121555,1.180686004,49076.83228,2010,0.399454509,79512.52685,7511.812568,0.199727255,6287,CBA
Solea_solea-Mediterranean and Black Sea,Solea solea,Common sole,"Flounders, halibuts, soles",Mediterranean and Black Sea,0.633757392,1.005961885,1.223730852,1.396098837,1.634788488,0.269987206,1.190044904,49076.83228,2011,0.399454509,79512.52685,7511.812568,0.199727255,5897,CBA
Solea_solea-Mediterranean and Black Sea,Solea solea,Common sole,"Flounders, halibuts, soles",Mediterranean and Black Sea,0.640547261,1.0394183,1.246714972,1.411292048,1.630054326,0.262706268,1.210971015,49076.83228,2012,0.399454509,79512.52685,7511.812568,0.199727255,5370,CBA
Solea_solea-Mediterranean and Black Sea,Solea solea,Common sole,"Flounders, halibuts, soles",Mediterranean and Black Sea,0.668017123,1.082280835,1.277590982,1.417570285,1.635826468,0.251284462,1.234010665,49076.83228,2013,0.399454509,79512.52685,7511.812568,0.199727255,5056,CBA
Solea_solea-Mediterranean and Black Sea,Solea solea,Common sole,"Flounders, halibuts, soles",Mediterranean and Black Sea,0.685206035,1.11680212,1.291395995,1.412464392,1.603265946,0.234143175,1.244663477,49076.83228,2014,0.399454509,79512.52685,7511.812568,0.199727255,5268,CBA
Solea_solea-Mediterranean and Black Sea,Solea solea,Common sole,"Flounders, halibuts, soles",Mediterranean and Black Sea,0.695132939,1.145864986,1.298884564,1.395088569,1.53613665,0.212294752,1.246235054,49076.83228,2015,0.399454509,79512.52685,7511.812568,0.199727255,5470,CBA
Solea_solea-Mediterranean and Black Sea,Solea solea,Common sole,"Flounders, halibuts, soles",Mediterranean and Black Sea,0.692964127,1.16106603,1.302070273,1.363181396,1.396705438,0.186033986,1.228908112,49076.83228,2016,0.399454509,79512.52685,7511.812568,0.199727255,5807,CBA
Sparus_aurata-Mediterranean and Black Sea,Sparus aurata,Gilthead seabream,Miscellaneous coastal fishes,Mediterranean and Black Sea,1.070754783,1.288006258,1.450918886,1.644356524,1.930395757,0.233736842,1.469106635,27920.53082,1951,0.580427125,45466.50434,5981.543396,0.290213563,200,Domestic
Sparus_aurata-Mediterranean and Black Sea,Sparus aurata,Gilthead seabream,Miscellaneous coastal fishes,Mediterranean and Black Sea,1.229712999,1.486299656,1.653883155,1.811340778,1.974185494,0.207180073,1.640897637,27920.53082,1953,0.580427125,45466.50434,5981.543396,0.290213563,200,Domestic
Sparus_aurata-Mediterranean and Black Sea,Sparus aurata,Gilthead seabream,Miscellaneous coastal fishes,Mediterranean and Black Sea,1.365502443,1.633880033,1.777277028,1.887374135,1.985814411,0.171310859,1.747276154,27920.53082,1954,0.580427125,45466.50434,5981.543396,0.290213563,100,Domestic
Sparus_aurata-Mediterranean and Black Sea,Sparus aurata,Gilthead seabream,Miscellaneous coastal fishes,Mediterranean and Black Sea,1.480230338,1.727812823,1.834703793,1.913110564,1.990331107,0.137765924,1.806533091,27920.53082,1955,0.580427125,45466.50434,5981.543396,0.290213563,100,Domestic
Sparus_aurata-Mediterranean and Black Sea,Sparus aurata,Gilthead seabream,Miscellaneous coastal fishes,Mediterranean and Black Sea,1.559859038,1.772846159,1.856871287,1.923381279,1.991159631,0.115012625,1.83604427,27920.53082,1956,0.580427125,45466.50434,5981.543396,0.290213563,300,Domestic
Sparus_aurata-Mediterranean and Black Sea,Sparus aurata,Gilthead seabream,Miscellaneous coastal fishes,Mediterranean and Black Sea,1.617531101,1.801783605,1.875775008,1.934631737,1.991022821,0.099625875,1.858268726,27920.53082,1957,0.580427125,45466.50434,5981.543396,0.290213563,200,Domestic
Sparus_aurata-Mediterranean and Black Sea,Sparus aurata,Gilthead seabream,Miscellaneous coastal fishes,Mediterranean and Black Sea,1.61814615,1.77555413,1.84482983,1.906005742,1.985103134,0.096207206,1.834172059,27920.53082,1958,0.580427125,45466.50434,5981.543396,0.290213563,1300,Domestic
Sparus_aurata-Mediterranean and Black Sea,Sparus aurata,Gilthead seabream,Miscellaneous coastal fishes,Mediterranean and Black Sea,1.629148757,1.768883592,1.839412019,1.901364279,1.983866286,0.094893611,1.830843876,27920.53082,1959,0.580427125,45466.50434,5981.543396,0.290213563,1200,Domestic
Sparus_aurata-Mediterranean and Black Sea,Sparus aurata,Gilthead seabream,Miscellaneous coastal fishes,Mediterranean and Black Sea,1.635407784,1.781702698,1.848712564,1.911435063,1.986186223,0.093443346,1.839902833,27920.53082,1960,0.580427125,45466.50434,5981.543396,0.290213563,900,Domestic
Sparus_aurata-Mediterranean and Black Sea,Sparus aurata,Gilthead seabream,Miscellaneous coastal fishes,Mediterranean and Black Sea,1.646130064,1.787698059,1.856232362,1.917567517,1.988371297,0.091814621,1.84705858,27920.53082,1961,0.580427125,45466.50434,5981.543396,0.290213563,900,Domestic
Sparus_aurata-Mediterranean and Black Sea,Sparus aurata,Gilthead seabream,Miscellaneous coastal fishes,Mediterranean and Black Sea,1.640435941,1.773988968,1.841899357,1.902910796,1.985569769,0.090961756,1.834769585,27920.53082,1962,0.580427125,45466.50434,5981.543396,0.290213563,1300,Domestic
Sparus_aurata-Mediterranean and Black Sea,Sparus aurata,Gilthead seabream,Miscellaneous coastal fishes,Mediterranean and Black Sea,1.644710683,1.776457977,1.845068838,1.906993476,1.985649614,0.09119562,1.83728366,27920.53082,1963,0.580427125,45466.50434,5981.543396,0.290213563,1200,Domestic
Sparus_aurata-Mediterranean and Black Sea,Sparus aurata,Gilthead seabream,Miscellaneous coastal fishes,Mediterranean and Black Sea,1.620374275,1.75488461,1.824254387,1.888488491,1.980319905,0.094509367,1.818548645,27920.53082,1964,0.580427125,45466.50434,5981.543396,0.290213563,1800,Domestic
Sparus_aurata-Mediterranean and Black Sea,Sparus aurata,Gilthead seabream,Miscellaneous coastal fishes,Mediterranean and Black Sea,1.601240541,1.736430374,1.80551298,1.871261106,1.973891596,0.097125309,1.800929667,27920.53082,1965,0.580427125,45466.50434,5981.543396,0.290213563,2000,Domestic
Sparus_aurata-Mediterranean and Black Sea,Sparus aurata,Gilthead seabream,Miscellaneous coastal fishes,Mediterranean and Black Sea,1.582422187,1.728245644,1.796525081,1.865607668,1.971343621,0.099553245,1.793165686,27920.53082,1966,0.580427125,45466.50434,5981.543396,0.290213563,2000,Domestic
Sparus_aurata-Mediterranean and Black Sea,Sparus aurata,Gilthead seabream,Miscellaneous coastal fishes,Mediterranean and Black Sea,1.577159488,1.717980023,1.788721693,1.858741813,1.965841608,0.100638637,1.785543634,27920.53082,1967,0.580427125,45466.50434,5981.543396,0.290213563,2100,Domestic
Sparus_aurata-Mediterranean and Black Sea,Sparus aurata,Gilthead seabream,Miscellaneous coastal fishes,Mediterranean and Black Sea,1.575742352,1.718886897,1.790240995,1.858911968,1.971244473,0.101930425,1.786359448,27920.53082,1968,0.580427125,45466.50434,5981.543396,0.290213563,2000,Domestic
Sparus_aurata-Mediterranean and Black Sea,Sparus aurata,Gilthead seabream,Miscellaneous coastal fishes,Mediterranean and Black Sea,1.567578545,1.703917995,1.773881472,1.844977988,1.961353858,0.102180453,1.77230743,27920.53082,1969,0.580427125,45466.50434,5981.543396,0.290213563,2300,Domestic
Sparus_aurata-Mediterranean and Black Sea,Sparus aurata,Gilthead seabream,Miscellaneous coastal fishes,Mediterranean and Black Sea,1.548954904,1.694384922,1.766589961,1.836798405,1.952602805,0.103288222,1.763536078,27920.53082,1970,0.580427125,45466.50434,5981.543396,0.290213563,2334,Domestic
Sparus_aurata-Mediterranean and Black Sea,Sparus aurata,Gilthead seabream,Miscellaneous coastal fishes,Mediterranean and Black Sea,1.559125312,1.704136162,1.779594139,1.849759804,1.961580501,0.104499237,1.774717744,27920.53082,1971,0.580427125,45466.50434,5981.543396,0.290213563,2031,Domestic
Sparus_aurata-Mediterranean and Black Sea,Sparus aurata,Gilthead seabream,Miscellaneous coastal fishes,Mediterranean and Black Sea,1.540090465,1.684188244,1.757762615,1.828739237,1.949190561,0.104956779,1.754228398,27920.53082,1972,0.580427125,45466.50434,5981.543396,0.290213563,2605,Domestic
Sparus_aurata-Mediterranean and Black Sea,Sparus aurata,Gilthead seabream,Miscellaneous coastal fishes,Mediterranean and Black Sea,1.555469826,1.701471624,1.776134794,1.849174875,1.965590067,0.106212714,1.772276786,27920.53082,1973,0.580427125,45466.50434,5981.543396,0.290213563,1985,Domestic
Sparus_aurata-Mediterranean and Black Sea,Sparus aurata,Gilthead seabream,Miscellaneous coastal fishes,Mediterranean and Black Sea,1.551859912,1.698958247,1.770524882,1.842650419,1.962700388,0.105349869,1.768100134,27920.53082,1974,0.580427125,45466.50434,5981.543396,0.290213563,2307,Domestic
Sparus_aurata-Mediterranean and Black Sea,Sparus aurata,Gilthead seabream,Miscellaneous coastal fishes,Mediterranean and Black Sea,1.507433549,1.651202552,1.725577357,1.796181843,1.930982895,0.1071847,1.722787521,27920.53082,1975,0.580427125,45466.50434,5981.543396,0.290213563,3267,Domestic
Sparus_aurata-Mediterranean and Black Sea,Sparus aurata,Gilthead seabream,Miscellaneous coastal fishes,Mediterranean and Black Sea,1.499226121,1.646642743,1.719949918,1.794434521,1.929666808,0.109541233,1.719115269,27920.53082,1976,0.580427125,45466.50434,5981.543396,0.290213563,2851,Domestic
Sparus_aurata-Mediterranean and Black Sea,Sparus aurata,Gilthead seabream,Miscellaneous coastal fishes,Mediterranean and Black Sea,1.466999311,1.607308011,1.682105103,1.757299908,1.899422655,0.110946777,1.682567715,27920.53082,1977,0.580427125,45466.50434,5981.543396,0.290213563,3554,Domestic
Sparus_aurata-Mediterranean and Black Sea,Sparus aurata,Gilthead seabream,Miscellaneous coastal fishes,Mediterranean and Black Sea,1.422661872,1.564124846,1.638203804,1.71413147,1.860389066,0.111691446,1.639612681,27920.53082,1978,0.580427125,45466.50434,5981.543396,0.290213563,3996,Domestic
Sparus_aurata-Mediterranean and Black Sea,Sparus aurata,Gilthead seabream,Miscellaneous coastal fishes,Mediterranean and Black Sea,1.458805872,1.620709854,1.699009669,1.775607195,1.914883699,0.115733212,1.696299818,27920.53082,1979,0.580427125,45466.50434,5981.543396,0.290213563,2286,Domestic
Sparus_aurata-Mediterranean and Black Sea,Sparus aurata,Gilthead seabream,Miscellaneous coastal fishes,Mediterranean and Black Sea,1.454137038,1.611672039,1.689185213,1.764321557,1.905496762,0.114548213,1.686024629,27920.53082,1980,0.580427125,45466.50434,5981.543396,0.290213563,3159,Domestic
Sparus_aurata-Mediterranean and Black Sea,Sparus aurata,Gilthead seabream,Miscellaneous coastal fishes,Mediterranean and Black Sea,1.454491987,1.611658344,1.691974637,1.7706253,1.90321168,0.115625322,1.688966775,27920.53082,1981,0.580427125,45466.50434,5981.543396,0.290213563,2997,Domestic
Sparus_aurata-Mediterranean and Black Sea,Sparus aurata,Gilthead seabream,Miscellaneous coastal fishes,Mediterranean and Black Sea,1.459706107,1.619827498,1.700216687,1.776973475,1.916393206,0.116655087,1.697105421,27920.53082,1982,0.580427125,45466.50434,5981.543396,0.290213563,2846,Domestic
Sparus_aurata-Mediterranean and Black Sea,Sparus aurata,Gilthead seabream,Miscellaneous coastal fishes,Mediterranean and Black Sea,1.440697243,1.594490173,1.6709652,1.748180401,1.894079939,0.114817619,1.67015579,27920.53082,1983,0.580427125,45466.50434,5981.543396,0.290213563,3490,Domestic
Sparus_aurata-Mediterranean and Black Sea,Sparus aurata,Gilthead seabream,Miscellaneous coastal fishes,Mediterranean and Black Sea,1.413463533,1.574636747,1.651014164,1.730902853,1.882341577,0.117349785,1.65154317,27920.53082,1984,0.580427125,45466.50434,5981.543396,0.290213563,3635,Domestic
Sparus_aurata-Mediterranean and Black Sea,Sparus aurata,Gilthead seabream,Miscellaneous coastal fishes,Mediterranean and Black Sea,1.400200833,1.555807469,1.634234179,1.712872014,1.867579937,0.1184018,1.634609429,27920.53082,1985,0.580427125,45466.50434,5981.543396,0.290213563,3722,Domestic
Sparus_aurata-Mediterranean and Black Sea,Sparus aurata,Gilthead seabream,Miscellaneous coastal fishes,Mediterranean and Black Sea,1.388365306,1.546055452,1.624030088,1.704610002,1.859842106,0.119913824,1.624756204,27920.53082,1986,0.580427125,45466.50434,5981.543396,0.290213563,3715,Domestic
Sparus_aurata-Mediterranean and Black Sea,Sparus aurata,Gilthead seabream,Miscellaneous coastal fishes,Mediterranean and Black Sea,1.397412365,1.563695951,1.645651258,1.72543866,1.88294336,0.121791342,1.643303742,27920.53082,1987,0.580427125,45466.50434,5981.543396,0.290213563,3202,Domestic
Sparus_aurata-Mediterranean and Black Sea,Sparus aurata,Gilthead seabream,Miscellaneous coastal fishes,Mediterranean and Black Sea,1.386183356,1.55288734,1.634844158,1.716400341,1.866763238,0.122103065,1.633506128,27920.53082,1988,0.580427125,45466.50434,5981.543396,0.290213563,3622,Domestic
Sparus_aurata-Mediterranean and Black Sea,Sparus aurata,Gilthead seabream,Miscellaneous coastal fishes,Mediterranean and Black Sea,1.377654322,1.54126823,1.62107955,1.703279146,1.857794848,0.121760167,1.621012644,27920.53082,1989,0.580427125,45466.50434,5981.543396,0.290213563,3742,Domestic
Sparus_aurata-Mediterranean and Black Sea,Sparus aurata,Gilthead seabream,Miscellaneous coastal fishes,Mediterranean and Black Sea,1.378765252,1.541015296,1.624526898,1.706152656,1.866865406,0.123269807,1.623666704,27920.53082,1990,0.580427125,45466.50434,5981.543396,0.290213563,3573,Domestic
Sparus_aurata-Mediterranean and Black Sea,Sparus aurata,Gilthead seabream,Miscellaneous coastal fishes,Mediterranean and Black Sea,1.357468742,1.513840269,1.59390891,1.674481881,1.833374805,0.121478977,1.594392372,27920.53082,1991,0.580427125,45466.50434,5981.543396,0.290213563,4183,Domestic
Sparus_aurata-Mediterranean and Black Sea,Sparus aurata,Gilthead seabream,Miscellaneous coastal fishes,Mediterranean and Black Sea,1.302239298,1.446805914,1.529975317,1.612286862,1.771865552,0.121270085,1.531015303,27920.53082,1992,0.580427125,45466.50434,5981.543396,0.290213563,5144,Domestic
Sparus_aurata-Mediterranean and Black Sea,Sparus aurata,Gilthead seabream,Miscellaneous coastal fishes,Mediterranean and Black Sea,1.254178684,1.404502707,1.485884472,1.57278757,1.73915876,0.124319946,1.489372551,27920.53082,1993,0.580427125,45466.50434,5981.543396,0.290213563,5182,Domestic
Sparus_aurata-Mediterranean and Black Sea,Sparus aurata,Gilthead seabream,Miscellaneous coastal fishes,Mediterranean and Black Sea,1.176498805,1.330160282,1.416642942,1.509022075,1.690326126,0.131285147,1.421631594,27920.53082,1994,0.580427125,45466.50434,5981.543396,0.290213563,5957,Domestic
Sparus_aurata-Mediterranean and Black Sea,Sparus aurata,Gilthead seabream,Miscellaneous coastal fishes,Mediterranean and Black Sea,1.172786413,1.33702813,1.429012383,1.522552768,1.708570106,0.135139691,1.43188482,27920.53082,1995,0.580427125,45466.50434,5981.543396,0.290213563,4720,Domestic
Sparus_aurata-Mediterranean and Black Sea,Sparus aurata,Gilthead seabream,Miscellaneous coastal fishes,Mediterranean and Black Sea,1.188755105,1.354614758,1.445940989,1.543585177,1.725953849,0.138776943,1.449093175,27920.53082,1996,0.580427125,45466.50434,5981.543396,0.290213563,4490,Domestic
Sparus_aurata-Mediterranean and Black Sea,Sparus aurata,Gilthead seabream,Miscellaneous coastal fishes,Mediterranean and Black Sea,1.203497526,1.367985341,1.464169255,1.563069022,1.748658746,0.14108701,1.468429695,27920.53082,1997,0.580427125,45466.50434,5981.543396,0.290213563,4328,Domestic
Sparus_aurata-Mediterranean and Black Sea,Sparus aurata,Gilthead seabream,Miscellaneous coastal fishes,Mediterranean and Black Sea,1.202475346,1.374293626,1.468920872,1.565494884,1.745025864,0.139683986,1.47030745,27920.53082,1998,0.580427125,45466.50434,5981.543396,0.290213563,4568,Domestic
Sparus_aurata-Mediterranean and Black Sea,Sparus aurata,Gilthead seabream,Miscellaneous coastal fishes,Mediterranean and Black Sea,1.157873694,1.318941211,1.410871937,1.508118654,1.694009974,0.137300599,1.415242922,27920.53082,1999,0.580427125,45466.50434,5981.543396,0.290213563,5751,Domestic
Sparus_aurata-Mediterranean and Black Sea,Sparus aurata,Gilthead seabream,Miscellaneous coastal fishes,Mediterranean and Black Sea,1.139533134,1.296082639,1.390202713,1.491182255,1.681427286,0.140773305,1.395859629,27920.53082,2000,0.580427125,45466.50434,5981.543396,0.290213563,5332,Domestic
Sparus_aurata-Mediterranean and Black Sea,Sparus aurata,Gilthead seabream,Miscellaneous coastal fishes,Mediterranean and Black Sea,1.090023214,1.243195613,1.339957921,1.440985019,1.636445304,0.143045309,1.346014107,27920.53082,2001,0.580427125,45466.50434,5981.543396,0.290213563,6060,Domestic
Sparus_aurata-Mediterranean and Black Sea,Sparus aurata,Gilthead seabream,Miscellaneous coastal fishes,Mediterranean and Black Sea,1.007663687,1.158534988,1.2608419,1.36638226,1.574320337,0.149012179,1.268186499,27920.53082,2002,0.580427125,45466.50434,5981.543396,0.290213563,6879,Domestic
Sparus_aurata-Mediterranean and Black Sea,Sparus aurata,Gilthead seabream,Miscellaneous coastal fishes,Mediterranean and Black Sea,0.916132679,1.078921151,1.189186665,1.31200547,1.527552418,0.161824977,1.19849268,27920.53082,2003,0.580427125,45466.50434,5981.543396,0.290213563,6977,Domestic
Sparus_aurata-Mediterranean and Black Sea,Sparus aurata,Gilthead seabream,Miscellaneous coastal fishes,Mediterranean and Black Sea,0.805016751,0.990189441,1.115524709,1.247486975,1.488142028,0.179951003,1.123370589,27920.53082,2004,0.580427125,45466.50434,5981.543396,0.290213563,7271,Domestic
Sparus_aurata-Mediterranean and Black Sea,Sparus aurata,Gilthead seabream,Miscellaneous coastal fishes,Mediterranean and Black Sea,0.840652291,1.030411599,1.166887893,1.308825394,1.566837275,0.191862501,1.175154388,27920.53082,2005,0.580427125,45466.50434,5981.543396,0.290213563,4731,Domestic
Sparus_aurata-Mediterranean and Black Sea,Sparus aurata,Gilthead seabream,Miscellaneous coastal fishes,Mediterranean and Black Sea,0.846838424,1.043636309,1.190003666,1.342783508,1.591597307,0.201341838,1.196847375,27920.53082,2006,0.580427125,45466.50434,5981.543396,0.290213563,5193,Domestic
Sparus_aurata-Mediterranean and Black Sea,Sparus aurata,Gilthead seabream,Miscellaneous coastal fishes,Mediterranean and Black Sea,0.867921632,1.071124184,1.227075636,1.387548352,1.630702357,0.207962177,1.233625532,27920.53082,2007,0.580427125,45466.50434,5981.543396,0.290213563,4790,Domestic
Sparus_aurata-Mediterranean and Black Sea,Sparus aurata,Gilthead seabream,Miscellaneous coastal fishes,Mediterranean and Black Sea,0.854783521,1.060322302,1.225313627,1.386526893,1.628050165,0.210418854,1.22664177,27920.53082,2008,0.580427125,45466.50434,5981.543396,0.290213563,5576,Domestic
Sparus_aurata-Mediterranean and Black Sea,Sparus aurata,Gilthead seabream,Miscellaneous coastal fishes,Mediterranean and Black Sea,0.845874816,1.057111527,1.229544354,1.387830528,1.620568429,0.213502433,1.22600189,27920.53082,2009,0.580427125,45466.50434,5981.543396,0.290213563,5455,Domestic
Sparus_aurata-Mediterranean and Black Sea,Sparus aurata,Gilthead seabream,Miscellaneous coastal fishes,Mediterranean and Black Sea,0.83074115,1.052688841,1.230220478,1.388212997,1.624236961,0.217523084,1.222553599,27920.53082,2010,0.580427125,45466.50434,5981.543396,0.290213563,5489,Domestic
Sparus_aurata-Mediterranean and Black Sea,Sparus aurata,Gilthead seabream,Miscellaneous coastal fishes,Mediterranean and Black Sea,0.842498326,1.076350738,1.259833187,1.422007106,1.649073856,0.222367839,1.250222001,27920.53082,2011,0.580427125,45466.50434,5981.543396,0.290213563,4805,Domestic
Sparus_aurata-Mediterranean and Black Sea,Sparus aurata,Gilthead seabream,Miscellaneous coastal fishes,Mediterranean and Black Sea,0.84281806,1.087084856,1.275690603,1.429914655,1.65297661,0.223004965,1.258975489,27920.53082,2012,0.580427125,45466.50434,5981.543396,0.290213563,5113,Domestic
Sparus_aurata-Mediterranean and Black Sea,Sparus aurata,Gilthead seabream,Miscellaneous coastal fishes,Mediterranean and Black Sea,0.836490006,1.093559383,1.279139917,1.428738341,1.641688353,0.220884796,1.259479698,27920.53082,2013,0.580427125,45466.50434,5981.543396,0.290213563,5201,Domestic
Sparus_aurata-Mediterranean and Black Sea,Sparus aurata,Gilthead seabream,Miscellaneous coastal fishes,Mediterranean and Black Sea,0.843332901,1.110698391,1.302745856,1.442375747,1.63777139,0.219304322,1.274421357,27920.53082,2014,0.580427125,45466.50434,5981.543396,0.290213563,4892,Domestic
Sparus_aurata-Mediterranean and Black Sea,Sparus aurata,Gilthead seabream,Miscellaneous coastal fishes,Mediterranean and Black Sea,0.764894008,1.036015162,1.223530904,1.355814592,1.523002356,0.210228436,1.190073799,27920.53082,2015,0.580427125,45466.50434,5981.543396,0.290213563,6867,Domestic
Sparus_aurata-Mediterranean and Black Sea,Sparus aurata,Gilthead seabream,Miscellaneous coastal fishes,Mediterranean and Black Sea,0.636601363,0.917420946,1.112530441,1.253702716,1.384450724,0.214242313,1.075839358,27920.53082,2016,0.580427125,45466.50434,5981.543396,0.290213563,7729,Domestic
Thenus_orientalis-Pacific_Western Central,Thenus orientalis,Flathead lobster,"Lobsters, spiny-rock lobsters",Pacific Western Central,0.641093088,0.857053423,1.000259974,1.139562759,1.369804148,0.194835315,0.998894812,8479.630854,1970,0.407691864,17323.8126,1637.922344,0.203845932,1500,CBA
Thenus_orientalis-Pacific_Western Central,Thenus orientalis,Flathead lobster,"Lobsters, spiny-rock lobsters",Pacific Western Central,0.639139277,0.862289099,1.009712638,1.144403592,1.390053691,0.196685013,1.004151626,8479.630854,1971,0.407691864,17323.8126,1637.922344,0.203845932,1600,CBA
Thenus_orientalis-Pacific_Western Central,Thenus orientalis,Flathead lobster,"Lobsters, spiny-rock lobsters",Pacific Western Central,0.646198341,0.873999619,1.027413332,1.163998851,1.408944166,0.200167356,1.021845351,8479.630854,1972,0.407691864,17323.8126,1637.922344,0.203845932,1500,CBA
Thenus_orientalis-Pacific_Western Central,Thenus orientalis,Flathead lobster,"Lobsters, spiny-rock lobsters",Pacific Western Central,0.698871788,0.936576594,1.085099348,1.233427801,1.493090303,0.206889359,1.085544613,8479.630854,1973,0.407691864,17323.8126,1637.922344,0.203845932,1100,CBA
Thenus_orientalis-Pacific_Western Central,Thenus orientalis,Flathead lobster,"Lobsters, spiny-rock lobsters",Pacific Western Central,0.713944763,0.965109306,1.110675238,1.266854136,1.498421293,0.205507124,1.111552754,8479.630854,1974,0.407691864,17323.8126,1637.922344,0.203845932,1400,CBA
Thenus_orientalis-Pacific_Western Central,Thenus orientalis,Flathead lobster,"Lobsters, spiny-rock lobsters",Pacific Western Central,0.719906742,0.959436193,1.111037869,1.252646213,1.500369792,0.202727502,1.107697332,8479.630854,1975,0.407691864,17323.8126,1637.922344,0.203845932,1624,CBA
Thenus_orientalis-Pacific_Western Central,Thenus orientalis,Flathead lobster,"Lobsters, spiny-rock lobsters",Pacific Western Central,0.719082673,0.966698345,1.121174197,1.263715396,1.495773866,0.203348177,1.116546759,8479.630854,1976,0.407691864,17323.8126,1637.922344,0.203845932,1529,CBA
Thenus_orientalis-Pacific_Western Central,Thenus orientalis,Flathead lobster,"Lobsters, spiny-rock lobsters",Pacific Western Central,0.601983863,0.856261702,1.005150592,1.132866455,1.344280435,0.189785907,0.993545077,8479.630854,1977,0.407691864,17323.8126,1637.922344,0.203845932,2583,CBA
Thenus_orientalis-Pacific_Western Central,Thenus orientalis,Flathead lobster,"Lobsters, spiny-rock lobsters",Pacific Western Central,0.518748107,0.775794596,0.9179163,1.05236279,1.260880426,0.192218478,0.911720638,8479.630854,1978,0.407691864,17323.8126,1637.922344,0.203845932,2302,CBA
Thenus_orientalis-Pacific_Western Central,Thenus orientalis,Flathead lobster,"Lobsters, spiny-rock lobsters",Pacific Western Central,0.475763477,0.752327783,0.901342969,1.037762346,1.270734419,0.204880638,0.893103664,8479.630854,1979,0.407691864,17323.8126,1637.922344,0.203845932,1768,CBA
Thenus_orientalis-Pacific_Western Central,Thenus orientalis,Flathead lobster,"Lobsters, spiny-rock lobsters",Pacific Western Central,0.532270328,0.817002143,0.980385381,1.139106569,1.427083125,0.231191536,0.97919042,8479.630854,1980,0.407691864,17323.8126,1637.922344,0.203845932,890,CBA
Thenus_orientalis-Pacific_Western Central,Thenus orientalis,Flathead lobster,"Lobsters, spiny-rock lobsters",Pacific Western Central,0.521227332,0.838746143,1.002704251,1.172486688,1.469364775,0.24214653,0.999445766,8479.630854,1981,0.407691864,17323.8126,1637.922344,0.203845932,1405,CBA
Thenus_orientalis-Pacific_Western Central,Thenus orientalis,Flathead lobster,"Lobsters, spiny-rock lobsters",Pacific Western Central,0.557657765,0.884587381,1.065122888,1.254845802,1.56090536,0.259362309,1.064830507,8479.630854,1982,0.407691864,17323.8126,1637.922344,0.203845932,1027,CBA
Thenus_orientalis-Pacific_Western Central,Thenus orientalis,Flathead lobster,"Lobsters, spiny-rock lobsters",Pacific Western Central,0.637466586,0.988876511,1.17335002,1.372215858,1.70209919,0.274021787,1.176314733,8479.630854,1983,0.407691864,17323.8126,1637.922344,0.203845932,645,CBA
Thenus_orientalis-Pacific_Western Central,Thenus orientalis,Flathead lobster,"Lobsters, spiny-rock lobsters",Pacific Western Central,0.68748774,1.046580998,1.233309316,1.430517077,1.709715056,0.266892555,1.231152478,8479.630854,1984,0.407691864,17323.8126,1637.922344,0.203845932,1016,CBA
Thenus_orientalis-Pacific_Western Central,Thenus orientalis,Flathead lobster,"Lobsters, spiny-rock lobsters",Pacific Western Central,0.720429683,1.07899506,1.261925805,1.444083495,1.694334932,0.255972253,1.253944242,8479.630854,1985,0.407691864,17323.8126,1637.922344,0.203845932,1239,CBA
Thenus_orientalis-Pacific_Western Central,Thenus orientalis,Flathead lobster,"Lobsters, spiny-rock lobsters",Pacific Western Central,0.744715464,1.106731628,1.290474263,1.453690905,1.678928779,0.243850503,1.271078793,8479.630854,1986,0.407691864,17323.8126,1637.922344,0.203845932,1271,CBA
Thenus_orientalis-Pacific_Western Central,Thenus orientalis,Flathead lobster,"Lobsters, spiny-rock lobsters",Pacific Western Central,0.733958279,1.090595468,1.260807369,1.40668374,1.613959624,0.228599829,1.23694755,8479.630854,1987,0.407691864,17323.8126,1637.922344,0.203845932,1715,CBA
Thenus_orientalis-Pacific_Western Central,Thenus orientalis,Flathead lobster,"Lobsters, spiny-rock lobsters",Pacific Western Central,0.764964901,1.103949307,1.274315404,1.420359239,1.621359197,0.225817685,1.253701229,8479.630854,1988,0.407691864,17323.8126,1637.922344,0.203845932,1321,CBA
Thenus_orientalis-Pacific_Western Central,Thenus orientalis,Flathead lobster,"Lobsters, spiny-rock lobsters",Pacific Western Central,0.822519588,1.154347431,1.31998361,1.460451057,1.704478217,0.226682755,1.301104291,8479.630854,1989,0.407691864,17323.8126,1637.922344,0.203845932,1062,CBA
Thenus_orientalis-Pacific_Western Central,Thenus orientalis,Flathead lobster,"Lobsters, spiny-rock lobsters",Pacific Western Central,0.86692037,1.190430144,1.347875157,1.490086068,1.701170295,0.217719236,1.328744035,8479.630854,1990,0.407691864,17323.8126,1637.922344,0.203845932,1192,CBA
Thenus_orientalis-Pacific_Western Central,Thenus orientalis,Flathead lobster,"Lobsters, spiny-rock lobsters",Pacific Western Central,0.912988378,1.211763474,1.370341037,1.50789399,1.716889634,0.208720026,1.3522238,8479.630854,1991,0.407691864,17323.8126,1637.922344,0.203845932,1190,CBA
Thenus_orientalis-Pacific_Western Central,Thenus orientalis,Flathead lobster,"Lobsters, spiny-rock lobsters",Pacific Western Central,0.971486716,1.267219746,1.421755793,1.549702795,1.75720539,0.2057085,1.405728136,8479.630854,1992,0.407691864,17323.8126,1637.922344,0.203845932,931,CBA
Thenus_orientalis-Pacific_Western Central,Thenus orientalis,Flathead lobster,"Lobsters, spiny-rock lobsters",Pacific Western Central,1.019356785,1.283714234,1.426170509,1.553001374,1.737901878,0.189319063,1.412280028,8479.630854,1993,0.407691864,17323.8126,1637.922344,0.203845932,1236,CBA
Thenus_orientalis-Pacific_Western Central,Thenus orientalis,Flathead lobster,"Lobsters, spiny-rock lobsters",Pacific Western Central,1.08849364,1.337447337,1.468774722,1.598472204,1.789801339,0.183539589,1.464135973,8479.630854,1994,0.407691864,17323.8126,1637.922344,0.203845932,861,CBA
Thenus_orientalis-Pacific_Western Central,Thenus orientalis,Flathead lobster,"Lobsters, spiny-rock lobsters",Pacific Western Central,1.082892807,1.29995586,1.411272357,1.513411353,1.679124571,0.154325017,1.403684579,8479.630854,1995,0.407691864,17323.8126,1637.922344,0.203845932,1730,CBA
Thenus_orientalis-Pacific_Western Central,Thenus orientalis,Flathead lobster,"Lobsters, spiny-rock lobsters",Pacific Western Central,0.993398903,1.162448965,1.23766878,1.311258305,1.444491092,0.115769403,1.232898757,8479.630854,1996,0.407691864,17323.8126,1637.922344,0.203845932,2716,CBA
Thenus_orientalis-Pacific_Western Central,Thenus orientalis,Flathead lobster,"Lobsters, spiny-rock lobsters",Pacific Western Central,0.880667199,1.022340181,1.083531904,1.146140191,1.281807129,0.099012868,1.082960901,8479.630854,1997,0.407691864,17323.8126,1637.922344,0.203845932,2785,CBA
Thenus_orientalis-Pacific_Western Central,Thenus orientalis,Flathead lobster,"Lobsters, spiny-rock lobsters",Pacific Western Central,0.743120389,0.859333101,0.916868752,0.973414945,1.101329331,0.089253494,0.916147697,8479.630854,1998,0.407691864,17323.8126,1637.922344,0.203845932,3005,CBA
Thenus_orientalis-Pacific_Western Central,Thenus orientalis,Flathead lobster,"Lobsters, spiny-rock lobsters",Pacific Western Central,0.738421951,0.846114783,0.899812103,0.948272933,1.06661897,0.081414144,0.898568101,8479.630854,1999,0.407691864,17323.8126,1637.922344,0.203845932,1760,CBA
Thenus_orientalis-Pacific_Western Central,Thenus orientalis,Flathead lobster,"Lobsters, spiny-rock lobsters",Pacific Western Central,0.676017709,0.765337264,0.811406266,0.860625978,0.973882921,0.074307445,0.815204748,8479.630854,2000,0.407691864,17323.8126,1637.922344,0.203845932,2289,CBA
Thenus_orientalis-Pacific_Western Central,Thenus orientalis,Flathead lobster,"Lobsters, spiny-rock lobsters",Pacific Western Central,0.659896215,0.745218,0.788556294,0.834551928,0.92721795,0.067913007,0.790040539,8479.630854,2001,0.407691864,17323.8126,1637.922344,0.203845932,1797,CBA
Thenus_orientalis-Pacific_Western Central,Thenus orientalis,Flathead lobster,"Lobsters, spiny-rock lobsters",Pacific Western Central,0.610389519,0.692380344,0.73093291,0.770079521,0.848480977,0.059646059,0.731655976,8479.630854,2002,0.407691864,17323.8126,1637.922344,0.203845932,2035,CBA
Thenus_orientalis-Pacific_Western Central,Thenus orientalis,Flathead lobster,"Lobsters, spiny-rock lobsters",Pacific Western Central,0.514560745,0.579384595,0.612082716,0.644154944,0.714805298,0.05096362,0.613566919,8479.630854,2003,0.407691864,17323.8126,1637.922344,0.203845932,2474,CBA
Thenus_orientalis-Pacific_Western Central,Thenus orientalis,Flathead lobster,"Lobsters, spiny-rock lobsters",Pacific Western Central,0.433975067,0.485323247,0.513135135,0.544601549,0.626048514,0.048355285,0.517578734,8479.630854,2004,0.407691864,17323.8126,1637.922344,0.203845932,2179,CBA
Thenus_orientalis-Pacific_Western Central,Thenus orientalis,Flathead lobster,"Lobsters, spiny-rock lobsters",Pacific Western Central,0.370457662,0.412007233,0.43924297,0.472915479,0.560732274,0.04921984,0.44644414,8479.630854,2005,0.407691864,17323.8126,1637.922344,0.203845932,1837,CBA
Thenus_orientalis-Pacific_Western Central,Thenus orientalis,Flathead lobster,"Lobsters, spiny-rock lobsters",Pacific Western Central,0.309999765,0.348521225,0.377253823,0.413921902,0.517691326,0.052970225,0.386124579,8479.630854,2006,0.407691864,17323.8126,1637.922344,0.203845932,1619,CBA
Thenus_orientalis-Pacific_Western Central,Thenus orientalis,Flathead lobster,"Lobsters, spiny-rock lobsters",Pacific Western Central,0.238498125,0.285655453,0.321040344,0.367130142,0.482016226,0.061375875,0.3309414,8479.630854,2007,0.407691864,17323.8126,1637.922344,0.203845932,1457,CBA
Thenus_orientalis-Pacific_Western Central,Thenus orientalis,Flathead lobster,"Lobsters, spiny-rock lobsters",Pacific Western Central,0.223140879,0.27538452,0.315842488,0.365810413,0.490838604,0.068627478,0.326480283,8479.630854,2008,0.407691864,17323.8126,1637.922344,0.203845932,908,CBA
Thenus_orientalis-Pacific_Western Central,Thenus orientalis,Flathead lobster,"Lobsters, spiny-rock lobsters",Pacific Western Central,0.243139492,0.290587556,0.337473704,0.394639839,0.532653603,0.074489207,0.349404639,8479.630854,2009,0.407691864,17323.8126,1637.922344,0.203845932,664,CBA
Thenus_orientalis-Pacific_Western Central,Thenus orientalis,Flathead lobster,"Lobsters, spiny-rock lobsters",Pacific Western Central,0.258355671,0.307339414,0.359272357,0.424914038,0.56069541,0.081922407,0.372703365,8479.630854,2010,0.407691864,17323.8126,1637.922344,0.203845932,716,CBA
Thenus_orientalis-Pacific_Western Central,Thenus orientalis,Flathead lobster,"Lobsters, spiny-rock lobsters",Pacific Western Central,0.228069847,0.287197392,0.351274263,0.426951988,0.570798954,0.094370375,0.364373353,8479.630854,2011,0.407691864,17323.8126,1637.922344,0.203845932,1032,CBA
Thenus_orientalis-Pacific_Western Central,Thenus orientalis,Flathead lobster,"Lobsters, spiny-rock lobsters",Pacific Western Central,0.172787379,0.244747085,0.327211652,0.413153423,0.569197745,0.111230605,0.336763357,8479.630854,2012,0.407691864,17323.8126,1637.922344,0.203845932,1161,CBA
Thenus_orientalis-Pacific_Western Central,Thenus orientalis,Flathead lobster,"Lobsters, spiny-rock lobsters",Pacific Western Central,0.144289255,0.240355971,0.343985915,0.444390422,0.600430117,0.13079953,0.349341784,8479.630854,2013,0.407691864,17323.8126,1637.922344,0.203845932,766,CBA
Thenus_orientalis-Pacific_Western Central,Thenus orientalis,Flathead lobster,"Lobsters, spiny-rock lobsters",Pacific Western Central,0.123602318,0.249998475,0.387049268,0.50271012,0.659482099,0.155575722,0.383140663,8479.630854,2014,0.407691864,17323.8126,1637.922344,0.203845932,608,CBA
Thenus_orientalis-Pacific_Western Central,Thenus orientalis,Flathead lobster,"Lobsters, spiny-rock lobsters",Pacific Western Central,0.098986388,0.266023695,0.443695188,0.584585077,0.723898767,0.186680388,0.426665856,8479.630854,2015,0.407691864,17323.8126,1637.922344,0.203845932,599,CBA
Thenus_orientalis-Pacific_Western Central,Thenus orientalis,Flathead lobster,"Lobsters, spiny-rock lobsters",Pacific Western Central,0.046689935,0.272872983,0.498979679,0.66461982,0.78881505,0.227527223,0.464542333,8479.630854,2016,0.407691864,17323.8126,1637.922344,0.203845932,721,CBA
Thunnus_albacares-Atlantic_Eastern Central,Thunnus albacares,Yellowfin tuna,"Tunas, bonitos, billfishes",Atlantic Eastern Central,1.065976945,1.284651617,1.463820897,1.658037536,1.934568919,0.238882026,1.474846482,574109.1241,1955,0.562451834,936382.0193,114821.2757,0.281225917,200,CBA
Thunnus_albacares-Atlantic_Eastern Central,Thunnus albacares,Yellowfin tuna,"Tunas, bonitos, billfishes",Atlantic Eastern Central,1.214879402,1.473452375,1.668114461,1.830098234,1.976003354,0.218861655,1.64409381,574109.1241,1956,0.562451834,936382.0193,114821.2757,0.281225917,2100,CBA
Thunnus_albacares-Atlantic_Eastern Central,Thunnus albacares,Yellowfin tuna,"Tunas, bonitos, billfishes",Atlantic Eastern Central,1.310973432,1.596615552,1.752062429,1.863856605,1.977324157,0.183264458,1.717187273,574109.1241,1957,0.562451834,936382.0193,114821.2757,0.281225917,17200,CBA
Thunnus_albacares-Atlantic_Eastern Central,Thunnus albacares,Yellowfin tuna,"Tunas, bonitos, billfishes",Atlantic Eastern Central,1.394548681,1.662061048,1.789076041,1.875958795,1.978295452,0.156226634,1.757291879,574109.1241,1958,0.562451834,936382.0193,114821.2757,0.281225917,22300,CBA
Thunnus_albacares-Atlantic_Eastern Central,Thunnus albacares,Yellowfin tuna,"Tunas, bonitos, billfishes",Atlantic Eastern Central,1.440269171,1.678841928,1.776467256,1.85617304,1.968405829,0.134952652,1.757512858,574109.1241,1959,0.562451834,936382.0193,114821.2757,0.281225917,37300,CBA
Thunnus_albacares-Atlantic_Eastern Central,Thunnus albacares,Yellowfin tuna,"Tunas, bonitos, billfishes",Atlantic Eastern Central,1.4628942,1.660663267,1.745402356,1.82205541,1.948958512,0.123141328,1.735719324,574109.1241,1960,0.562451834,936382.0193,114821.2757,0.281225917,49500,CBA
Thunnus_albacares-Atlantic_Eastern Central,Thunnus albacares,Yellowfin tuna,"Tunas, bonitos, billfishes",Atlantic Eastern Central,1.475919403,1.659787163,1.738514062,1.815626471,1.942325201,0.118703178,1.731959648,574109.1241,1961,0.562451834,936382.0193,114821.2757,0.281225917,48700,CBA
Thunnus_albacares-Atlantic_Eastern Central,Thunnus albacares,Yellowfin tuna,"Tunas, bonitos, billfishes",Atlantic Eastern Central,1.511331629,1.706079192,1.789920648,1.862797809,1.971692589,0.118480518,1.778450001,574109.1241,1962,0.562451834,936382.0193,114821.2757,0.281225917,26902,CBA
Thunnus_albacares-Atlantic_Eastern Central,Thunnus albacares,Yellowfin tuna,"Tunas, bonitos, billfishes",Atlantic Eastern Central,1.533993609,1.703635597,1.780474517,1.853574826,1.9664377,0.111385687,1.773291696,574109.1241,1963,0.562451834,936382.0193,114821.2757,0.281225917,40259,CBA
Thunnus_albacares-Atlantic_Eastern Central,Thunnus albacares,Yellowfin tuna,"Tunas, bonitos, billfishes",Atlantic Eastern Central,1.532242746,1.697892293,1.769952854,1.840292955,1.95833654,0.108190507,1.765415667,574109.1241,1964,0.562451834,936382.0193,114821.2757,0.281225917,43426,CBA
Thunnus_albacares-Atlantic_Eastern Central,Thunnus albacares,Yellowfin tuna,"Tunas, bonitos, billfishes",Atlantic Eastern Central,1.522428277,1.673848166,1.746401083,1.819517451,1.945923702,0.107607501,1.744096138,574109.1241,1965,0.562451834,936382.0193,114821.2757,0.281225917,52159,CBA
Thunnus_albacares-Atlantic_Eastern Central,Thunnus albacares,Yellowfin tuna,"Tunas, bonitos, billfishes",Atlantic Eastern Central,1.528911562,1.686565362,1.764826068,1.837169258,1.955914164,0.109140322,1.759337989,574109.1241,1966,0.562451834,936382.0193,114821.2757,0.281225917,41168,CBA
Thunnus_albacares-Atlantic_Eastern Central,Thunnus albacares,Yellowfin tuna,"Tunas, bonitos, billfishes",Atlantic Eastern Central,1.524842652,1.681935123,1.752962676,1.822856667,1.951655738,0.107520859,1.750042823,574109.1241,1967,0.562451834,936382.0193,114821.2757,0.281225917,48534,CBA
Thunnus_albacares-Atlantic_Eastern Central,Thunnus albacares,Yellowfin tuna,"Tunas, bonitos, billfishes",Atlantic Eastern Central,1.492216743,1.639255589,1.71199018,1.784334365,1.92071131,0.108807802,1.711069552,574109.1241,1968,0.562451834,936382.0193,114821.2757,0.281225917,63626,CBA
Thunnus_albacares-Atlantic_Eastern Central,Thunnus albacares,Yellowfin tuna,"Tunas, bonitos, billfishes",Atlantic Eastern Central,1.487446657,1.630524125,1.704738202,1.779093228,1.917175015,0.108863141,1.703941977,574109.1241,1969,0.562451834,936382.0193,114821.2757,0.281225917,58347,CBA
Thunnus_albacares-Atlantic_Eastern Central,Thunnus albacares,Yellowfin tuna,"Tunas, bonitos, billfishes",Atlantic Eastern Central,1.490149034,1.632769612,1.707408495,1.782494632,1.916903204,0.110256524,1.706891423,574109.1241,1970,0.562451834,936382.0193,114821.2757,0.281225917,55044,CBA
Thunnus_albacares-Atlantic_Eastern Central,Thunnus albacares,Yellowfin tuna,"Tunas, bonitos, billfishes",Atlantic Eastern Central,1.487490473,1.639604951,1.715983692,1.790295887,1.92978888,0.111905926,1.713373594,574109.1241,1971,0.562451834,936382.0193,114821.2757,0.281225917,53653,CBA
Thunnus_albacares-Atlantic_Eastern Central,Thunnus albacares,Yellowfin tuna,"Tunas, bonitos, billfishes",Atlantic Eastern Central,1.453608766,1.602932797,1.675716264,1.750502151,1.90166532,0.111645837,1.676401831,574109.1241,1972,0.562451834,936382.0193,114821.2757,0.281225917,70015,CBA
Thunnus_albacares-Atlantic_Eastern Central,Thunnus albacares,Yellowfin tuna,"Tunas, bonitos, billfishes",Atlantic Eastern Central,1.428203409,1.567972967,1.641137449,1.718429836,1.873084866,0.112926719,1.643615282,574109.1241,1973,0.562451834,936382.0193,114821.2757,0.281225917,76775,CBA
Thunnus_albacares-Atlantic_Eastern Central,Thunnus albacares,Yellowfin tuna,"Tunas, bonitos, billfishes",Atlantic Eastern Central,1.376586858,1.509492643,1.582924313,1.660247561,1.825352432,0.113210699,1.587907753,574109.1241,1974,0.562451834,936382.0193,114821.2757,0.281225917,91081,CBA
Thunnus_albacares-Atlantic_Eastern Central,Thunnus albacares,Yellowfin tuna,"Tunas, bonitos, billfishes",Atlantic Eastern Central,1.297119211,1.423334247,1.501081293,1.582718628,1.758804486,0.118572155,1.507407219,574109.1241,1975,0.562451834,936382.0193,114821.2757,0.281225917,110127,CBA
Thunnus_albacares-Atlantic_Eastern Central,Thunnus albacares,Yellowfin tuna,"Tunas, bonitos, billfishes",Atlantic Eastern Central,1.242813685,1.380266398,1.45638406,1.539610111,1.721568344,0.120571375,1.463689593,574109.1241,1976,0.562451834,936382.0193,114821.2757,0.281225917,106374,CBA
Thunnus_albacares-Atlantic_Eastern Central,Thunnus albacares,Yellowfin tuna,"Tunas, bonitos, billfishes",Atlantic Eastern Central,1.187496597,1.324146616,1.404902451,1.490594397,1.677599331,0.124032158,1.411614661,574109.1241,1977,0.562451834,936382.0193,114821.2757,0.281225917,114615,CBA
Thunnus_albacares-Atlantic_Eastern Central,Thunnus albacares,Yellowfin tuna,"Tunas, bonitos, billfishes",Atlantic Eastern Central,1.152674628,1.28759688,1.368219506,1.455670958,1.643993683,0.125688653,1.375288195,574109.1241,1978,0.562451834,936382.0193,114821.2757,0.281225917,112729,CBA
Thunnus_albacares-Atlantic_Eastern Central,Thunnus albacares,Yellowfin tuna,"Tunas, bonitos, billfishes",Atlantic Eastern Central,1.134362251,1.271991106,1.351402828,1.43823701,1.630465858,0.125444693,1.359045583,574109.1241,1979,0.562451834,936382.0193,114821.2757,0.281225917,108068,CBA
Thunnus_albacares-Atlantic_Eastern Central,Thunnus albacares,Yellowfin tuna,"Tunas, bonitos, billfishes",Atlantic Eastern Central,1.093710339,1.232244478,1.313366802,1.404553762,1.590316789,0.127443458,1.321852893,574109.1241,1980,0.562451834,936382.0193,114821.2757,0.281225917,118070,CBA
Thunnus_albacares-Atlantic_Eastern Central,Thunnus albacares,Yellowfin tuna,"Tunas, bonitos, billfishes",Atlantic Eastern Central,1.005116021,1.140224875,1.228722354,1.325698219,1.529743919,0.135947298,1.239613069,574109.1241,1981,0.562451834,936382.0193,114821.2757,0.281225917,139796,CBA
Thunnus_albacares-Atlantic_Eastern Central,Thunnus albacares,Yellowfin tuna,"Tunas, bonitos, billfishes",Atlantic Eastern Central,0.9170535,1.064074856,1.161642615,1.263732734,1.486708822,0.1468494,1.17090128,574109.1241,1982,0.562451834,936382.0193,114821.2757,0.281225917,138673,CBA
Thunnus_albacares-Atlantic_Eastern Central,Thunnus albacares,Yellowfin tuna,"Tunas, bonitos, billfishes",Atlantic Eastern Central,0.869482848,1.030833133,1.132565596,1.241520068,1.474982194,0.154577649,1.141262407,574109.1241,1983,0.562451834,936382.0193,114821.2757,0.281225917,125256,CBA
Thunnus_albacares-Atlantic_Eastern Central,Thunnus albacares,Yellowfin tuna,"Tunas, bonitos, billfishes",Atlantic Eastern Central,0.97502131,1.13137903,1.227443563,1.336838096,1.568396107,0.152611777,1.239889811,574109.1241,1984,0.562451834,936382.0193,114821.2757,0.281225917,73227,CBA
Thunnus_albacares-Atlantic_Eastern Central,Thunnus albacares,Yellowfin tuna,"Tunas, bonitos, billfishes",Atlantic Eastern Central,0.972967509,1.127549407,1.222056625,1.33186485,1.557389208,0.150454145,1.234926705,574109.1241,1985,0.562451834,936382.0193,114821.2757,0.281225917,110540,CBA
Thunnus_albacares-Atlantic_Eastern Central,Thunnus albacares,Yellowfin tuna,"Tunas, bonitos, billfishes",Atlantic Eastern Central,0.961152511,1.115499183,1.211486291,1.32597465,1.547238616,0.151729197,1.224732761,574109.1241,1986,0.562451834,936382.0193,114821.2757,0.281225917,113334,CBA
Thunnus_albacares-Atlantic_Eastern Central,Thunnus albacares,Yellowfin tuna,"Tunas, bonitos, billfishes",Atlantic Eastern Central,0.948692767,1.104062378,1.201872132,1.314054917,1.528978604,0.151949835,1.213563164,574109.1241,1987,0.562451834,936382.0193,114821.2757,0.281225917,114391,CBA
Thunnus_albacares-Atlantic_Eastern Central,Thunnus albacares,Yellowfin tuna,"Tunas, bonitos, billfishes",Atlantic Eastern Central,0.972511972,1.130863237,1.231410176,1.34622722,1.566494688,0.155236363,1.243187915,574109.1241,1988,0.562451834,936382.0193,114821.2757,0.281225917,98096,CBA
Thunnus_albacares-Atlantic_Eastern Central,Thunnus albacares,Yellowfin tuna,"Tunas, bonitos, billfishes",Atlantic Eastern Central,0.950825151,1.104154483,1.201055253,1.313349292,1.540475705,0.151957782,1.21348347,574109.1241,1989,0.562451834,936382.0193,114821.2757,0.281225917,120546,CBA
Thunnus_albacares-Atlantic_Eastern Central,Thunnus albacares,Yellowfin tuna,"Tunas, bonitos, billfishes",Atlantic Eastern Central,0.849394586,0.98991137,1.084923479,1.196767162,1.450242013,0.154164514,1.102573126,574109.1241,1990,0.562451834,936382.0193,114821.2757,0.281225917,155112,CBA
Thunnus_albacares-Atlantic_Eastern Central,Thunnus albacares,Yellowfin tuna,"Tunas, bonitos, billfishes",Atlantic Eastern Central,0.813121016,0.956532215,1.05532501,1.181610512,1.439765731,0.16369325,1.07733833,574109.1241,1991,0.562451834,936382.0193,114821.2757,0.281225917,124556,CBA
Thunnus_albacares-Atlantic_Eastern Central,Thunnus albacares,Yellowfin tuna,"Tunas, bonitos, billfishes",Atlantic Eastern Central,0.783650765,0.924325628,1.030998585,1.165855847,1.436031356,0.172834992,1.054580971,574109.1241,1992,0.562451834,936382.0193,114821.2757,0.281225917,122890,CBA
Thunnus_albacares-Atlantic_Eastern Central,Thunnus albacares,Yellowfin tuna,"Tunas, bonitos, billfishes",Atlantic Eastern Central,0.748395045,0.897030567,1.013859096,1.157915832,1.439506165,0.183726546,1.03837547,574109.1241,1993,0.562451834,936382.0193,114821.2757,0.281225917,120015,CBA
Thunnus_albacares-Atlantic_Eastern Central,Thunnus albacares,Yellowfin tuna,"Tunas, bonitos, billfishes",Atlantic Eastern Central,0.721622055,0.871990401,1.001098222,1.155522803,1.452815934,0.196027434,1.025283141,574109.1241,1994,0.562451834,936382.0193,114821.2757,0.281225917,118487,CBA
Thunnus_albacares-Atlantic_Eastern Central,Thunnus albacares,Yellowfin tuna,"Tunas, bonitos, billfishes",Atlantic Eastern Central,0.692451657,0.855407929,0.996890851,1.165498736,1.473266873,0.208903903,1.021141036,574109.1241,1995,0.562451834,936382.0193,114821.2757,0.281225917,114061,CBA
Thunnus_albacares-Atlantic_Eastern Central,Thunnus albacares,Yellowfin tuna,"Tunas, bonitos, billfishes",Atlantic Eastern Central,0.665434823,0.840753641,0.997673033,1.178252926,1.472580774,0.221869049,1.018514365,574109.1241,1996,0.562451834,936382.0193,114821.2757,0.281225917,112512,CBA
Thunnus_albacares-Atlantic_Eastern Central,Thunnus albacares,Yellowfin tuna,"Tunas, bonitos, billfishes",Atlantic Eastern Central,0.660231801,0.850475139,1.021583657,1.217827134,1.51355588,0.236504683,1.041176297,574109.1241,1997,0.562451834,936382.0193,114821.2757,0.281225917,101346,CBA
Thunnus_albacares-Atlantic_Eastern Central,Thunnus albacares,Yellowfin tuna,"Tunas, bonitos, billfishes",Atlantic Eastern Central,0.635950145,0.840797995,1.02969799,1.237593197,1.518546547,0.248747615,1.043545262,574109.1241,1998,0.562451834,936382.0193,114821.2757,0.281225917,108659,CBA
Thunnus_albacares-Atlantic_Eastern Central,Thunnus albacares,Yellowfin tuna,"Tunas, bonitos, billfishes",Atlantic Eastern Central,0.620890613,0.849409935,1.05364518,1.27015454,1.548277407,0.261419711,1.062287334,574109.1241,1999,0.562451834,936382.0193,114821.2757,0.281225917,100566,CBA
Thunnus_albacares-Atlantic_Eastern Central,Thunnus albacares,Yellowfin tuna,"Tunas, bonitos, billfishes",Atlantic Eastern Central,0.629848487,0.874235836,1.106962486,1.324174007,1.591834519,0.274175372,1.102414485,574109.1241,2000,0.562451834,936382.0193,114821.2757,0.281225917,90623,CBA
Thunnus_albacares-Atlantic_Eastern Central,Thunnus albacares,Yellowfin tuna,"Tunas, bonitos, billfishes",Atlantic Eastern Central,0.59153618,0.860962804,1.106432863,1.310251323,1.566058809,0.277427731,1.088396379,574109.1241,2001,0.562451834,936382.0193,114821.2757,0.281225917,110852,CBA
Thunnus_albacares-Atlantic_Eastern Central,Thunnus albacares,Yellowfin tuna,"Tunas, bonitos, billfishes",Atlantic Eastern Central,0.570602211,0.864610845,1.127899461,1.332520434,1.586130338,0.288682248,1.099586479,574109.1241,2002,0.562451834,936382.0193,114821.2757,0.281225917,100882,CBA
Thunnus_albacares-Atlantic_Eastern Central,Thunnus albacares,Yellowfin tuna,"Tunas, bonitos, billfishes",Atlantic Eastern Central,0.560144105,0.886052354,1.167361122,1.372318309,1.617911814,0.301620299,1.129364132,574109.1241,2003,0.562451834,936382.0193,114821.2757,0.281225917,92300,CBA
Thunnus_albacares-Atlantic_Eastern Central,Thunnus albacares,Yellowfin tuna,"Tunas, bonitos, billfishes",Atlantic Eastern Central,0.563420469,0.928126222,1.228971697,1.429010588,1.66183029,0.313884191,1.173292788,574109.1241,2004,0.562451834,936382.0193,114821.2757,0.281225917,84164,CBA
Thunnus_albacares-Atlantic_Eastern Central,Thunnus albacares,Yellowfin tuna,"Tunas, bonitos, billfishes",Atlantic Eastern Central,0.591223512,0.984133726,1.298425191,1.495087629,1.706595918,0.321213042,1.231771205,574109.1241,2005,0.562451834,936382.0193,114821.2757,0.281225917,74191,CBA
Thunnus_albacares-Atlantic_Eastern Central,Thunnus albacares,Yellowfin tuna,"Tunas, bonitos, billfishes",Atlantic Eastern Central,0.623049871,1.043792271,1.358333228,1.536552368,1.743177359,0.320281703,1.28104003,574109.1241,2006,0.562451834,936382.0193,114821.2757,0.281225917,73317,CBA
Thunnus_albacares-Atlantic_Eastern Central,Thunnus albacares,Yellowfin tuna,"Tunas, bonitos, billfishes",Atlantic Eastern Central,0.667463039,1.110385139,1.419480977,1.587535804,1.779252526,0.315083798,1.337726262,574109.1241,2007,0.562451834,936382.0193,114821.2757,0.281225917,66846,CBA
Thunnus_albacares-Atlantic_Eastern Central,Thunnus albacares,Yellowfin tuna,"Tunas, bonitos, billfishes",Atlantic Eastern Central,0.682691858,1.139947723,1.412779023,1.556356654,1.739815564,0.293749876,1.333113818,574109.1241,2008,0.562451834,936382.0193,114821.2757,0.281225917,86817,CBA
Thunnus_albacares-Atlantic_Eastern Central,Thunnus albacares,Yellowfin tuna,"Tunas, bonitos, billfishes",Atlantic Eastern Central,0.683222033,1.155641613,1.400845487,1.526522661,1.710555294,0.278049415,1.322822752,574109.1241,2009,0.562451834,936382.0193,114821.2757,0.281225917,92176,CBA
Thunnus_albacares-Atlantic_Eastern Central,Thunnus albacares,Yellowfin tuna,"Tunas, bonitos, billfishes",Atlantic Eastern Central,0.694332574,1.177096522,1.40566698,1.528013324,1.705664541,0.269303733,1.331516936,574109.1241,2010,0.562451834,936382.0193,114821.2757,0.281225917,85928,CBA
Thunnus_albacares-Atlantic_Eastern Central,Thunnus albacares,Yellowfin tuna,"Tunas, bonitos, billfishes",Atlantic Eastern Central,0.705155028,1.203284731,1.414589785,1.535281377,1.706937995,0.261245923,1.345686705,574109.1241,2011,0.562451834,936382.0193,114821.2757,0.281225917,82426,CBA
Thunnus_albacares-Atlantic_Eastern Central,Thunnus albacares,Yellowfin tuna,"Tunas, bonitos, billfishes",Atlantic Eastern Central,0.725480354,1.224601561,1.41288316,1.527254761,1.699707626,0.249388923,1.35087988,574109.1241,2012,0.562451834,936382.0193,114821.2757,0.281225917,83943,CBA
Thunnus_albacares-Atlantic_Eastern Central,Thunnus albacares,Yellowfin tuna,"Tunas, bonitos, billfishes",Atlantic Eastern Central,0.758854446,1.256548975,1.424576693,1.540152471,1.703084874,0.23906173,1.370586849,574109.1241,2013,0.562451834,936382.0193,114821.2757,0.281225917,75687,CBA
Thunnus_albacares-Atlantic_Eastern Central,Thunnus albacares,Yellowfin tuna,"Tunas, bonitos, billfishes",Atlantic Eastern Central,0.782742774,1.279287103,1.420359392,1.523476472,1.677515174,0.220533859,1.37231596,574109.1241,2014,0.562451834,936382.0193,114821.2757,0.281225917,78444,CBA
Thunnus_albacares-Atlantic_Eastern Central,Thunnus albacares,Yellowfin tuna,"Tunas, bonitos, billfishes",Atlantic Eastern Central,0.781137716,1.269714142,1.374358114,1.450967697,1.573917085,0.189277442,1.328735091,574109.1241,2015,0.562451834,936382.0193,114821.2757,0.281225917,92872,CBA
Thunnus_albacares-Atlantic_Eastern Central,Thunnus albacares,Yellowfin tuna,"Tunas, bonitos, billfishes",Atlantic Eastern Central,0.775168973,1.257786321,1.338273477,1.375729545,1.397986235,0.155851821,1.278775591,574109.1241,2016,0.562451834,936382.0193,114821.2757,0.281225917,94809,CBA
Thunnus_albacares-Atlantic_Southeast,Thunnus albacares,Yellowfin tuna,"Tunas, bonitos, billfishes",Atlantic Southeast,1.033362391,1.231791045,1.371296929,1.547302924,1.892051029,0.225399895,1.400714305,22409.33741,1950,0.727276286,39997.52696,6901.559099,0.363638143,1200,CBA
Thunnus_albacares-Atlantic_Southeast,Thunnus albacares,Yellowfin tuna,"Tunas, bonitos, billfishes",Atlantic Southeast,1.17042189,1.441343907,1.624180017,1.786011259,1.960377435,0.219650829,1.606320684,22409.33741,1951,0.727276286,39997.52696,6901.559099,0.363638143,1200,CBA
Thunnus_albacares-Atlantic_Southeast,Thunnus albacares,Yellowfin tuna,"Tunas, bonitos, billfishes",Atlantic Southeast,1.231398552,1.533804323,1.691580656,1.802477395,1.947556556,0.190514684,1.657334619,22409.33741,1952,0.727276286,39997.52696,6901.559099,0.363638143,2600,CBA
Thunnus_albacares-Atlantic_Southeast,Thunnus albacares,Yellowfin tuna,"Tunas, bonitos, billfishes",Atlantic Southeast,1.237374742,1.533877393,1.661263497,1.756727477,1.910239162,0.171298214,1.634539623,22409.33741,1953,0.727276286,39997.52696,6901.559099,0.363638143,3700,CBA
Thunnus_albacares-Atlantic_Southeast,Thunnus albacares,Yellowfin tuna,"Tunas, bonitos, billfishes",Atlantic Southeast,1.248770534,1.544086168,1.666015952,1.760880867,1.91452098,0.168794553,1.641249554,22409.33741,1954,0.727276286,39997.52696,6901.559099,0.363638143,3500,CBA
Thunnus_albacares-Atlantic_Southeast,Thunnus albacares,Yellowfin tuna,"Tunas, bonitos, billfishes",Atlantic Southeast,1.228388453,1.513373675,1.630105142,1.72516799,1.882263675,0.165193386,1.60922463,22409.33741,1955,0.727276286,39997.52696,6901.559099,0.363638143,4200,CBA
Thunnus_albacares-Atlantic_Southeast,Thunnus albacares,Yellowfin tuna,"Tunas, bonitos, billfishes",Atlantic Southeast,1.2142324,1.499396788,1.620674409,1.717250999,1.878525705,0.168522643,1.598643732,22409.33741,1956,0.727276286,39997.52696,6901.559099,0.363638143,4100,CBA
Thunnus_albacares-Atlantic_Southeast,Thunnus albacares,Yellowfin tuna,"Tunas, bonitos, billfishes",Atlantic Southeast,1.212441995,1.512257582,1.637880417,1.735655241,1.894807216,0.173370638,1.613258119,22409.33741,1957,0.727276286,39997.52696,6901.559099,0.363638143,3700,CBA
Thunnus_albacares-Atlantic_Southeast,Thunnus albacares,Yellowfin tuna,"Tunas, bonitos, billfishes",Atlantic Southeast,1.21797353,1.525830787,1.650358831,1.747046301,1.902387279,0.173430897,1.624212432,22409.33741,1958,0.727276286,39997.52696,6901.559099,0.363638143,3600,CBA
Thunnus_albacares-Atlantic_Southeast,Thunnus albacares,Yellowfin tuna,"Tunas, bonitos, billfishes",Atlantic Southeast,1.309856288,1.636996898,1.762795298,1.854728228,1.97297841,0.171523937,1.729266156,22409.33741,1959,0.727276286,39997.52696,6901.559099,0.363638143,1600,CBA
Thunnus_albacares-Atlantic_Southeast,Thunnus albacares,Yellowfin tuna,"Tunas, bonitos, billfishes",Atlantic Southeast,1.329085453,1.635241325,1.739652586,1.823772332,1.953612115,0.155917101,1.714649589,22409.33741,1960,0.727276286,39997.52696,6901.559099,0.363638143,2900,CBA
Thunnus_albacares-Atlantic_Southeast,Thunnus albacares,Yellowfin tuna,"Tunas, bonitos, billfishes",Atlantic Southeast,1.361030142,1.652807983,1.751391961,1.832994697,1.959577402,0.149496374,1.729307143,22409.33741,1961,0.727276286,39997.52696,6901.559099,0.363638143,2600,CBA
Thunnus_albacares-Atlantic_Southeast,Thunnus albacares,Yellowfin tuna,"Tunas, bonitos, billfishes",Atlantic Southeast,1.391278344,1.66742633,1.762389935,1.842103563,1.962949822,0.14297476,1.742067556,22409.33741,1962,0.727276286,39997.52696,6901.559099,0.363638143,2500,CBA
Thunnus_albacares-Atlantic_Southeast,Thunnus albacares,Yellowfin tuna,"Tunas, bonitos, billfishes",Atlantic Southeast,1.404739607,1.662895466,1.754058226,1.834023625,1.958107265,0.138433644,1.737443636,22409.33741,1963,0.727276286,39997.52696,6901.559099,0.363638143,2771,CBA
Thunnus_albacares-Atlantic_Southeast,Thunnus albacares,Yellowfin tuna,"Tunas, bonitos, billfishes",Atlantic Southeast,1.253199875,1.461873859,1.555380505,1.643712714,1.80357379,0.138895344,1.549004759,22409.33741,1964,0.727276286,39997.52696,6901.559099,0.363638143,6385,CBA
Thunnus_albacares-Atlantic_Southeast,Thunnus albacares,Yellowfin tuna,"Tunas, bonitos, billfishes",Atlantic Southeast,0.997708788,1.215432437,1.337714902,1.454304426,1.642828693,0.16864921,1.33272371,22409.33741,1965,0.727276286,39997.52696,6901.559099,0.363638143,8700,CBA
Thunnus_albacares-Atlantic_Southeast,Thunnus albacares,Yellowfin tuna,"Tunas, bonitos, billfishes",Atlantic Southeast,0.961170013,1.248664185,1.402113636,1.533520961,1.735429932,0.202669907,1.384959699,22409.33741,1966,0.727276286,39997.52696,6901.559099,0.363638143,4900,CBA
Thunnus_albacares-Atlantic_Southeast,Thunnus albacares,Yellowfin tuna,"Tunas, bonitos, billfishes",Atlantic Southeast,0.980248628,1.33306348,1.509269119,1.645982491,1.840461777,0.225796478,1.477553871,22409.33741,1967,0.727276286,39997.52696,6901.559099,0.363638143,3700,CBA
Thunnus_albacares-Atlantic_Southeast,Thunnus albacares,Yellowfin tuna,"Tunas, bonitos, billfishes",Atlantic Southeast,0.986086545,1.376758074,1.558702849,1.683379774,1.861909577,0.229623165,1.514618556,22409.33741,1968,0.727276286,39997.52696,6901.559099,0.363638143,4000,CBA
Thunnus_albacares-Atlantic_Southeast,Thunnus albacares,Yellowfin tuna,"Tunas, bonitos, billfishes",Atlantic Southeast,1.067444982,1.496927337,1.676113613,1.790634861,1.944994151,0.229317857,1.623122752,22409.33741,1969,0.727276286,39997.52696,6901.559099,0.363638143,2300,CBA
Thunnus_albacares-Atlantic_Southeast,Thunnus albacares,Yellowfin tuna,"Tunas, bonitos, billfishes",Atlantic Southeast,1.161410576,1.605500094,1.754192242,1.852563207,1.972130092,0.209131013,1.702421834,22409.33741,1970,0.727276286,39997.52696,6901.559099,0.363638143,1829,CBA
Thunnus_albacares-Atlantic_Southeast,Thunnus albacares,Yellowfin tuna,"Tunas, bonitos, billfishes",Atlantic Southeast,1.242515944,1.66178566,1.780793235,1.864987588,1.974749013,0.185014041,1.737591273,22409.33741,1971,0.727276286,39997.52696,6901.559099,0.363638143,1999,CBA
Thunnus_albacares-Atlantic_Southeast,Thunnus albacares,Yellowfin tuna,"Tunas, bonitos, billfishes",Atlantic Southeast,1.252011545,1.620056072,1.720984007,1.80387875,1.940244109,0.167806198,1.692531417,22409.33741,1972,0.727276286,39997.52696,6901.559099,0.363638143,3398,CBA
Thunnus_albacares-Atlantic_Southeast,Thunnus albacares,Yellowfin tuna,"Tunas, bonitos, billfishes",Atlantic Southeast,1.302467445,1.654749706,1.756444119,1.838898111,1.963860963,0.163207047,1.728260516,22409.33741,1973,0.727276286,39997.52696,6901.559099,0.363638143,2404,CBA
Thunnus_albacares-Atlantic_Southeast,Thunnus albacares,Yellowfin tuna,"Tunas, bonitos, billfishes",Atlantic Southeast,1.319310052,1.642335698,1.738689164,1.819124909,1.949676463,0.154549562,1.715433733,22409.33741,1974,0.727276286,39997.52696,6901.559099,0.363638143,2982,CBA
Thunnus_albacares-Atlantic_Southeast,Thunnus albacares,Yellowfin tuna,"Tunas, bonitos, billfishes",Atlantic Southeast,1.351365399,1.656669138,1.751362826,1.832763901,1.958201847,0.150415629,1.729826416,22409.33741,1975,0.727276286,39997.52696,6901.559099,0.363638143,2637,CBA
Thunnus_albacares-Atlantic_Southeast,Thunnus albacares,Yellowfin tuna,"Tunas, bonitos, billfishes",Atlantic Southeast,1.368328964,1.653715193,1.746070064,1.82620841,1.953202278,0.145678754,1.726840331,22409.33741,1976,0.727276286,39997.52696,6901.559099,0.363638143,2842,CBA
Thunnus_albacares-Atlantic_Southeast,Thunnus albacares,Yellowfin tuna,"Tunas, bonitos, billfishes",Atlantic Southeast,1.373287836,1.646484608,1.738900376,1.819639554,1.949231581,0.142928829,1.721593536,22409.33741,1977,0.727276286,39997.52696,6901.559099,0.363638143,2959,CBA
Thunnus_albacares-Atlantic_Southeast,Thunnus albacares,Yellowfin tuna,"Tunas, bonitos, billfishes",Atlantic Southeast,1.335420264,1.587265018,1.678816517,1.761174704,1.909928512,0.142035417,1.6654472,22409.33741,1978,0.727276286,39997.52696,6901.559099,0.363638143,4024,CBA
Thunnus_albacares-Atlantic_Southeast,Thunnus albacares,Yellowfin tuna,"Tunas, bonitos, billfishes",Atlantic Southeast,1.126896051,1.350889387,1.45491429,1.554534964,1.720638306,0.15188825,1.447880576,22409.33741,1979,0.727276286,39997.52696,6901.559099,0.363638143,7648,CBA
Thunnus_albacares-Atlantic_Southeast,Thunnus albacares,Yellowfin tuna,"Tunas, bonitos, billfishes",Atlantic Southeast,1.229789916,1.53147089,1.659109857,1.763925785,1.927120718,0.177550474,1.636500905,22409.33741,1980,0.727276286,39997.52696,6901.559099,0.363638143,1701,CBA
Thunnus_albacares-Atlantic_Southeast,Thunnus albacares,Yellowfin tuna,"Tunas, bonitos, billfishes",Atlantic Southeast,1.275137585,1.591255624,1.712749801,1.808016461,1.948627983,0.170855414,1.685669725,22409.33741,1981,0.727276286,39997.52696,6901.559099,0.363638143,2639,CBA
Thunnus_albacares-Atlantic_Southeast,Thunnus albacares,Yellowfin tuna,"Tunas, bonitos, billfishes",Atlantic Southeast,1.235256432,1.534041267,1.641541544,1.732085559,1.886300984,0.161703659,1.621548291,22409.33741,1982,0.727276286,39997.52696,6901.559099,0.363638143,4390,CBA
Thunnus_albacares-Atlantic_Southeast,Thunnus albacares,Yellowfin tuna,"Tunas, bonitos, billfishes",Atlantic Southeast,1.274189177,1.584508976,1.700326835,1.792029183,1.936673187,0.166443297,1.675317546,22409.33741,1983,0.727276286,39997.52696,6901.559099,0.363638143,2812,CBA
Thunnus_albacares-Atlantic_Southeast,Thunnus albacares,Yellowfin tuna,"Tunas, bonitos, billfishes",Atlantic Southeast,1.240208629,1.531972469,1.638441182,1.728791152,1.881509021,0.160177509,1.618503625,22409.33741,1984,0.727276286,39997.52696,6901.559099,0.363638143,4350,CBA
Thunnus_albacares-Atlantic_Southeast,Thunnus albacares,Yellowfin tuna,"Tunas, bonitos, billfishes",Atlantic Southeast,1.281072661,1.587994878,1.700148742,1.792408952,1.9371575,0.165319301,1.676564513,22409.33741,1985,0.727276286,39997.52696,6901.559099,0.363638143,2727,CBA
Thunnus_albacares-Atlantic_Southeast,Thunnus albacares,Yellowfin tuna,"Tunas, bonitos, billfishes",Atlantic Southeast,1.361489035,1.669604886,1.778851687,1.864068853,1.975936903,0.157599401,1.750961068,22409.33741,1986,0.727276286,39997.52696,6901.559099,0.363638143,1711,CBA
Thunnus_albacares-Atlantic_Southeast,Thunnus albacares,Yellowfin tuna,"Tunas, bonitos, billfishes",Atlantic Southeast,1.416412596,1.702597983,1.798402057,1.875795823,1.977942655,0.142507768,1.774317639,22409.33741,1987,0.727276286,39997.52696,6901.559099,0.363638143,1923,CBA
Thunnus_albacares-Atlantic_Southeast,Thunnus albacares,Yellowfin tuna,"Tunas, bonitos, billfishes",Atlantic Southeast,1.42965011,1.679750903,1.767523913,1.844367732,1.96177579,0.133406451,1.751073961,22409.33741,1988,0.727276286,39997.52696,6901.559099,0.363638143,2748,CBA
Thunnus_albacares-Atlantic_Southeast,Thunnus albacares,Yellowfin tuna,"Tunas, bonitos, billfishes",Atlantic Southeast,1.40800702,1.633918666,1.718859986,1.797917189,1.93250068,0.131302334,1.708013673,22409.33741,1989,0.727276286,39997.52696,6901.559099,0.363638143,3489,CBA
Thunnus_albacares-Atlantic_Southeast,Thunnus albacares,Yellowfin tuna,"Tunas, bonitos, billfishes",Atlantic Southeast,1.379185699,1.600646993,1.690400883,1.772023538,1.915752329,0.13429225,1.679819428,22409.33741,1990,0.727276286,39997.52696,6901.559099,0.363638143,3683,CBA
Thunnus_albacares-Atlantic_Southeast,Thunnus albacares,Yellowfin tuna,"Tunas, bonitos, billfishes",Atlantic Southeast,1.398933137,1.631089082,1.727001926,1.811040187,1.946774227,0.138502338,1.713301752,22409.33741,1991,0.727276286,39997.52696,6901.559099,0.363638143,2770,CBA
Thunnus_albacares-Atlantic_Southeast,Thunnus albacares,Yellowfin tuna,"Tunas, bonitos, billfishes",Atlantic Southeast,1.379726566,1.603452479,1.696618787,1.779731754,1.920823546,0.13628684,1.684831465,22409.33741,1992,0.727276286,39997.52696,6901.559099,0.363638143,3581,CBA
Thunnus_albacares-Atlantic_Southeast,Thunnus albacares,Yellowfin tuna,"Tunas, bonitos, billfishes",Atlantic Southeast,1.340497284,1.560394181,1.656438989,1.742524509,1.892025348,0.138973657,1.645822112,22409.33741,1993,0.727276286,39997.52696,6901.559099,0.363638143,4122,CBA
Thunnus_albacares-Atlantic_Southeast,Thunnus albacares,Yellowfin tuna,"Tunas, bonitos, billfishes",Atlantic Southeast,1.182063331,1.390996869,1.496446537,1.593427246,1.76371686,0.148505293,1.489337384,22409.33741,1994,0.727276286,39997.52696,6901.559099,0.363638143,6700,CBA
Thunnus_albacares-Atlantic_Southeast,Thunnus albacares,Yellowfin tuna,"Tunas, bonitos, billfishes",Atlantic Southeast,1.063366958,1.304447633,1.432144703,1.54449456,1.730130736,0.172627485,1.420445767,22409.33741,1995,0.727276286,39997.52696,6901.559099,0.363638143,6318,CBA
Thunnus_albacares-Atlantic_Southeast,Thunnus albacares,Yellowfin tuna,"Tunas, bonitos, billfishes",Atlantic Southeast,1.043516105,1.329192693,1.483358721,1.605636559,1.79251444,0.19681885,1.460945141,22409.33741,1996,0.727276286,39997.52696,6901.559099,0.363638143,4607,CBA
Thunnus_albacares-Atlantic_Southeast,Thunnus albacares,Yellowfin tuna,"Tunas, bonitos, billfishes",Atlantic Southeast,1.101403436,1.42662611,1.597027083,1.721038325,1.898190842,0.210507423,1.563491188,22409.33741,1997,0.727276286,39997.52696,6901.559099,0.363638143,3051,CBA
Thunnus_albacares-Atlantic_Southeast,Thunnus albacares,Yellowfin tuna,"Tunas, bonitos, billfishes",Atlantic Southeast,1.002569135,1.333712928,1.487828481,1.604060098,1.781442385,0.202453346,1.456345394,22409.33741,1998,0.727276286,39997.52696,6901.559099,0.363638143,6134,CBA
Thunnus_albacares-Atlantic_Southeast,Thunnus albacares,Yellowfin tuna,"Tunas, bonitos, billfishes",Atlantic Southeast,0.934033652,1.296850773,1.466292926,1.586711641,1.771572406,0.218187726,1.428359678,22409.33741,1999,0.727276286,39997.52696,6901.559099,0.363638143,5530,CBA
Thunnus_albacares-Atlantic_Southeast,Thunnus albacares,Yellowfin tuna,"Tunas, bonitos, billfishes",Atlantic Southeast,0.915925576,1.320738592,1.506395537,1.631592161,1.813539589,0.234871485,1.459439467,22409.33741,2000,0.727276286,39997.52696,6901.559099,0.363638143,4530,CBA
Thunnus_albacares-Atlantic_Southeast,Thunnus albacares,Yellowfin tuna,"Tunas, bonitos, billfishes",Atlantic Southeast,0.972685656,1.421210216,1.612235811,1.735757458,1.905079569,0.244507685,1.556656666,22409.33741,2001,0.727276286,39997.52696,6901.559099,0.363638143,2957,CBA
Thunnus_albacares-Atlantic_Southeast,Thunnus albacares,Yellowfin tuna,"Tunas, bonitos, billfishes",Atlantic Southeast,1.060045602,1.525498646,1.70286585,1.811151937,1.953726599,0.233707724,1.641832479,22409.33741,2002,0.727276286,39997.52696,6901.559099,0.363638143,2349,CBA
Thunnus_albacares-Atlantic_Southeast,Thunnus albacares,Yellowfin tuna,"Tunas, bonitos, billfishes",Atlantic Southeast,1.110253421,1.562174646,1.706656652,1.80137516,1.943494382,0.211238393,1.65540377,22409.33741,2003,0.727276286,39997.52696,6901.559099,0.363638143,3002,CBA
Thunnus_albacares-Atlantic_Southeast,Thunnus albacares,Yellowfin tuna,"Tunas, bonitos, billfishes",Atlantic Southeast,1.104832352,1.523493807,1.651301255,1.743687314,1.895807164,0.195588567,1.610843308,22409.33741,2004,0.727276286,39997.52696,6901.559099,0.363638143,4161,CBA
Thunnus_albacares-Atlantic_Southeast,Thunnus albacares,Yellowfin tuna,"Tunas, bonitos, billfishes",Atlantic Southeast,1.10857864,1.511337767,1.637735148,1.733353431,1.88905958,0.192917234,1.601510422,22409.33741,2005,0.727276286,39997.52696,6901.559099,0.363638143,3992,CBA
Thunnus_albacares-Atlantic_Southeast,Thunnus albacares,Yellowfin tuna,"Tunas, bonitos, billfishes",Atlantic Southeast,1.115119818,1.510418489,1.635364481,1.734157737,1.891393192,0.192177138,1.601835717,22409.33741,2006,0.727276286,39997.52696,6901.559099,0.363638143,3901,CBA
Thunnus_albacares-Atlantic_Southeast,Thunnus albacares,Yellowfin tuna,"Tunas, bonitos, billfishes",Atlantic Southeast,1.079556132,1.464822018,1.58995385,1.687779854,1.848347935,0.189546557,1.557645948,22409.33741,2007,0.727276286,39997.52696,6901.559099,0.363638143,4736,CBA
Thunnus_albacares-Atlantic_Southeast,Thunnus albacares,Yellowfin tuna,"Tunas, bonitos, billfishes",Atlantic Southeast,1.14511453,1.547002767,1.681657836,1.782053429,1.93278155,0.196736618,1.643862021,22409.33741,2008,0.727276286,39997.52696,6901.559099,0.363638143,2651,CBA
Thunnus_albacares-Atlantic_Southeast,Thunnus albacares,Yellowfin tuna,"Tunas, bonitos, billfishes",Atlantic Southeast,1.195424976,1.585824456,1.710309277,1.803206096,1.944311534,0.185867277,1.674346423,22409.33741,2009,0.727276286,39997.52696,6901.559099,0.363638143,2872,CBA
Thunnus_albacares-Atlantic_Southeast,Thunnus albacares,Yellowfin tuna,"Tunas, bonitos, billfishes",Atlantic Southeast,1.246673246,1.615720942,1.728628695,1.817198607,1.949953217,0.174115781,1.697090481,22409.33741,2010,0.727276286,39997.52696,6901.559099,0.363638143,2773,CBA
Thunnus_albacares-Atlantic_Southeast,Thunnus albacares,Yellowfin tuna,"Tunas, bonitos, billfishes",Atlantic Southeast,1.249321105,1.580742995,1.685092362,1.770561021,1.914864508,0.162363897,1.660582601,22409.33741,2011,0.727276286,39997.52696,6901.559099,0.363638143,3766,CBA
Thunnus_albacares-Atlantic_Southeast,Thunnus albacares,Yellowfin tuna,"Tunas, bonitos, billfishes",Atlantic Southeast,1.294313542,1.61125493,1.716794279,1.804456331,1.942070606,0.159886377,1.693350163,22409.33741,2012,0.727276286,39997.52696,6901.559099,0.363638143,2877,CBA
Thunnus_albacares-Atlantic_Southeast,Thunnus albacares,Yellowfin tuna,"Tunas, bonitos, billfishes",Atlantic Southeast,1.296808686,1.587293378,1.685911424,1.770788173,1.915360751,0.151573784,1.667318506,22409.33741,2013,0.727276286,39997.52696,6901.559099,0.363638143,3709,CBA
Thunnus_albacares-Atlantic_Southeast,Thunnus albacares,Yellowfin tuna,"Tunas, bonitos, billfishes",Atlantic Southeast,1.253193596,1.517602975,1.613867951,1.701945989,1.858823169,0.148008697,1.60118252,22409.33741,2014,0.727276286,39997.52696,6901.559099,0.363638143,4809,CBA
Thunnus_albacares-Atlantic_Southeast,Thunnus albacares,Yellowfin tuna,"Tunas, bonitos, billfishes",Atlantic Southeast,1.248685902,1.521554073,1.62575004,1.715604986,1.86877978,0.153054259,1.609614747,22409.33741,2015,0.727276286,39997.52696,6901.559099,0.363638143,4078,CBA
Thunnus_albacares-Atlantic_Southeast,Thunnus albacares,Yellowfin tuna,"Tunas, bonitos, billfishes",Atlantic Southeast,0.609836261,0.740042505,0.91414538,1.08862277,1.319930343,0.208976832,0.923310596,22409.33741,2016,0.727276286,39997.52696,6901.559099,0.363638143,16956,CBA
Thunnus_albacares-Atlantic_Southwest,Thunnus albacares,Yellowfin tuna,"Tunas, bonitos, billfishes",Atlantic Southwest,0.422533938,0.597105274,0.802049662,1.051589133,1.37908422,0.27935831,0.836575042,19175.98085,1950,0.456266958,50830.29393,5361.748815,0.228133479,3000,CBA
Thunnus_albacares-Atlantic_Southwest,Thunnus albacares,Yellowfin tuna,"Tunas, bonitos, billfishes",Atlantic Southwest,0.451279424,0.655476319,0.886643372,1.152976936,1.514701513,0.306440224,0.916381971,19175.98085,1951,0.456266958,50830.29393,5361.748815,0.228133479,3000,CBA
Thunnus_albacares-Atlantic_Southwest,Thunnus albacares,Yellowfin tuna,"Tunas, bonitos, billfishes",Atlantic Southwest,0.487685172,0.717372596,0.975674333,1.258343251,1.601559047,0.324559492,0.996838332,19175.98085,1952,0.456266958,50830.29393,5361.748815,0.228133479,3000,CBA
Thunnus_albacares-Atlantic_Southwest,Thunnus albacares,Yellowfin tuna,"Tunas, bonitos, billfishes",Atlantic Southwest,0.524861398,0.783704697,1.063696391,1.353052987,1.678311613,0.336474891,1.074595927,19175.98085,1953,0.456266958,50830.29393,5361.748815,0.228133479,3000,CBA
Thunnus_albacares-Atlantic_Southwest,Thunnus albacares,Yellowfin tuna,"Tunas, bonitos, billfishes",Atlantic Southwest,0.534384346,0.824270104,1.1140311,1.388327112,1.671037515,0.335264105,1.105276043,19175.98085,1954,0.456266958,50830.29393,5361.748815,0.228133479,4000,CBA
Thunnus_albacares-Atlantic_Southwest,Thunnus albacares,Yellowfin tuna,"Tunas, bonitos, billfishes",Atlantic Southwest,0.538746948,0.858930006,1.164312484,1.415625292,1.673864766,0.33227324,1.135452132,19175.98085,1955,0.456266958,50830.29393,5361.748815,0.228133479,4000,CBA
Thunnus_albacares-Atlantic_Southwest,Thunnus albacares,Yellowfin tuna,"Tunas, bonitos, billfishes",Atlantic Southwest,0.515659749,0.859665086,1.163035157,1.391077884,1.617819163,0.322634697,1.121201458,19175.98085,1956,0.456266958,50830.29393,5361.748815,0.228133479,5000,CBA
Thunnus_albacares-Atlantic_Southwest,Thunnus albacares,Yellowfin tuna,"Tunas, bonitos, billfishes",Atlantic Southwest,0.52341295,0.894637702,1.205672016,1.426019369,1.63823854,0.325662993,1.152211528,19175.98085,1957,0.456266958,50830.29393,5361.748815,0.228133479,4000,CBA
Thunnus_albacares-Atlantic_Southwest,Thunnus albacares,Yellowfin tuna,"Tunas, bonitos, billfishes",Atlantic Southwest,0.513233278,0.918540816,1.231643137,1.429314576,1.642747256,0.32565017,1.164446136,19175.98085,1958,0.456266958,50830.29393,5361.748815,0.228133479,4400,CBA
Thunnus_albacares-Atlantic_Southwest,Thunnus albacares,Yellowfin tuna,"Tunas, bonitos, billfishes",Atlantic Southwest,0.465631438,0.914876432,1.226268037,1.402433298,1.601741552,0.322853648,1.146763313,19175.98085,1959,0.456266958,50830.29393,5361.748815,0.228133479,5100,CBA
Thunnus_albacares-Atlantic_Southwest,Thunnus albacares,Yellowfin tuna,"Tunas, bonitos, billfishes",Atlantic Southwest,0.437934474,0.924026451,1.231026182,1.405047834,1.600591791,0.327605548,1.148007972,19175.98085,1960,0.456266958,50830.29393,5361.748815,0.228133479,4700,CBA
Thunnus_albacares-Atlantic_Southwest,Thunnus albacares,Yellowfin tuna,"Tunas, bonitos, billfishes",Atlantic Southwest,0.406983381,0.941670076,1.252021474,1.422700133,1.6172337,0.335283412,1.161334648,19175.98085,1961,0.456266958,50830.29393,5361.748815,0.228133479,4400,CBA
Thunnus_albacares-Atlantic_Southwest,Thunnus albacares,Yellowfin tuna,"Tunas, bonitos, billfishes",Atlantic Southwest,0.477116692,1.076293207,1.382206594,1.568137838,1.807161902,0.362326603,1.297297589,19175.98085,1962,0.456266958,50830.29393,5361.748815,0.228133479,1400,CBA
Thunnus_albacares-Atlantic_Southwest,Thunnus albacares,Yellowfin tuna,"Tunas, bonitos, billfishes",Atlantic Southwest,0.538895696,1.180628242,1.489696263,1.673803743,1.895626743,0.363758439,1.397841731,19175.98085,1963,0.456266958,50830.29393,5361.748815,0.228133479,1600,CBA
Thunnus_albacares-Atlantic_Southwest,Thunnus albacares,Yellowfin tuna,"Tunas, bonitos, billfishes",Atlantic Southwest,0.477162076,1.139960047,1.400538028,1.530117394,1.711120903,0.325613408,1.301454602,19175.98085,1964,0.456266958,50830.29393,5361.748815,0.228133479,5900,CBA
Thunnus_albacares-Atlantic_Southwest,Thunnus albacares,Yellowfin tuna,"Tunas, bonitos, billfishes",Atlantic Southwest,0.451097546,1.155963926,1.397489782,1.520811281,1.702159827,0.323287018,1.300448759,19175.98085,1965,0.456266958,50830.29393,5361.748815,0.228133479,4300,CBA
Thunnus_albacares-Atlantic_Southwest,Thunnus albacares,Yellowfin tuna,"Tunas, bonitos, billfishes",Atlantic Southwest,0.528905813,1.285951294,1.523620816,1.666244376,1.862299262,0.339753157,1.430428674,19175.98085,1966,0.456266958,50830.29393,5361.748815,0.228133479,1100,CBA
Thunnus_albacares-Atlantic_Southwest,Thunnus albacares,Yellowfin tuna,"Tunas, bonitos, billfishes",Atlantic Southwest,0.597548548,1.385217928,1.607584331,1.755714656,1.919253052,0.332778528,1.519705119,19175.98085,1967,0.456266958,50830.29393,5361.748815,0.228133479,1400,CBA
Thunnus_albacares-Atlantic_Southwest,Thunnus albacares,Yellowfin tuna,"Tunas, bonitos, billfishes",Atlantic Southwest,0.703920277,1.466448524,1.66463567,1.79154545,1.949830332,0.31188852,1.579923657,19175.98085,1968,0.456266958,50830.29393,5361.748815,0.228133479,1500,CBA
Thunnus_albacares-Atlantic_Southwest,Thunnus albacares,Yellowfin tuna,"Tunas, bonitos, billfishes",Atlantic Southwest,0.756153596,1.508214368,1.675530425,1.784989905,1.94075947,0.286405173,1.599872903,19175.98085,1969,0.456266958,50830.29393,5361.748815,0.228133479,2200,CBA
Thunnus_albacares-Atlantic_Southwest,Thunnus albacares,Yellowfin tuna,"Tunas, bonitos, billfishes",Atlantic Southwest,0.854462893,1.549467409,1.699178222,1.794406419,1.941002555,0.26521386,1.62915104,19175.98085,1970,0.456266958,50830.29393,5361.748815,0.228133479,1925,CBA
Thunnus_albacares-Atlantic_Southwest,Thunnus albacares,Yellowfin tuna,"Tunas, bonitos, billfishes",Atlantic Southwest,0.965031303,1.601201206,1.733155025,1.831729344,1.963790569,0.245497399,1.677171331,19175.98085,1971,0.456266958,50830.29393,5361.748815,0.228133479,1279,CBA
Thunnus_albacares-Atlantic_Southwest,Thunnus albacares,Yellowfin tuna,"Tunas, bonitos, billfishes",Atlantic Southwest,1.03206029,1.61443257,1.731227449,1.824819384,1.950809748,0.223261177,1.68496312,19175.98085,1972,0.456266958,50830.29393,5361.748815,0.228133479,1899,CBA
Thunnus_albacares-Atlantic_Southwest,Thunnus albacares,Yellowfin tuna,"Tunas, bonitos, billfishes",Atlantic Southwest,1.131953734,1.669905925,1.771882937,1.857355316,1.970895891,0.205206414,1.73113287,19175.98085,1973,0.456266958,50830.29393,5361.748815,0.228133479,915,CBA
Thunnus_albacares-Atlantic_Southwest,Thunnus albacares,Yellowfin tuna,"Tunas, bonitos, billfishes",Atlantic Southwest,1.251693396,1.70112557,1.802256948,1.880568408,1.980766844,0.18566623,1.763960641,19175.98085,1974,0.456266958,50830.29393,5361.748815,0.228133479,1031,CBA
Thunnus_albacares-Atlantic_Southwest,Thunnus albacares,Yellowfin tuna,"Tunas, bonitos, billfishes",Atlantic Southwest,1.3459475,1.712848675,1.800250046,1.874176318,1.974115976,0.165293032,1.772292086,19175.98085,1975,0.456266958,50830.29393,5361.748815,0.228133479,1422,CBA
Thunnus_albacares-Atlantic_Southwest,Thunnus albacares,Yellowfin tuna,"Tunas, bonitos, billfishes",Atlantic Southwest,1.434441536,1.716769223,1.800546359,1.873962652,1.97795222,0.150612435,1.778031101,19175.98085,1976,0.456266958,50830.29393,5361.748815,0.228133479,1636,CBA
Thunnus_albacares-Atlantic_Southwest,Thunnus albacares,Yellowfin tuna,"Tunas, bonitos, billfishes",Atlantic Southwest,1.362605885,1.569474632,1.648696733,1.723598648,1.868863202,0.138972469,1.638685594,19175.98085,1977,0.456266958,50830.29393,5361.748815,0.228133479,5209,CBA
Thunnus_albacares-Atlantic_Southwest,Thunnus albacares,Yellowfin tuna,"Tunas, bonitos, billfishes",Atlantic Southwest,1.370008034,1.576019246,1.656520861,1.736862016,1.894133947,0.139647559,1.649487926,19175.98085,1978,0.456266958,50830.29393,5361.748815,0.228133479,2887,CBA
Thunnus_albacares-Atlantic_Southwest,Thunnus albacares,Yellowfin tuna,"Tunas, bonitos, billfishes",Atlantic Southwest,1.360546347,1.564257278,1.650310353,1.728042174,1.879291905,0.136259679,1.6423967,19175.98085,1979,0.456266958,50830.29393,5361.748815,0.228133479,3145,CBA
Thunnus_albacares-Atlantic_Southwest,Thunnus albacares,Yellowfin tuna,"Tunas, bonitos, billfishes",Atlantic Southwest,1.41850875,1.625861417,1.716889416,1.800053987,1.943729068,0.138127983,1.706294141,19175.98085,1980,0.456266958,50830.29393,5361.748815,0.228133479,1475,CBA
Thunnus_albacares-Atlantic_Southwest,Thunnus albacares,Yellowfin tuna,"Tunas, bonitos, billfishes",Atlantic Southwest,1.422266588,1.63066444,1.713450271,1.796740167,1.939645561,0.133078517,1.705320281,19175.98085,1981,0.456266958,50830.29393,5361.748815,0.228133479,2582,CBA
Thunnus_albacares-Atlantic_Southwest,Thunnus albacares,Yellowfin tuna,"Tunas, bonitos, billfishes",Atlantic Southwest,1.443222009,1.624061867,1.709662564,1.787229851,1.928889313,0.127871023,1.702187748,19175.98085,1982,0.456266958,50830.29393,5361.748815,0.228133479,2633,CBA
Thunnus_albacares-Atlantic_Southwest,Thunnus albacares,Yellowfin tuna,"Tunas, bonitos, billfishes",Atlantic Southwest,1.420955032,1.598504212,1.680649913,1.758534022,1.8931307,0.121702511,1.673853687,19175.98085,1983,0.456266958,50830.29393,5361.748815,0.228133479,3321,CBA
Thunnus_albacares-Atlantic_Southwest,Thunnus albacares,Yellowfin tuna,"Tunas, bonitos, billfishes",Atlantic Southwest,1.424991704,1.599750204,1.674808606,1.750003549,1.905113153,0.120548319,1.671803332,19175.98085,1984,0.456266958,50830.29393,5361.748815,0.228133479,2991,CBA
Thunnus_albacares-Atlantic_Southwest,Thunnus albacares,Yellowfin tuna,"Tunas, bonitos, billfishes",Atlantic Southwest,1.368559495,1.523070121,1.598731612,1.676849686,1.842812384,0.121203081,1.601761549,19175.98085,1985,0.456266958,50830.29393,5361.748815,0.228133479,4591,CBA
Thunnus_albacares-Atlantic_Southwest,Thunnus albacares,Yellowfin tuna,"Tunas, bonitos, billfishes",Atlantic Southwest,1.331703094,1.478243241,1.556619197,1.633486502,1.796202995,0.119529121,1.557908214,19175.98085,1986,0.456266958,50830.29393,5361.748815,0.228133479,4527,CBA
Thunnus_albacares-Atlantic_Southwest,Thunnus albacares,Yellowfin tuna,"Tunas, bonitos, billfishes",Atlantic Southwest,1.314621512,1.466204447,1.549306829,1.629877065,1.787422256,0.121141338,1.549750084,19175.98085,1987,0.456266958,50830.29393,5361.748815,0.228133479,3973,CBA
Thunnus_albacares-Atlantic_Southwest,Thunnus albacares,Yellowfin tuna,"Tunas, bonitos, billfishes",Atlantic Southwest,1.270810034,1.418638488,1.501073798,1.577605259,1.741254813,0.119951453,1.500318745,19175.98085,1988,0.456266958,50830.29393,5361.748815,0.228133479,5012,CBA
Thunnus_albacares-Atlantic_Southwest,Thunnus albacares,Yellowfin tuna,"Tunas, bonitos, billfishes",Atlantic Southwest,1.262406807,1.419023833,1.498797672,1.584491185,1.748859632,0.12277465,1.502219274,19175.98085,1989,0.456266958,50830.29393,5361.748815,0.228133479,4104,CBA
Thunnus_albacares-Atlantic_Southwest,Thunnus albacares,Yellowfin tuna,"Tunas, bonitos, billfishes",Atlantic Southwest,1.270347704,1.43246048,1.512446352,1.596850184,1.751188641,0.121865567,1.512996259,19175.98085,1990,0.456266958,50830.29393,5361.748815,0.228133479,3860,CBA
Thunnus_albacares-Atlantic_Southwest,Thunnus albacares,Yellowfin tuna,"Tunas, bonitos, billfishes",Atlantic Southwest,1.293693824,1.446334273,1.528854131,1.612099861,1.773326336,0.123521695,1.530425699,19175.98085,1991,0.456266958,50830.29393,5361.748815,0.228133479,3631,CBA
Thunnus_albacares-Atlantic_Southwest,Thunnus albacares,Yellowfin tuna,"Tunas, bonitos, billfishes",Atlantic Southwest,1.231340879,1.377863192,1.451387021,1.526744325,1.686568019,0.115044099,1.454732675,19175.98085,1992,0.456266958,50830.29393,5361.748815,0.228133479,5775,CBA
Thunnus_albacares-Atlantic_Southwest,Thunnus albacares,Yellowfin tuna,"Tunas, bonitos, billfishes",Atlantic Southwest,1.128932999,1.262246168,1.335778494,1.40706935,1.569740264,0.111751881,1.338332837,19175.98085,1993,0.456266958,50830.29393,5361.748815,0.228133479,7181,CBA
Thunnus_albacares-Atlantic_Southwest,Thunnus albacares,Yellowfin tuna,"Tunas, bonitos, billfishes",Atlantic Southwest,1.068995487,1.202456301,1.274763786,1.352558438,1.511221693,0.111561312,1.278760998,19175.98085,1994,0.456266958,50830.29393,5361.748815,0.228133479,6387,CBA
Thunnus_albacares-Atlantic_Southwest,Thunnus albacares,Yellowfin tuna,"Tunas, bonitos, billfishes",Atlantic Southwest,1.061179827,1.195614483,1.267862467,1.343845724,1.49662916,0.111987713,1.272399506,19175.98085,1995,0.456266958,50830.29393,5361.748815,0.228133479,5228,CBA
Thunnus_albacares-Atlantic_Southwest,Thunnus albacares,Yellowfin tuna,"Tunas, bonitos, billfishes",Atlantic Southwest,1.054179559,1.182405812,1.257705612,1.330493309,1.476572709,0.109733998,1.258294953,19175.98085,1996,0.456266958,50830.29393,5361.748815,0.228133479,5430,CBA
Thunnus_albacares-Atlantic_Southwest,Thunnus albacares,Yellowfin tuna,"Tunas, bonitos, billfishes",Atlantic Southwest,1.068605606,1.20635909,1.284052709,1.362502612,1.507506217,0.113043674,1.285176014,19175.98085,1997,0.456266958,50830.29393,5361.748815,0.228133479,4507,CBA
Thunnus_albacares-Atlantic_Southwest,Thunnus albacares,Yellowfin tuna,"Tunas, bonitos, billfishes",Atlantic Southwest,1.077173931,1.211455741,1.287679925,1.366033125,1.513681513,0.112147137,1.289178963,19175.98085,1998,0.456266958,50830.29393,5361.748815,0.228133479,4946,CBA
Thunnus_albacares-Atlantic_Southwest,Thunnus albacares,Yellowfin tuna,"Tunas, bonitos, billfishes",Atlantic Southwest,1.031120983,1.167584021,1.240936889,1.311369961,1.44999904,0.104467746,1.241195495,19175.98085,1999,0.456266958,50830.29393,5361.748815,0.228133479,6163,CBA
Thunnus_albacares-Atlantic_Southwest,Thunnus albacares,Yellowfin tuna,"Tunas, bonitos, billfishes",Atlantic Southwest,0.967288505,1.086020865,1.149868637,1.21479699,1.344798672,0.096984977,1.151261987,19175.98085,2000,0.456266958,50830.29393,5361.748815,0.228133479,7282,CBA
Thunnus_albacares-Atlantic_Southwest,Thunnus albacares,Yellowfin tuna,"Tunas, bonitos, billfishes",Atlantic Southwest,0.890928198,0.99408692,1.052243029,1.114445385,1.237536521,0.089098083,1.0550315,19175.98085,2001,0.456266958,50830.29393,5361.748815,0.228133479,7642,CBA
Thunnus_albacares-Atlantic_Southwest,Thunnus albacares,Yellowfin tuna,"Tunas, bonitos, billfishes",Atlantic Southwest,0.816744872,0.909294861,0.964331295,1.019986759,1.133887008,0.081779335,0.966837719,19175.98085,2002,0.456266958,50830.29393,5361.748815,0.228133479,7504,CBA
Thunnus_albacares-Atlantic_Southwest,Thunnus albacares,Yellowfin tuna,"Tunas, bonitos, billfishes",Atlantic Southwest,0.805923523,0.901255525,0.95456854,1.005835818,1.110741203,0.077746052,0.95471438,19175.98085,2003,0.456266958,50830.29393,5361.748815,0.228133479,5717,CBA
Thunnus_albacares-Atlantic_Southwest,Thunnus albacares,Yellowfin tuna,"Tunas, bonitos, billfishes",Atlantic Southwest,0.702192146,0.780434852,0.824193973,0.869841041,0.974708343,0.069197394,0.827467307,19175.98085,2004,0.456266958,50830.29393,5361.748815,0.228133479,8420,CBA
Thunnus_albacares-Atlantic_Southwest,Thunnus albacares,Yellowfin tuna,"Tunas, bonitos, billfishes",Atlantic Southwest,0.559347826,0.622124737,0.663958638,0.714078669,0.830824696,0.069755046,0.672132514,19175.98085,2005,0.456266958,50830.29393,5361.748815,0.228133479,8935,CBA
Thunnus_albacares-Atlantic_Southwest,Thunnus albacares,Yellowfin tuna,"Tunas, bonitos, billfishes",Atlantic Southwest,0.555117931,0.617346908,0.654320536,0.700936951,0.818262237,0.066686079,0.663856684,19175.98085,2006,0.456266958,50830.29393,5361.748815,0.228133479,4933,CBA
Thunnus_albacares-Atlantic_Southwest,Thunnus albacares,Yellowfin tuna,"Tunas, bonitos, billfishes",Atlantic Southwest,0.472174095,0.531261303,0.571914355,0.62392777,0.746841483,0.071110396,0.582404688,19175.98085,2007,0.456266958,50830.29393,5361.748815,0.228133479,6687,CBA
Thunnus_albacares-Atlantic_Southwest,Thunnus albacares,Yellowfin tuna,"Tunas, bonitos, billfishes",Atlantic Southwest,0.444044551,0.501834706,0.546874101,0.600400448,0.723680028,0.073393732,0.557009488,19175.98085,2008,0.456266958,50830.29393,5361.748815,0.228133479,4974,CBA
Thunnus_albacares-Atlantic_Southwest,Thunnus albacares,Yellowfin tuna,"Tunas, bonitos, billfishes",Atlantic Southwest,0.405905861,0.464459429,0.513693228,0.573125228,0.703754749,0.078818232,0.524674797,19175.98085,2009,0.456266958,50830.29393,5361.748815,0.228133479,5010,CBA
Thunnus_albacares-Atlantic_Southwest,Thunnus albacares,Yellowfin tuna,"Tunas, bonitos, billfishes",Atlantic Southwest,0.368403175,0.429803308,0.485329154,0.553069356,0.688821583,0.086516402,0.497094124,19175.98085,2010,0.456266958,50830.29393,5361.748815,0.228133479,4728,CBA
Thunnus_albacares-Atlantic_Southwest,Thunnus albacares,Yellowfin tuna,"Tunas, bonitos, billfishes",Atlantic Southwest,0.33124327,0.398627888,0.466932305,0.545004561,0.688387551,0.097051186,0.477706701,19175.98085,2011,0.456266958,50830.29393,5361.748815,0.228133479,4377,CBA
Thunnus_albacares-Atlantic_Southwest,Thunnus albacares,Yellowfin tuna,"Tunas, bonitos, billfishes",Atlantic Southwest,0.320377177,0.406886947,0.490734448,0.57916797,0.723047545,0.110112605,0.497771711,19175.98085,2012,0.456266958,50830.29393,5361.748815,0.228133479,3327,CBA
Thunnus_albacares-Atlantic_Southwest,Thunnus albacares,Yellowfin tuna,"Tunas, bonitos, billfishes",Atlantic Southwest,0.284043527,0.395758117,0.501054257,0.601012024,0.73945098,0.128096133,0.501287672,19175.98085,2013,0.456266958,50830.29393,5361.748815,0.228133479,3827,CBA
Thunnus_albacares-Atlantic_Southwest,Thunnus albacares,Yellowfin tuna,"Tunas, bonitos, billfishes",Atlantic Southwest,0.257520859,0.403271604,0.535767059,0.652342344,0.785543391,0.15095276,0.526639387,19175.98085,2014,0.456266958,50830.29393,5361.748815,0.228133479,3308,CBA
Thunnus_albacares-Atlantic_Southwest,Thunnus albacares,Yellowfin tuna,"Tunas, bonitos, billfishes",Atlantic Southwest,0.152053105,0.333207221,0.49615391,0.6380169,0.761789723,0.180342807,0.48110883,19175.98085,2015,0.456266958,50830.29393,5361.748815,0.228133479,5130,CBA
Thunnus_albacares-Atlantic_Southwest,Thunnus albacares,Yellowfin tuna,"Tunas, bonitos, billfishes",Atlantic Southwest,0.052708146,0.2935584,0.499135385,0.666416925,0.788506979,0.221308332,0.472699432,19175.98085,2016,0.456266958,50830.29393,5361.748815,0.228133479,3936,CBA
Thunnus_albacares-Atlantic_Western Central,Thunnus albacares,Yellowfin tuna,"Tunas, bonitos, billfishes",Atlantic Western Central,1.030678785,1.234703071,1.38812272,1.568638628,1.853770073,0.221123057,1.40427783,152030.7839,1950,0.339017292,237698.1517,19658.06011,0.169508646,1000,CBA
Thunnus_albacares-Atlantic_Western Central,Thunnus albacares,Yellowfin tuna,"Tunas, bonitos, billfishes",Atlantic Western Central,1.148008509,1.361182724,1.507070846,1.665981974,1.903209368,0.203313386,1.514606653,152030.7839,1951,0.339017292,237698.1517,19658.06011,0.169508646,1158,CBA
Thunnus_albacares-Atlantic_Western Central,Thunnus albacares,Yellowfin tuna,"Tunas, bonitos, billfishes",Atlantic Western Central,1.252166081,1.483629791,1.614910695,1.744247483,1.94055083,0.17962732,1.612496593,152030.7839,1952,0.339017292,237698.1517,19658.06011,0.169508646,700,CBA
Thunnus_albacares-Atlantic_Western Central,Thunnus albacares,Yellowfin tuna,"Tunas, bonitos, billfishes",Atlantic Western Central,1.359718218,1.581384575,1.699690987,1.805808383,1.950963731,0.156571893,1.688547816,152030.7839,1953,0.339017292,237698.1517,19658.06011,0.169508646,500,CBA
Thunnus_albacares-Atlantic_Western Central,Thunnus albacares,Yellowfin tuna,"Tunas, bonitos, billfishes",Atlantic Western Central,1.444279512,1.663730531,1.752820439,1.849617461,1.977031517,0.136271292,1.74718988,152030.7839,1954,0.339017292,237698.1517,19658.06011,0.169508646,607,CBA
Thunnus_albacares-Atlantic_Western Central,Thunnus albacares,Yellowfin tuna,"Tunas, bonitos, billfishes",Atlantic Western Central,1.52242302,1.708018627,1.800126765,1.875641618,1.979632556,0.119454299,1.786017059,152030.7839,1955,0.339017292,237698.1517,19658.06011,0.169508646,600,CBA
Thunnus_albacares-Atlantic_Western Central,Thunnus albacares,Yellowfin tuna,"Tunas, bonitos, billfishes",Atlantic Western Central,1.572510889,1.747486783,1.826788231,1.894187942,1.983981485,0.106900199,1.81491862,152030.7839,1956,0.339017292,237698.1517,19658.06011,0.169508646,1451,CBA
Thunnus_albacares-Atlantic_Western Central,Thunnus albacares,Yellowfin tuna,"Tunas, bonitos, billfishes",Atlantic Western Central,1.575267051,1.754077201,1.830499895,1.900114095,1.983839782,0.105504225,1.819330786,152030.7839,1957,0.339017292,237698.1517,19658.06011,0.169508646,3802,CBA
Thunnus_albacares-Atlantic_Western Central,Thunnus albacares,Yellowfin tuna,"Tunas, bonitos, billfishes",Atlantic Western Central,1.526703072,1.674949058,1.747394245,1.813586939,1.943020872,0.10620894,1.743170995,152030.7839,1958,0.339017292,237698.1517,19658.06011,0.169508646,14383,CBA
Thunnus_albacares-Atlantic_Western Central,Thunnus albacares,Yellowfin tuna,"Tunas, bonitos, billfishes",Atlantic Western Central,1.468818144,1.626781689,1.706764414,1.77460935,1.915674915,0.110932999,1.700256186,152030.7839,1959,0.339017292,237698.1517,19658.06011,0.169508646,13011,CBA
Thunnus_albacares-Atlantic_Western Central,Thunnus albacares,Yellowfin tuna,"Tunas, bonitos, billfishes",Atlantic Western Central,1.442455185,1.595140141,1.680028092,1.757915244,1.895105208,0.115569796,1.676910582,152030.7839,1960,0.339017292,237698.1517,19658.06011,0.169508646,12300,CBA
Thunnus_albacares-Atlantic_Western Central,Thunnus albacares,Yellowfin tuna,"Tunas, bonitos, billfishes",Atlantic Western Central,1.477712048,1.645288562,1.734455298,1.81687191,1.967602713,0.122276139,1.730594876,152030.7839,1961,0.339017292,237698.1517,19658.06011,0.169508646,3700,CBA
Thunnus_albacares-Atlantic_Western Central,Thunnus albacares,Yellowfin tuna,"Tunas, bonitos, billfishes",Atlantic Western Central,1.320743487,1.481007899,1.563012714,1.644333368,1.813915107,0.124717982,1.565420167,152030.7839,1962,0.339017292,237698.1517,19658.06011,0.169508646,28117,CBA
Thunnus_albacares-Atlantic_Western Central,Thunnus albacares,Yellowfin tuna,"Tunas, bonitos, billfishes",Atlantic Western Central,1.275663937,1.419493728,1.509436439,1.596326856,1.755596275,0.126912516,1.510569736,152030.7839,1963,0.339017292,237698.1517,19658.06011,0.169508646,19600,CBA
Thunnus_albacares-Atlantic_Western Central,Thunnus albacares,Yellowfin tuna,"Tunas, bonitos, billfishes",Atlantic Western Central,1.228845786,1.378657103,1.468115516,1.554937343,1.716580451,0.129704507,1.468021992,152030.7839,1964,0.339017292,237698.1517,19658.06011,0.169508646,19600,CBA
Thunnus_albacares-Atlantic_Western Central,Thunnus albacares,Yellowfin tuna,"Tunas, bonitos, billfishes",Atlantic Western Central,1.236575956,1.398706862,1.487659746,1.581014499,1.754000912,0.132508719,1.488820892,152030.7839,1965,0.339017292,237698.1517,19658.06011,0.169508646,13100,CBA
Thunnus_albacares-Atlantic_Western Central,Thunnus albacares,Yellowfin tuna,"Tunas, bonitos, billfishes",Atlantic Western Central,1.232422652,1.39819153,1.492469992,1.579130037,1.741964878,0.132824934,1.490604262,152030.7839,1966,0.339017292,237698.1517,19658.06011,0.169508646,14600,CBA
Thunnus_albacares-Atlantic_Western Central,Thunnus albacares,Yellowfin tuna,"Tunas, bonitos, billfishes",Atlantic Western Central,1.30239672,1.474395449,1.571091326,1.659875961,1.848522019,0.135803723,1.569105554,152030.7839,1967,0.339017292,237698.1517,19658.06011,0.169508646,5500,CBA
Thunnus_albacares-Atlantic_Western Central,Thunnus albacares,Yellowfin tuna,"Tunas, bonitos, billfishes",Atlantic Western Central,1.308273853,1.500581335,1.591649339,1.678794819,1.84371535,0.135321669,1.587775193,152030.7839,1968,0.339017292,237698.1517,19658.06011,0.169508646,10914,CBA
Thunnus_albacares-Atlantic_Western Central,Thunnus albacares,Yellowfin tuna,"Tunas, bonitos, billfishes",Atlantic Western Central,1.330830627,1.505158639,1.595165774,1.681588106,1.842471211,0.132553707,1.592993049,152030.7839,1969,0.339017292,237698.1517,19658.06011,0.169508646,11800,CBA
Thunnus_albacares-Atlantic_Western Central,Thunnus albacares,Yellowfin tuna,"Tunas, bonitos, billfishes",Atlantic Western Central,1.340484171,1.52653682,1.610603209,1.697998847,1.868826179,0.134137086,1.610423273,152030.7839,1970,0.339017292,237698.1517,19658.06011,0.169508646,10346,CBA
Thunnus_albacares-Atlantic_Western Central,Thunnus albacares,Yellowfin tuna,"Tunas, bonitos, billfishes",Atlantic Western Central,1.346690675,1.533804682,1.626719309,1.716804746,1.877176745,0.133942904,1.622395105,152030.7839,1971,0.339017292,237698.1517,19658.06011,0.169508646,10498,CBA
Thunnus_albacares-Atlantic_Western Central,Thunnus albacares,Yellowfin tuna,"Tunas, bonitos, billfishes",Atlantic Western Central,1.343867368,1.535941066,1.626620622,1.711958701,1.88757353,0.135219346,1.623539094,152030.7839,1972,0.339017292,237698.1517,19658.06011,0.169508646,11847,CBA
Thunnus_albacares-Atlantic_Western Central,Thunnus albacares,Yellowfin tuna,"Tunas, bonitos, billfishes",Atlantic Western Central,1.356543129,1.53603126,1.626104259,1.709385327,1.856823301,0.127319037,1.620908563,152030.7839,1973,0.339017292,237698.1517,19658.06011,0.169508646,12216,CBA
Thunnus_albacares-Atlantic_Western Central,Thunnus albacares,Yellowfin tuna,"Tunas, bonitos, billfishes",Atlantic Western Central,1.371908364,1.533363125,1.619198415,1.704275305,1.862725901,0.124403559,1.617510558,152030.7839,1974,0.339017292,237698.1517,19658.06011,0.169508646,12599,CBA
Thunnus_albacares-Atlantic_Western Central,Thunnus albacares,Yellowfin tuna,"Tunas, bonitos, billfishes",Atlantic Western Central,1.389995206,1.55343683,1.633480019,1.723785433,1.881820224,0.126410472,1.637546786,152030.7839,1975,0.339017292,237698.1517,19658.06011,0.169508646,9451,CBA
Thunnus_albacares-Atlantic_Western Central,Thunnus albacares,Yellowfin tuna,"Tunas, bonitos, billfishes",Atlantic Western Central,1.405837134,1.569073194,1.654608353,1.747359424,1.891894482,0.12731241,1.654690222,152030.7839,1976,0.339017292,237698.1517,19658.06011,0.169508646,8995,CBA
Thunnus_albacares-Atlantic_Western Central,Thunnus albacares,Yellowfin tuna,"Tunas, bonitos, billfishes",Atlantic Western Central,1.432836354,1.599728033,1.690763841,1.780900308,1.927812877,0.128128015,1.687803538,152030.7839,1977,0.339017292,237698.1517,19658.06011,0.169508646,6250,CBA
Thunnus_albacares-Atlantic_Western Central,Thunnus albacares,Yellowfin tuna,"Tunas, bonitos, billfishes",Atlantic Western Central,1.456261323,1.617503661,1.712996448,1.799058602,1.940798332,0.127176746,1.707891003,152030.7839,1978,0.339017292,237698.1517,19658.06011,0.169508646,7208,CBA
Thunnus_albacares-Atlantic_Western Central,Thunnus albacares,Yellowfin tuna,"Tunas, bonitos, billfishes",Atlantic Western Central,1.482945561,1.64208565,1.730755091,1.819805746,1.963938176,0.125383593,1.731017867,152030.7839,1979,0.339017292,237698.1517,19658.06011,0.169508646,6436,CBA
Thunnus_albacares-Atlantic_Western Central,Thunnus albacares,Yellowfin tuna,"Tunas, bonitos, billfishes",Atlantic Western Central,1.491988106,1.64287528,1.727148558,1.813925479,1.946345159,0.117494143,1.728477611,152030.7839,1980,0.339017292,237698.1517,19658.06011,0.169508646,9114,CBA
Thunnus_albacares-Atlantic_Western Central,Thunnus albacares,Yellowfin tuna,"Tunas, bonitos, billfishes",Atlantic Western Central,1.483983304,1.656864456,1.735327067,1.815101027,1.950768356,0.118088897,1.732311205,152030.7839,1981,0.339017292,237698.1517,19658.06011,0.169508646,9463,CBA
Thunnus_albacares-Atlantic_Western Central,Thunnus albacares,Yellowfin tuna,"Tunas, bonitos, billfishes",Atlantic Western Central,1.44062206,1.576044376,1.654782388,1.733838159,1.881541531,0.114700624,1.65609538,152030.7839,1982,0.339017292,237698.1517,19658.06011,0.169508646,19276,CBA
Thunnus_albacares-Atlantic_Western Central,Thunnus albacares,Yellowfin tuna,"Tunas, bonitos, billfishes",Atlantic Western Central,1.256738924,1.401817187,1.468740778,1.551916118,1.718785241,0.114768092,1.475434575,152030.7839,1983,0.339017292,237698.1517,19658.06011,0.169508646,32667,CBA
Thunnus_albacares-Atlantic_Western Central,Thunnus albacares,Yellowfin tuna,"Tunas, bonitos, billfishes",Atlantic Western Central,1.123710831,1.258891993,1.329582192,1.406285402,1.591442819,0.114121383,1.335444632,152030.7839,1984,0.339017292,237698.1517,19658.06011,0.169508646,32860,CBA
Thunnus_albacares-Atlantic_Western Central,Thunnus albacares,Yellowfin tuna,"Tunas, bonitos, billfishes",Atlantic Western Central,0.989323017,1.127443209,1.200342988,1.271451997,1.461540351,0.114517338,1.205352305,152030.7839,1985,0.339017292,237698.1517,19658.06011,0.169508646,33520,CBA
Thunnus_albacares-Atlantic_Western Central,Thunnus albacares,Yellowfin tuna,"Tunas, bonitos, billfishes",Atlantic Western Central,0.963990033,1.104210772,1.176887851,1.254036125,1.432680082,0.114309912,1.181518688,152030.7839,1986,0.339017292,237698.1517,19658.06011,0.169508646,22766,CBA
Thunnus_albacares-Atlantic_Western Central,Thunnus albacares,Yellowfin tuna,"Tunas, bonitos, billfishes",Atlantic Western Central,0.976890766,1.116815486,1.188277949,1.264387397,1.422223464,0.11231638,1.192955914,152030.7839,1987,0.339017292,237698.1517,19658.06011,0.169508646,18574,CBA
Thunnus_albacares-Atlantic_Western Central,Thunnus albacares,Yellowfin tuna,"Tunas, bonitos, billfishes",Atlantic Western Central,0.954659317,1.085436275,1.15746195,1.239234296,1.39758656,0.111210345,1.161720511,152030.7839,1988,0.339017292,237698.1517,19658.06011,0.169508646,23653,CBA
Thunnus_albacares-Atlantic_Western Central,Thunnus albacares,Yellowfin tuna,"Tunas, bonitos, billfishes",Atlantic Western Central,0.900006206,1.025391984,1.100324395,1.174428895,1.319889496,0.109212127,1.102043611,152030.7839,1989,0.339017292,237698.1517,19658.06011,0.169508646,26880,CBA
Thunnus_albacares-Atlantic_Western Central,Thunnus albacares,Yellowfin tuna,"Tunas, bonitos, billfishes",Atlantic Western Central,0.90274201,1.02982333,1.098183448,1.170701604,1.311366778,0.106380412,1.101618884,152030.7839,1990,0.339017292,237698.1517,19658.06011,0.169508646,20297,CBA
Thunnus_albacares-Atlantic_Western Central,Thunnus albacares,Yellowfin tuna,"Tunas, bonitos, billfishes",Atlantic Western Central,0.865820949,0.983825171,1.047892756,1.117681224,1.257612348,0.100533034,1.05219262,152030.7839,1991,0.339017292,237698.1517,19658.06011,0.169508646,25876,CBA
Thunnus_albacares-Atlantic_Western Central,Thunnus albacares,Yellowfin tuna,"Tunas, bonitos, billfishes",Atlantic Western Central,0.838936312,0.945101754,1.010206703,1.067396637,1.218027121,0.096242567,1.010801487,152030.7839,1992,0.339017292,237698.1517,19658.06011,0.169508646,24763,CBA
Thunnus_albacares-Atlantic_Western Central,Thunnus albacares,Yellowfin tuna,"Tunas, bonitos, billfishes",Atlantic Western Central,0.786976106,0.881495676,0.944817815,1.002403492,1.142250457,0.091436337,0.94766821,152030.7839,1993,0.339017292,237698.1517,19658.06011,0.169508646,27554,CBA
Thunnus_albacares-Atlantic_Western Central,Thunnus albacares,Yellowfin tuna,"Tunas, bonitos, billfishes",Atlantic Western Central,0.659006374,0.749279579,0.807257275,0.868239211,1.003844773,0.087139485,0.812223856,152030.7839,1994,0.339017292,237698.1517,19658.06011,0.169508646,35324,CBA
Thunnus_albacares-Atlantic_Western Central,Thunnus albacares,Yellowfin tuna,"Tunas, bonitos, billfishes",Atlantic Western Central,0.629168901,0.720802899,0.772498861,0.825751688,0.954819307,0.082768593,0.777778064,152030.7839,1995,0.339017292,237698.1517,19658.06011,0.169508646,22865,CBA
Thunnus_albacares-Atlantic_Western Central,Thunnus albacares,Yellowfin tuna,"Tunas, bonitos, billfishes",Atlantic Western Central,0.61202555,0.700264593,0.750119753,0.799131171,0.933845151,0.080274309,0.754884501,152030.7839,1996,0.339017292,237698.1517,19658.06011,0.169508646,21320,CBA
Thunnus_albacares-Atlantic_Western Central,Thunnus albacares,Yellowfin tuna,"Tunas, bonitos, billfishes",Atlantic Western Central,0.57724561,0.663996879,0.709663755,0.756815627,0.897375997,0.077341498,0.714591178,152030.7839,1997,0.339017292,237698.1517,19658.06011,0.169508646,22911,CBA
Thunnus_albacares-Atlantic_Western Central,Thunnus albacares,Yellowfin tuna,"Tunas, bonitos, billfishes",Atlantic Western Central,0.550348265,0.627782708,0.670500874,0.722097817,0.848352158,0.07518554,0.679262604,152030.7839,1998,0.339017292,237698.1517,19658.06011,0.169508646,22129,CBA
Thunnus_albacares-Atlantic_Western Central,Thunnus albacares,Yellowfin tuna,"Tunas, bonitos, billfishes",Atlantic Western Central,0.544227234,0.618911093,0.660358945,0.710410607,0.841534035,0.072367518,0.66923725,152030.7839,1999,0.339017292,237698.1517,19658.06011,0.169508646,18692,CBA
Thunnus_albacares-Atlantic_Western Central,Thunnus albacares,Yellowfin tuna,"Tunas, bonitos, billfishes",Atlantic Western Central,0.515508829,0.584272212,0.625296945,0.671204987,0.802229367,0.069887325,0.632251199,152030.7839,2000,0.339017292,237698.1517,19658.06011,0.169508646,21580,CBA
Thunnus_albacares-Atlantic_Western Central,Thunnus albacares,Yellowfin tuna,"Tunas, bonitos, billfishes",Atlantic Western Central,0.428045338,0.493360463,0.534419893,0.581991079,0.716521069,0.070740124,0.543071008,152030.7839,2001,0.339017292,237698.1517,19658.06011,0.169508646,27108,CBA
Thunnus_albacares-Atlantic_Western Central,Thunnus albacares,Yellowfin tuna,"Tunas, bonitos, billfishes",Atlantic Western Central,0.401930882,0.467089284,0.506208757,0.555965492,0.687342984,0.070985283,0.51550399,152030.7839,2002,0.339017292,237698.1517,19658.06011,0.169508646,18359,CBA
Thunnus_albacares-Atlantic_Western Central,Thunnus albacares,Yellowfin tuna,"Tunas, bonitos, billfishes",Atlantic Western Central,0.394247811,0.457599919,0.494167887,0.542160098,0.671519351,0.070877078,0.505715556,152030.7839,2003,0.339017292,237698.1517,19658.06011,0.169508646,15832,CBA
Thunnus_albacares-Atlantic_Western Central,Thunnus albacares,Yellowfin tuna,"Tunas, bonitos, billfishes",Atlantic Western Central,0.364976067,0.424638656,0.467268651,0.522123941,0.648351729,0.074720033,0.478778085,152030.7839,2004,0.339017292,237698.1517,19658.06011,0.169508646,17559,CBA
Thunnus_albacares-Atlantic_Western Central,Thunnus albacares,Yellowfin tuna,"Tunas, bonitos, billfishes",Atlantic Western Central,0.385386691,0.446867121,0.488147368,0.545132099,0.67855082,0.07556734,0.501399396,152030.7839,2005,0.339017292,237698.1517,19658.06011,0.169508646,11020,CBA
Thunnus_albacares-Atlantic_Western Central,Thunnus albacares,Yellowfin tuna,"Tunas, bonitos, billfishes",Atlantic Western Central,0.35276491,0.413601824,0.459902834,0.521220141,0.670807231,0.080442778,0.474090099,152030.7839,2006,0.339017292,237698.1517,19658.06011,0.169508646,17600,CBA
Thunnus_albacares-Atlantic_Western Central,Thunnus albacares,Yellowfin tuna,"Tunas, bonitos, billfishes",Atlantic Western Central,0.347772642,0.409321864,0.459821453,0.52465239,0.669840126,0.084637102,0.473945885,152030.7839,2007,0.339017292,237698.1517,19658.06011,0.169508646,13774,CBA
Thunnus_albacares-Atlantic_Western Central,Thunnus albacares,Yellowfin tuna,"Tunas, bonitos, billfishes",Atlantic Western Central,0.358179206,0.424524431,0.479687886,0.549744881,0.686027603,0.089633426,0.491721345,152030.7839,2008,0.339017292,237698.1517,19658.06011,0.169508646,11701,CBA
Thunnus_albacares-Atlantic_Western Central,Thunnus albacares,Yellowfin tuna,"Tunas, bonitos, billfishes",Atlantic Western Central,0.351762437,0.428360106,0.490128313,0.566256109,0.709753125,0.095395499,0.502184123,152030.7839,2009,0.339017292,237698.1517,19658.06011,0.169508646,12966,CBA
Thunnus_albacares-Atlantic_Western Central,Thunnus albacares,Yellowfin tuna,"Tunas, bonitos, billfishes",Atlantic Western Central,0.330827018,0.412050466,0.484237168,0.567549552,0.712034291,0.105400859,0.494638995,152030.7839,2010,0.339017292,237698.1517,19658.06011,0.169508646,15223,CBA
Thunnus_albacares-Atlantic_Western Central,Thunnus albacares,Yellowfin tuna,"Tunas, bonitos, billfishes",Atlantic Western Central,0.325505019,0.415766364,0.501365308,0.598891637,0.737494081,0.11621304,0.510407708,152030.7839,2011,0.339017292,237698.1517,19658.06011,0.169508646,12286,CBA
Thunnus_albacares-Atlantic_Western Central,Thunnus albacares,Yellowfin tuna,"Tunas, bonitos, billfishes",Atlantic Western Central,0.292869102,0.406997764,0.501465969,0.604840784,0.753080594,0.129380484,0.508729664,152030.7839,2012,0.339017292,237698.1517,19658.06011,0.169508646,14596,CBA
Thunnus_albacares-Atlantic_Western Central,Thunnus albacares,Yellowfin tuna,"Tunas, bonitos, billfishes",Atlantic Western Central,0.244958718,0.3758603,0.498033681,0.608754578,0.75764345,0.145032715,0.496464902,152030.7839,2013,0.339017292,237698.1517,19658.06011,0.169508646,15730,CBA
Thunnus_albacares-Atlantic_Western Central,Thunnus albacares,Yellowfin tuna,"Tunas, bonitos, billfishes",Atlantic Western Central,0.198600795,0.355591168,0.498719354,0.623183788,0.771338546,0.164046741,0.492010369,152030.7839,2014,0.339017292,237698.1517,19658.06011,0.169508646,14360,CBA
Thunnus_albacares-Atlantic_Western Central,Thunnus albacares,Yellowfin tuna,"Tunas, bonitos, billfishes",Atlantic Western Central,0.148815044,0.348276883,0.522077842,0.663340844,0.803934193,0.188433126,0.502841917,152030.7839,2015,0.339017292,237698.1517,19658.06011,0.169508646,12739,CBA
Thunnus_albacares-Atlantic_Western Central,Thunnus albacares,Yellowfin tuna,"Tunas, bonitos, billfishes",Atlantic Western Central,0.056020648,0.301364874,0.511667534,0.678414075,0.788296768,0.21923266,0.482034421,152030.7839,2016,0.339017292,237698.1517,19658.06011,0.169508646,16328,CBA
Thunnus_albacares-Indian Ocean_Eastern,Thunnus albacares,Yellowfin tuna,"Tunas, bonitos, billfishes",Indian Ocean Eastern,1.047033875,1.283159664,1.46279515,1.646804502,1.903891952,0.231419151,1.46602625,537126.0501,1950,0.413268485,827066.4911,79971.90127,0.206634242,816,CBA
Thunnus_albacares-Indian Ocean_Eastern,Thunnus albacares,Yellowfin tuna,"Tunas, bonitos, billfishes",Indian Ocean Eastern,1.177739104,1.439508227,1.605813855,1.754569154,1.948119751,0.207885366,1.593966629,537126.0501,1951,0.413268485,827066.4911,79971.90127,0.206634242,1582,CBA
Thunnus_albacares-Indian Ocean_Eastern,Thunnus albacares,Yellowfin tuna,"Tunas, bonitos, billfishes",Indian Ocean Eastern,1.288165575,1.548023971,1.69763218,1.826266178,1.964139621,0.181043703,1.680882711,537126.0501,1952,0.413268485,827066.4911,79971.90127,0.206634242,5149,CBA
Thunnus_albacares-Indian Ocean_Eastern,Thunnus albacares,Yellowfin tuna,"Tunas, bonitos, billfishes",Indian Ocean Eastern,1.389119668,1.637286785,1.765664188,1.860449465,1.97506897,0.157455266,1.740298404,537126.0501,1953,0.413268485,827066.4911,79971.90127,0.206634242,8071,CBA
Thunnus_albacares-Indian Ocean_Eastern,Thunnus albacares,Yellowfin tuna,"Tunas, bonitos, billfishes",Indian Ocean Eastern,1.433420702,1.67163944,1.779586192,1.857580255,1.981601341,0.140703943,1.759536821,537126.0501,1954,0.413268485,827066.4911,79971.90127,0.206634242,17524,CBA
Thunnus_albacares-Indian Ocean_Eastern,Thunnus albacares,Yellowfin tuna,"Tunas, bonitos, billfishes",Indian Ocean Eastern,1.488278934,1.704989236,1.798622293,1.877121654,1.981503095,0.128091811,1.782590668,537126.0501,1955,0.413268485,827066.4911,79971.90127,0.206634242,13289,CBA
Thunnus_albacares-Indian Ocean_Eastern,Thunnus albacares,Yellowfin tuna,"Tunas, bonitos, billfishes",Indian Ocean Eastern,1.520825281,1.708267437,1.795763162,1.871532313,1.969357014,0.119905071,1.782839024,537126.0501,1956,0.413268485,827066.4911,79971.90127,0.206634242,18419,CBA
Thunnus_albacares-Indian Ocean_Eastern,Thunnus albacares,Yellowfin tuna,"Tunas, bonitos, billfishes",Indian Ocean Eastern,1.538420718,1.715020264,1.795345233,1.877550753,1.978377996,0.116233412,1.78760724,537126.0501,1957,0.413268485,827066.4911,79971.90127,0.206634242,18728,CBA
Thunnus_albacares-Indian Ocean_Eastern,Thunnus albacares,Yellowfin tuna,"Tunas, bonitos, billfishes",Indian Ocean Eastern,1.558441009,1.72508934,1.808848907,1.88281267,1.977933934,0.109525423,1.798585327,537126.0501,1958,0.413268485,827066.4911,79971.90127,0.206634242,12635,CBA
Thunnus_albacares-Indian Ocean_Eastern,Thunnus albacares,Yellowfin tuna,"Tunas, bonitos, billfishes",Indian Ocean Eastern,1.577005949,1.743720381,1.821645075,1.895594326,1.979753155,0.106202138,1.812342494,537126.0501,1959,0.413268485,827066.4911,79971.90127,0.206634242,10030,CBA
Thunnus_albacares-Indian Ocean_Eastern,Thunnus albacares,Yellowfin tuna,"Tunas, bonitos, billfishes",Indian Ocean Eastern,1.591071101,1.738867543,1.817630846,1.889055661,1.983218728,0.103454317,1.81030609,537126.0501,1960,0.413268485,827066.4911,79971.90127,0.206634242,14589,CBA
Thunnus_albacares-Indian Ocean_Eastern,Thunnus albacares,Yellowfin tuna,"Tunas, bonitos, billfishes",Indian Ocean Eastern,1.597629836,1.754226553,1.828439309,1.896944971,1.987288774,0.099734966,1.820050356,537126.0501,1961,0.413268485,827066.4911,79971.90127,0.206634242,10992,CBA
Thunnus_albacares-Indian Ocean_Eastern,Thunnus albacares,Yellowfin tuna,"Tunas, bonitos, billfishes",Indian Ocean Eastern,1.581479017,1.743131848,1.81194867,1.877598458,1.9738405,0.100734359,1.803695634,537126.0501,1962,0.413268485,827066.4911,79971.90127,0.206634242,19502,CBA
Thunnus_albacares-Indian Ocean_Eastern,Thunnus albacares,Yellowfin tuna,"Tunas, bonitos, billfishes",Indian Ocean Eastern,1.597222445,1.749864215,1.820913275,1.892704781,1.980320769,0.100495079,1.814739754,537126.0501,1963,0.413268485,827066.4911,79971.90127,0.206634242,11059,CBA
Thunnus_albacares-Indian Ocean_Eastern,Thunnus albacares,Yellowfin tuna,"Tunas, bonitos, billfishes",Indian Ocean Eastern,1.599296267,1.758435403,1.829464434,1.893851924,1.983106387,0.100072443,1.819746566,537126.0501,1964,0.413268485,827066.4911,79971.90127,0.206634242,9943,CBA
Thunnus_albacares-Indian Ocean_Eastern,Thunnus albacares,Yellowfin tuna,"Tunas, bonitos, billfishes",Indian Ocean Eastern,1.613065346,1.761719536,1.829042719,1.897127843,1.984241137,0.098792443,1.823797992,537126.0501,1965,0.413268485,827066.4911,79971.90127,0.206634242,10267,CBA
Thunnus_albacares-Indian Ocean_Eastern,Thunnus albacares,Yellowfin tuna,"Tunas, bonitos, billfishes",Indian Ocean Eastern,1.611642884,1.766289234,1.832902235,1.905608689,1.985282574,0.098232347,1.826959151,537126.0501,1966,0.413268485,827066.4911,79971.90127,0.206634242,9375,CBA
Thunnus_albacares-Indian Ocean_Eastern,Thunnus albacares,Yellowfin tuna,"Tunas, bonitos, billfishes",Indian Ocean Eastern,1.610177444,1.7518603,1.825031387,1.896445131,1.980678695,0.100006889,1.818864814,537126.0501,1967,0.413268485,827066.4911,79971.90127,0.206634242,11802,CBA
Thunnus_albacares-Indian Ocean_Eastern,Thunnus albacares,Yellowfin tuna,"Tunas, bonitos, billfishes",Indian Ocean Eastern,1.596682601,1.744636792,1.819341647,1.885197928,1.981277142,0.102860573,1.81075672,537126.0501,1968,0.413268485,827066.4911,79971.90127,0.206634242,16592,CBA
Thunnus_albacares-Indian Ocean_Eastern,Thunnus albacares,Yellowfin tuna,"Tunas, bonitos, billfishes",Indian Ocean Eastern,1.600788822,1.74553369,1.81738139,1.881506103,1.977778964,0.097612605,1.810869331,537126.0501,1969,0.413268485,827066.4911,79971.90127,0.206634242,15873,CBA
Thunnus_albacares-Indian Ocean_Eastern,Thunnus albacares,Yellowfin tuna,"Tunas, bonitos, billfishes",Indian Ocean Eastern,1.597457688,1.750677431,1.824767537,1.889964866,1.985208711,0.101521513,1.815660775,537126.0501,1970,0.413268485,827066.4911,79971.90127,0.206634242,13373,CBA
Thunnus_albacares-Indian Ocean_Eastern,Thunnus albacares,Yellowfin tuna,"Tunas, bonitos, billfishes",Indian Ocean Eastern,1.597537971,1.754775103,1.832507906,1.902877163,1.985232846,0.102182303,1.824471465,537126.0501,1971,0.413268485,827066.4911,79971.90127,0.206634242,8944,CBA
Thunnus_albacares-Indian Ocean_Eastern,Thunnus albacares,Yellowfin tuna,"Tunas, bonitos, billfishes",Indian Ocean Eastern,1.604311157,1.757287584,1.827767292,1.896762575,1.989473444,0.098205584,1.82483591,537126.0501,1972,0.413268485,827066.4911,79971.90127,0.206634242,9461,CBA
Thunnus_albacares-Indian Ocean_Eastern,Thunnus albacares,Yellowfin tuna,"Tunas, bonitos, billfishes",Indian Ocean Eastern,1.621450478,1.766910396,1.832211799,1.897645733,1.987109948,0.09400847,1.828037012,537126.0501,1973,0.413268485,827066.4911,79971.90127,0.206634242,9505,CBA
Thunnus_albacares-Indian Ocean_Eastern,Thunnus albacares,Yellowfin tuna,"Tunas, bonitos, billfishes",Indian Ocean Eastern,1.639156117,1.770362519,1.839289212,1.904668563,1.983302109,0.093399858,1.831834313,537126.0501,1974,0.413268485,827066.4911,79971.90127,0.206634242,10270,CBA
Thunnus_albacares-Indian Ocean_Eastern,Thunnus albacares,Yellowfin tuna,"Tunas, bonitos, billfishes",Indian Ocean Eastern,1.617059073,1.770993011,1.838957501,1.9022784,1.981944535,0.095944378,1.831503492,537126.0501,1975,0.413268485,827066.4911,79971.90127,0.206634242,13599,CBA
Thunnus_albacares-Indian Ocean_Eastern,Thunnus albacares,Yellowfin tuna,"Tunas, bonitos, billfishes",Indian Ocean Eastern,1.600095199,1.752089073,1.8292054,1.894536774,1.983522753,0.099547537,1.819579847,537126.0501,1976,0.413268485,827066.4911,79971.90127,0.206634242,18095,CBA
Thunnus_albacares-Indian Ocean_Eastern,Thunnus albacares,Yellowfin tuna,"Tunas, bonitos, billfishes",Indian Ocean Eastern,1.601816836,1.741670061,1.812607836,1.878709857,1.978798453,0.098158423,1.808045196,537126.0501,1977,0.413268485,827066.4911,79971.90127,0.206634242,21528,CBA
Thunnus_albacares-Indian Ocean_Eastern,Thunnus albacares,Yellowfin tuna,"Tunas, bonitos, billfishes",Indian Ocean Eastern,1.593163155,1.734220528,1.808144754,1.875089052,1.970882836,0.100235804,1.802014626,537126.0501,1978,0.413268485,827066.4911,79971.90127,0.206634242,21523,CBA
Thunnus_albacares-Indian Ocean_Eastern,Thunnus albacares,Yellowfin tuna,"Tunas, bonitos, billfishes",Indian Ocean Eastern,1.587411691,1.730477471,1.80035632,1.877212502,1.977608803,0.10235165,1.799414524,537126.0501,1979,0.413268485,827066.4911,79971.90127,0.206634242,20861,CBA
Thunnus_albacares-Indian Ocean_Eastern,Thunnus albacares,Yellowfin tuna,"Tunas, bonitos, billfishes",Indian Ocean Eastern,1.577772269,1.718152107,1.795048717,1.865347656,1.969702091,0.102206808,1.789016719,537126.0501,1980,0.413268485,827066.4911,79971.90127,0.206634242,23608,CBA
Thunnus_albacares-Indian Ocean_Eastern,Thunnus albacares,Yellowfin tuna,"Tunas, bonitos, billfishes",Indian Ocean Eastern,1.57926187,1.718248965,1.789463472,1.867691228,1.966265591,0.101372737,1.788563417,537126.0501,1981,0.413268485,827066.4911,79971.90127,0.206634242,21911,CBA
Thunnus_albacares-Indian Ocean_Eastern,Thunnus albacares,Yellowfin tuna,"Tunas, bonitos, billfishes",Indian Ocean Eastern,1.573109638,1.722107671,1.791473152,1.865712528,1.964904115,0.102038855,1.789100403,537126.0501,1982,0.413268485,827066.4911,79971.90127,0.206634242,21505,CBA
Thunnus_albacares-Indian Ocean_Eastern,Thunnus albacares,Yellowfin tuna,"Tunas, bonitos, billfishes",Indian Ocean Eastern,1.587871678,1.721102124,1.790719512,1.863011138,1.967904917,0.101631508,1.789237887,537126.0501,1983,0.413268485,827066.4911,79971.90127,0.206634242,20618,CBA
Thunnus_albacares-Indian Ocean_Eastern,Thunnus albacares,Yellowfin tuna,"Tunas, bonitos, billfishes",Indian Ocean Eastern,1.577157633,1.724964888,1.796720713,1.867028201,1.966337759,0.102193527,1.792445206,537126.0501,1984,0.413268485,827066.4911,79971.90127,0.206634242,19960,CBA
Thunnus_albacares-Indian Ocean_Eastern,Thunnus albacares,Yellowfin tuna,"Tunas, bonitos, billfishes",Indian Ocean Eastern,1.584468132,1.720968802,1.791741601,1.862279642,1.968729326,0.100973521,1.787876415,537126.0501,1985,0.413268485,827066.4911,79971.90127,0.206634242,22173,CBA
Thunnus_albacares-Indian Ocean_Eastern,Thunnus albacares,Yellowfin tuna,"Tunas, bonitos, billfishes",Indian Ocean Eastern,1.571530453,1.722264547,1.794534538,1.872013467,1.978492305,0.105763819,1.79360662,537126.0501,1986,0.413268485,827066.4911,79971.90127,0.206634242,21052,CBA
Thunnus_albacares-Indian Ocean_Eastern,Thunnus albacares,Yellowfin tuna,"Tunas, bonitos, billfishes",Indian Ocean Eastern,1.57408324,1.726948318,1.793188161,1.861718265,1.981158411,0.102834717,1.79066622,537126.0501,1987,0.413268485,827066.4911,79971.90127,0.206634242,22609,CBA
Thunnus_albacares-Indian Ocean_Eastern,Thunnus albacares,Yellowfin tuna,"Tunas, bonitos, billfishes",Indian Ocean Eastern,1.562469799,1.720020499,1.79646682,1.863817029,1.970864945,0.104955172,1.78854627,537126.0501,1988,0.413268485,827066.4911,79971.90127,0.206634242,24585,CBA
Thunnus_albacares-Indian Ocean_Eastern,Thunnus albacares,Yellowfin tuna,"Tunas, bonitos, billfishes",Indian Ocean Eastern,1.567234604,1.69790209,1.77632398,1.857888552,1.964196129,0.106544887,1.773921193,537126.0501,1989,0.413268485,827066.4911,79971.90127,0.206634242,29531,CBA
Thunnus_albacares-Indian Ocean_Eastern,Thunnus albacares,Yellowfin tuna,"Tunas, bonitos, billfishes",Indian Ocean Eastern,1.539118839,1.702789836,1.776935546,1.845578089,1.961988291,0.108232626,1.7721469,537126.0501,1990,0.413268485,827066.4911,79971.90127,0.206634242,26669,CBA
Thunnus_albacares-Indian Ocean_Eastern,Thunnus albacares,Yellowfin tuna,"Tunas, bonitos, billfishes",Indian Ocean Eastern,1.536654531,1.705293964,1.77406413,1.851490405,1.96331938,0.108864067,1.772224121,537126.0501,1991,0.413268485,827066.4911,79971.90127,0.206634242,27404,CBA
Thunnus_albacares-Indian Ocean_Eastern,Thunnus albacares,Yellowfin tuna,"Tunas, bonitos, billfishes",Indian Ocean Eastern,1.540537082,1.691769411,1.762864156,1.85353196,1.960404455,0.110243669,1.766125935,537126.0501,1992,0.413268485,827066.4911,79971.90127,0.206634242,33048,CBA
Thunnus_albacares-Indian Ocean_Eastern,Thunnus albacares,Yellowfin tuna,"Tunas, bonitos, billfishes",Indian Ocean Eastern,1.505009953,1.65435411,1.73428394,1.807928639,1.933575472,0.112286761,1.731923384,537126.0501,1993,0.413268485,827066.4911,79971.90127,0.206634242,45150,CBA
Thunnus_albacares-Indian Ocean_Eastern,Thunnus albacares,Yellowfin tuna,"Tunas, bonitos, billfishes",Indian Ocean Eastern,1.481398306,1.610852966,1.689831356,1.770813465,1.928153844,0.116624215,1.691177305,537126.0501,1994,0.413268485,827066.4911,79971.90127,0.206634242,54070,CBA
Thunnus_albacares-Indian Ocean_Eastern,Thunnus albacares,Yellowfin tuna,"Tunas, bonitos, billfishes",Indian Ocean Eastern,1.435367201,1.55788805,1.640707096,1.727500039,1.890869368,0.11769115,1.642656963,537126.0501,1995,0.413268485,827066.4911,79971.90127,0.206634242,61629,CBA
Thunnus_albacares-Indian Ocean_Eastern,Thunnus albacares,Yellowfin tuna,"Tunas, bonitos, billfishes",Indian Ocean Eastern,1.357024216,1.474806698,1.551894278,1.62941798,1.816970296,0.118879781,1.556763231,537126.0501,1996,0.413268485,827066.4911,79971.90127,0.206634242,83972,CBA
Thunnus_albacares-Indian Ocean_Eastern,Thunnus albacares,Yellowfin tuna,"Tunas, bonitos, billfishes",Indian Ocean Eastern,1.239327902,1.370539532,1.450560594,1.535971014,1.709304976,0.124921043,1.456314575,537126.0501,1997,0.413268485,827066.4911,79971.90127,0.206634242,99150,CBA
Thunnus_albacares-Indian Ocean_Eastern,Thunnus albacares,Yellowfin tuna,"Tunas, bonitos, billfishes",Indian Ocean Eastern,1.114813502,1.275909061,1.361460438,1.446169267,1.619754251,0.129952401,1.3633234,537126.0501,1998,0.413268485,827066.4911,79971.90127,0.206634242,102876,CBA
Thunnus_albacares-Indian Ocean_Eastern,Thunnus albacares,Yellowfin tuna,"Tunas, bonitos, billfishes",Indian Ocean Eastern,1.026732184,1.18416485,1.273574347,1.363549128,1.563379806,0.135730686,1.274176322,537126.0501,1999,0.413268485,827066.4911,79971.90127,0.206634242,107595,CBA
Thunnus_albacares-Indian Ocean_Eastern,Thunnus albacares,Yellowfin tuna,"Tunas, bonitos, billfishes",Indian Ocean Eastern,0.99670109,1.154305029,1.253411967,1.337969653,1.558432683,0.140216194,1.254784117,537126.0501,2000,0.413268485,827066.4911,79971.90127,0.206634242,85192,CBA
Thunnus_albacares-Indian Ocean_Eastern,Thunnus albacares,Yellowfin tuna,"Tunas, bonitos, billfishes",Indian Ocean Eastern,1.003356589,1.164470265,1.260420048,1.35440973,1.563071156,0.142364051,1.261258702,537126.0501,2001,0.413268485,827066.4911,79971.90127,0.206634242,75285,CBA
Thunnus_albacares-Indian Ocean_Eastern,Thunnus albacares,Yellowfin tuna,"Tunas, bonitos, billfishes",Indian Ocean Eastern,1.007750227,1.168493751,1.266205555,1.357758684,1.572485133,0.143183308,1.269943586,537126.0501,2002,0.413268485,827066.4911,79971.90127,0.206634242,73577,CBA
Thunnus_albacares-Indian Ocean_Eastern,Thunnus albacares,Yellowfin tuna,"Tunas, bonitos, billfishes",Indian Ocean Eastern,1.003225459,1.165480152,1.262826242,1.361735207,1.590424556,0.142812922,1.268592707,537126.0501,2003,0.413268485,827066.4911,79971.90127,0.206634242,76105,CBA
Thunnus_albacares-Indian Ocean_Eastern,Thunnus albacares,Yellowfin tuna,"Tunas, bonitos, billfishes",Indian Ocean Eastern,0.975916073,1.128862788,1.220153394,1.312980641,1.523525853,0.141993882,1.223995531,537126.0501,2004,0.413268485,827066.4911,79971.90127,0.206634242,93643,CBA
Thunnus_albacares-Indian Ocean_Eastern,Thunnus albacares,Yellowfin tuna,"Tunas, bonitos, billfishes",Indian Ocean Eastern,0.933098523,1.0898173,1.182950406,1.284076271,1.465394131,0.140038182,1.1895724,537126.0501,2005,0.413268485,827066.4911,79971.90127,0.206634242,91275,CBA
Thunnus_albacares-Indian Ocean_Eastern,Thunnus albacares,Yellowfin tuna,"Tunas, bonitos, billfishes",Indian Ocean Eastern,0.923129925,1.068573836,1.166752621,1.269973635,1.471695759,0.146306227,1.173843348,537126.0501,2006,0.413268485,827066.4911,79971.90127,0.206634242,84821,CBA
Thunnus_albacares-Indian Ocean_Eastern,Thunnus albacares,Yellowfin tuna,"Tunas, bonitos, billfishes",Indian Ocean Eastern,0.896845424,1.04365261,1.147541886,1.257767613,1.478075861,0.150917651,1.160183014,537126.0501,2007,0.413268485,827066.4911,79971.90127,0.206634242,83883,CBA
Thunnus_albacares-Indian Ocean_Eastern,Thunnus albacares,Yellowfin tuna,"Tunas, bonitos, billfishes",Indian Ocean Eastern,0.895939491,1.031316741,1.143654199,1.260246503,1.484397396,0.157359706,1.15383255,537126.0501,2008,0.413268485,827066.4911,79971.90127,0.206634242,81527,CBA
Thunnus_albacares-Indian Ocean_Eastern,Thunnus albacares,Yellowfin tuna,"Tunas, bonitos, billfishes",Indian Ocean Eastern,0.886975457,1.023711588,1.139012313,1.265722164,1.491337498,0.164582417,1.150271415,537126.0501,2009,0.413268485,827066.4911,79971.90127,0.206634242,80303,CBA
Thunnus_albacares-Indian Ocean_Eastern,Thunnus albacares,Yellowfin tuna,"Tunas, bonitos, billfishes",Indian Ocean Eastern,0.844701597,0.9866267,1.105302914,1.236803794,1.467177195,0.16952469,1.121543168,537126.0501,2010,0.413268485,827066.4911,79971.90127,0.206634242,90592,CBA
Thunnus_albacares-Indian Ocean_Eastern,Thunnus albacares,Yellowfin tuna,"Tunas, bonitos, billfishes",Indian Ocean Eastern,0.837654195,0.972442954,1.087311812,1.225772726,1.48616664,0.175075668,1.109013937,537126.0501,2011,0.413268485,827066.4911,79971.90127,0.206634242,82935,CBA
Thunnus_albacares-Indian Ocean_Eastern,Thunnus albacares,Yellowfin tuna,"Tunas, bonitos, billfishes",Indian Ocean Eastern,0.784739547,0.921839279,1.044392548,1.182335407,1.428922111,0.175706044,1.057819858,537126.0501,2012,0.413268485,827066.4911,79971.90127,0.206634242,98046,CBA
Thunnus_albacares-Indian Ocean_Eastern,Thunnus albacares,Yellowfin tuna,"Tunas, bonitos, billfishes",Indian Ocean Eastern,0.739806933,0.876977049,1.014917727,1.15730428,1.396553181,0.181740831,1.027587678,537126.0501,2013,0.413268485,827066.4911,79971.90127,0.206634242,91013,CBA
Thunnus_albacares-Indian Ocean_Eastern,Thunnus albacares,Yellowfin tuna,"Tunas, bonitos, billfishes",Indian Ocean Eastern,0.698327655,0.842465997,0.990115335,1.148739457,1.396573827,0.194492482,1.002747521,537126.0501,2014,0.413268485,827066.4911,79971.90127,0.206634242,88512,CBA
Thunnus_albacares-Indian Ocean_Eastern,Thunnus albacares,Yellowfin tuna,"Tunas, bonitos, billfishes",Indian Ocean Eastern,0.658106502,0.816151017,0.977095268,1.139863375,1.378082689,0.204607426,0.986973399,537126.0501,2015,0.413268485,827066.4911,79971.90127,0.206634242,83600,CBA
Thunnus_albacares-Indian Ocean_Eastern,Thunnus albacares,Yellowfin tuna,"Tunas, bonitos, billfishes",Indian Ocean Eastern,0.615205732,0.784828351,0.961514095,1.141910164,1.364816612,0.21582288,0.967502773,537126.0501,2016,0.413268485,827066.4911,79971.90127,0.206634242,83893,CBA
Thunnus_albacares-Indian Ocean_Western,Thunnus albacares,Yellowfin tuna,"Tunas, bonitos, billfishes",Indian Ocean Western,1.01869548,1.264461718,1.444090911,1.671902316,1.920313508,0.254016356,1.457755452,2054660.089,1950,0.349518469,3127795.003,266416.8677,0.174759235,2291,CBA
Thunnus_albacares-Indian Ocean_Western,Thunnus albacares,Yellowfin tuna,"Tunas, bonitos, billfishes",Indian Ocean Western,1.142548483,1.419388864,1.55718637,1.749996481,1.939250501,0.216345885,1.564718661,2054660.089,1951,0.349518469,3127795.003,266416.8677,0.174759235,1967,CBA
Thunnus_albacares-Indian Ocean_Western,Thunnus albacares,Yellowfin tuna,"Tunas, bonitos, billfishes",Indian Ocean Western,1.274136934,1.542593742,1.678899813,1.789137941,1.965971071,0.18307744,1.657858389,2054660.089,1952,0.349518469,3127795.003,266416.8677,0.174759235,1865,CBA
Thunnus_albacares-Indian Ocean_Western,Thunnus albacares,Yellowfin tuna,"Tunas, bonitos, billfishes",Indian Ocean Western,1.329002147,1.64085991,1.735459313,1.839162234,1.942963649,0.158078342,1.719840257,2054660.089,1953,0.349518469,3127795.003,266416.8677,0.174759235,1887,CBA
Thunnus_albacares-Indian Ocean_Western,Thunnus albacares,Yellowfin tuna,"Tunas, bonitos, billfishes",Indian Ocean Western,1.440835055,1.686966591,1.78215467,1.86121674,1.972327606,0.133454029,1.761497956,2054660.089,1954,0.349518469,3127795.003,266416.8677,0.174759235,7657,CBA
Thunnus_albacares-Indian Ocean_Western,Thunnus albacares,Yellowfin tuna,"Tunas, bonitos, billfishes",Indian Ocean Western,1.505950025,1.710259622,1.790842521,1.869769989,1.982149408,0.128652134,1.776454595,2054660.089,1955,0.349518469,3127795.003,266416.8677,0.174759235,35114,CBA
Thunnus_albacares-Indian Ocean_Western,Thunnus albacares,Yellowfin tuna,"Tunas, bonitos, billfishes",Indian Ocean Western,1.537982861,1.711494376,1.799781173,1.874202212,1.962904531,0.115103292,1.786176441,2054660.089,1956,0.349518469,3127795.003,266416.8677,0.174759235,45588,CBA
Thunnus_albacares-Indian Ocean_Western,Thunnus albacares,Yellowfin tuna,"Tunas, bonitos, billfishes",Indian Ocean Western,1.54678678,1.743082966,1.810789997,1.891974766,1.970454469,0.106754175,1.804981686,2054660.089,1957,0.349518469,3127795.003,266416.8677,0.174759235,18055,CBA
Thunnus_albacares-Indian Ocean_Western,Thunnus albacares,Yellowfin tuna,"Tunas, bonitos, billfishes",Indian Ocean Western,1.60971288,1.752470965,1.824088966,1.893410985,1.976674743,0.098448694,1.820593504,2054660.089,1958,0.349518469,3127795.003,266416.8677,0.174759235,15130,CBA
Thunnus_albacares-Indian Ocean_Western,Thunnus albacares,Yellowfin tuna,"Tunas, bonitos, billfishes",Indian Ocean Western,1.605733942,1.76579348,1.836840437,1.903132592,1.984509242,0.100889071,1.827450009,2054660.089,1959,0.349518469,3127795.003,266416.8677,0.174759235,16892,CBA
Thunnus_albacares-Indian Ocean_Western,Thunnus albacares,Yellowfin tuna,"Tunas, bonitos, billfishes",Indian Ocean Western,1.58935413,1.771593124,1.840000404,1.903997196,1.984366285,0.099935178,1.825838147,2054660.089,1960,0.349518469,3127795.003,266416.8677,0.174759235,25907,CBA
Thunnus_albacares-Indian Ocean_Western,Thunnus albacares,Yellowfin tuna,"Tunas, bonitos, billfishes",Indian Ocean Western,1.602146764,1.764039185,1.837522864,1.898262305,1.973288423,0.099407694,1.82380664,2054660.089,1961,0.349518469,3127795.003,266416.8677,0.174759235,27392,CBA
Thunnus_albacares-Indian Ocean_Western,Thunnus albacares,Yellowfin tuna,"Tunas, bonitos, billfishes",Indian Ocean Western,1.557656576,1.755927358,1.828644724,1.905884877,1.988675417,0.11110683,1.820442535,2054660.089,1962,0.349518469,3127795.003,266416.8677,0.174759235,31130,CBA
Thunnus_albacares-Indian Ocean_Western,Thunnus albacares,Yellowfin tuna,"Tunas, bonitos, billfishes",Indian Ocean Western,1.612314044,1.763948596,1.835473909,1.900499194,1.985973809,0.099883067,1.825561659,2054660.089,1963,0.349518469,3127795.003,266416.8677,0.174759235,18379,CBA
Thunnus_albacares-Indian Ocean_Western,Thunnus albacares,Yellowfin tuna,"Tunas, bonitos, billfishes",Indian Ocean Western,1.60700863,1.761226239,1.83453651,1.891772818,1.979897662,0.097322786,1.823961569,2054660.089,1964,0.349518469,3127795.003,266416.8677,0.174759235,15129,CBA
Thunnus_albacares-Indian Ocean_Western,Thunnus albacares,Yellowfin tuna,"Tunas, bonitos, billfishes",Indian Ocean Western,1.620506428,1.763928897,1.832572053,1.896313231,1.978616888,0.094086789,1.824298431,2054660.089,1965,0.349518469,3127795.003,266416.8677,0.174759235,17342,CBA
Thunnus_albacares-Indian Ocean_Western,Thunnus albacares,Yellowfin tuna,"Tunas, bonitos, billfishes",Indian Ocean Western,1.586035177,1.754868684,1.813535625,1.893687878,1.975293355,0.099170719,1.813829537,2054660.089,1966,0.349518469,3127795.003,266416.8677,0.174759235,29207,CBA
Thunnus_albacares-Indian Ocean_Western,Thunnus albacares,Yellowfin tuna,"Tunas, bonitos, billfishes",Indian Ocean Western,1.626595081,1.761247376,1.823996281,1.884355867,1.979520234,0.092036265,1.818528756,2054660.089,1967,0.349518469,3127795.003,266416.8677,0.174759235,29518,CBA
Thunnus_albacares-Indian Ocean_Western,Thunnus albacares,Yellowfin tuna,"Tunas, bonitos, billfishes",Indian Ocean Western,1.615629677,1.750032755,1.809469165,1.877378607,1.966510043,0.091801102,1.808933708,2054660.089,1968,0.349518469,3127795.003,266416.8677,0.174759235,47550,CBA
Thunnus_albacares-Indian Ocean_Western,Thunnus albacares,Yellowfin tuna,"Tunas, bonitos, billfishes",Indian Ocean Western,1.614951334,1.735256615,1.802996332,1.872343121,1.975199759,0.098847279,1.802858104,2054660.089,1969,0.349518469,3127795.003,266416.8677,0.174759235,36724,CBA
Thunnus_albacares-Indian Ocean_Western,Thunnus albacares,Yellowfin tuna,"Tunas, bonitos, billfishes",Indian Ocean Western,1.599214772,1.74658369,1.819007269,1.891297292,1.982579747,0.101769714,1.813271859,2054660.089,1970,0.349518469,3127795.003,266416.8677,0.174759235,21707,CBA
Thunnus_albacares-Indian Ocean_Western,Thunnus albacares,Yellowfin tuna,"Tunas, bonitos, billfishes",Indian Ocean Western,1.638250623,1.755031874,1.823381381,1.886835218,1.978298657,0.094090326,1.817804813,2054660.089,1971,0.349518469,3127795.003,266416.8677,0.174759235,24215,CBA
Thunnus_albacares-Indian Ocean_Western,Thunnus albacares,Yellowfin tuna,"Tunas, bonitos, billfishes",Indian Ocean Western,1.62406958,1.7521915,1.840746036,1.903513573,1.980916035,0.100358462,1.824927206,2054660.089,1972,0.349518469,3127795.003,266416.8677,0.174759235,23070,CBA
Thunnus_albacares-Indian Ocean_Western,Thunnus albacares,Yellowfin tuna,"Tunas, bonitos, billfishes",Indian Ocean Western,1.594374666,1.771213553,1.837899751,1.899983858,1.981625382,0.100834873,1.827277504,2054660.089,1973,0.349518469,3127795.003,266416.8677,0.174759235,23002,CBA
Thunnus_albacares-Indian Ocean_Western,Thunnus albacares,Yellowfin tuna,"Tunas, bonitos, billfishes",Indian Ocean Western,1.622416038,1.770006162,1.840450956,1.901019722,1.976286883,0.096926471,1.829112541,2054660.089,1974,0.349518469,3127795.003,266416.8677,0.174759235,24435,CBA
Thunnus_albacares-Indian Ocean_Western,Thunnus albacares,Yellowfin tuna,"Tunas, bonitos, billfishes",Indian Ocean Western,1.625070267,1.772726992,1.839071229,1.902210266,1.985774226,0.097760395,1.830542301,2054660.089,1975,0.349518469,3127795.003,266416.8677,0.174759235,20584,CBA
Thunnus_albacares-Indian Ocean_Western,Thunnus albacares,Yellowfin tuna,"Tunas, bonitos, billfishes",Indian Ocean Western,1.632421877,1.757982548,1.837812214,1.910926743,1.979798312,0.097993697,1.830911264,2054660.089,1976,0.349518469,3127795.003,266416.8677,0.174759235,21907,CBA
Thunnus_albacares-Indian Ocean_Western,Thunnus albacares,Yellowfin tuna,"Tunas, bonitos, billfishes",Indian Ocean Western,1.605875843,1.755736713,1.833074401,1.894327158,1.984175743,0.10092297,1.820831634,2054660.089,1977,0.349518469,3127795.003,266416.8677,0.174759235,41213,CBA
Thunnus_albacares-Indian Ocean_Western,Thunnus albacares,Yellowfin tuna,"Tunas, bonitos, billfishes",Indian Ocean Western,1.597845698,1.743237644,1.824314514,1.903589146,1.984246224,0.106456624,1.818673735,2054660.089,1978,0.349518469,3127795.003,266416.8677,0.174759235,33478,CBA
Thunnus_albacares-Indian Ocean_Western,Thunnus albacares,Yellowfin tuna,"Tunas, bonitos, billfishes",Indian Ocean Western,1.635595409,1.75170908,1.828627988,1.913242311,1.990868305,0.099911158,1.827826309,2054660.089,1979,0.349518469,3127795.003,266416.8677,0.174759235,24938,CBA
Thunnus_albacares-Indian Ocean_Western,Thunnus albacares,Yellowfin tuna,"Tunas, bonitos, billfishes",Indian Ocean Western,1.63763185,1.748109717,1.83324447,1.904740904,1.979699241,0.09826555,1.825866122,2054660.089,1980,0.349518469,3127795.003,266416.8677,0.174759235,21453,CBA
Thunnus_albacares-Indian Ocean_Western,Thunnus albacares,Yellowfin tuna,"Tunas, bonitos, billfishes",Indian Ocean Western,1.629179036,1.761876258,1.837493729,1.894269789,1.984906235,0.094568973,1.824980986,2054660.089,1981,0.349518469,3127795.003,266416.8677,0.174759235,27072,CBA
Thunnus_albacares-Indian Ocean_Western,Thunnus albacares,Yellowfin tuna,"Tunas, bonitos, billfishes",Indian Ocean Western,1.636957329,1.774530576,1.830671728,1.894432758,1.985064784,0.09217064,1.825840796,2054660.089,1982,0.349518469,3127795.003,266416.8677,0.174759235,39625,CBA
Thunnus_albacares-Indian Ocean_Western,Thunnus albacares,Yellowfin tuna,"Tunas, bonitos, billfishes",Indian Ocean Western,1.618142829,1.760314018,1.833613184,1.902138077,1.983101299,0.094218609,1.828142798,2054660.089,1983,0.349518469,3127795.003,266416.8677,0.174759235,46793,CBA
Thunnus_albacares-Indian Ocean_Western,Thunnus albacares,Yellowfin tuna,"Tunas, bonitos, billfishes",Indian Ocean Western,1.604962135,1.745440264,1.813654884,1.875589618,1.979865241,0.095817136,1.808345708,2054660.089,1984,0.349518469,3127795.003,266416.8677,0.174759235,89950,CBA
Thunnus_albacares-Indian Ocean_Western,Thunnus albacares,Yellowfin tuna,"Tunas, bonitos, billfishes",Indian Ocean Western,1.597046007,1.712933663,1.792619506,1.858957607,1.974626091,0.101966756,1.784899221,2054660.089,1985,0.349518469,3127795.003,266416.8677,0.174759235,107834,CBA
Thunnus_albacares-Indian Ocean_Western,Thunnus albacares,Yellowfin tuna,"Tunas, bonitos, billfishes",Indian Ocean Western,1.536719548,1.692548541,1.773243215,1.86196111,1.962001553,0.1136505,1.774449157,2054660.089,1986,0.349518469,3127795.003,266416.8677,0.174759235,122467,CBA
Thunnus_albacares-Indian Ocean_Western,Thunnus albacares,Yellowfin tuna,"Tunas, bonitos, billfishes",Indian Ocean Western,1.500804113,1.667337648,1.750962332,1.833106598,1.967549451,0.119319193,1.748383129,2054660.089,1987,0.349518469,3127795.003,266416.8677,0.174759235,135504,CBA
Thunnus_albacares-Indian Ocean_Western,Thunnus albacares,Yellowfin tuna,"Tunas, bonitos, billfishes",Indian Ocean Western,1.476644345,1.619544078,1.705600378,1.78231181,1.919644965,0.118542425,1.699887863,2054660.089,1988,0.349518469,3127795.003,266416.8677,0.174759235,182562,CBA
Thunnus_albacares-Indian Ocean_Western,Thunnus albacares,Yellowfin tuna,"Tunas, bonitos, billfishes",Indian Ocean Western,1.470155786,1.608631389,1.681930974,1.76911606,1.93335938,0.121596321,1.685719562,2054660.089,1989,0.349518469,3127795.003,266416.8677,0.174759235,148562,CBA
Thunnus_albacares-Indian Ocean_Western,Thunnus albacares,Yellowfin tuna,"Tunas, bonitos, billfishes",Indian Ocean Western,1.394006402,1.579344642,1.658178586,1.743006278,1.893341912,0.124157602,1.657343621,2054660.089,1990,0.349518469,3127795.003,266416.8677,0.174759235,170633,CBA
Thunnus_albacares-Indian Ocean_Western,Thunnus albacares,Yellowfin tuna,"Tunas, bonitos, billfishes",Indian Ocean Western,1.389950127,1.571929953,1.646249845,1.729481303,1.892461837,0.123858575,1.652162893,2054660.089,1991,0.349518469,3127795.003,266416.8677,0.174759235,161397,CBA
Thunnus_albacares-Indian Ocean_Western,Thunnus albacares,Yellowfin tuna,"Tunas, bonitos, billfishes",Indian Ocean Western,1.365003579,1.517438369,1.613861374,1.697727593,1.846799127,0.123739252,1.608685067,2054660.089,1992,0.349518469,3127795.003,266416.8677,0.174759235,214727,CBA
Thunnus_albacares-Indian Ocean_Western,Thunnus albacares,Yellowfin tuna,"Tunas, bonitos, billfishes",Indian Ocean Western,1.290375493,1.421217174,1.514255038,1.60526943,1.75495766,0.126089984,1.514274549,2054660.089,1993,0.349518469,3127795.003,266416.8677,0.174759235,307139,CBA
Thunnus_albacares-Indian Ocean_Western,Thunnus albacares,Yellowfin tuna,"Tunas, bonitos, billfishes",Indian Ocean Western,1.251511395,1.395411222,1.489048275,1.587499721,1.774873214,0.133252753,1.494414202,2054660.089,1994,0.349518469,3127795.003,266416.8677,0.174759235,228965,CBA
Thunnus_albacares-Indian Ocean_Western,Thunnus albacares,Yellowfin tuna,"Tunas, bonitos, billfishes",Indian Ocean Western,1.241723822,1.362547363,1.443877363,1.541083695,1.725338555,0.127656559,1.455651716,2054660.089,1995,0.349518469,3127795.003,266416.8677,0.174759235,266870,CBA
Thunnus_albacares-Indian Ocean_Western,Thunnus albacares,Yellowfin tuna,"Tunas, bonitos, billfishes",Indian Ocean Western,1.215784263,1.342814475,1.428094089,1.521014868,1.731018879,0.130681691,1.437948013,2054660.089,1996,0.349518469,3127795.003,266416.8677,0.174759235,255554,CBA
Thunnus_albacares-Indian Ocean_Western,Thunnus albacares,Yellowfin tuna,"Tunas, bonitos, billfishes",Indian Ocean Western,1.177759817,1.334562889,1.430029781,1.524863094,1.678723713,0.135874333,1.429583408,2054660.089,1997,0.349518469,3127795.003,266416.8677,0.174759235,234533,CBA
Thunnus_albacares-Indian Ocean_Western,Thunnus albacares,Yellowfin tuna,"Tunas, bonitos, billfishes",Indian Ocean Western,1.207642969,1.348701028,1.44213623,1.542487467,1.709782257,0.132855473,1.443905597,2054660.089,1998,0.349518469,3127795.003,266416.8677,0.174759235,207990,CBA
Thunnus_albacares-Indian Ocean_Western,Thunnus albacares,Yellowfin tuna,"Tunas, bonitos, billfishes",Indian Ocean Western,1.204475338,1.325545126,1.423000552,1.544497554,1.743021367,0.143225274,1.436565746,2054660.089,1999,0.349518469,3127795.003,266416.8677,0.174759235,239092,CBA
Thunnus_albacares-Indian Ocean_Western,Thunnus albacares,Yellowfin tuna,"Tunas, bonitos, billfishes",Indian Ocean Western,1.171200834,1.322528584,1.410932422,1.523509899,1.73800433,0.142898194,1.42105931,2054660.089,2000,0.349518469,3127795.003,266416.8677,0.174759235,238933,CBA
Thunnus_albacares-Indian Ocean_Western,Thunnus albacares,Yellowfin tuna,"Tunas, bonitos, billfishes",Indian Ocean Western,1.16326628,1.306474015,1.406975165,1.518313238,1.665013456,0.135750745,1.412214161,2054660.089,2001,0.349518469,3127795.003,266416.8677,0.174759235,232753,CBA
Thunnus_albacares-Indian Ocean_Western,Thunnus albacares,Yellowfin tuna,"Tunas, bonitos, billfishes",Indian Ocean Western,1.149249485,1.290044337,1.389083553,1.485741544,1.671799878,0.13874601,1.389077558,2054660.089,2002,0.349518469,3127795.003,266416.8677,0.174759235,265459,CBA
Thunnus_albacares-Indian Ocean_Western,Thunnus albacares,Yellowfin tuna,"Tunas, bonitos, billfishes",Indian Ocean Western,1.074452491,1.192995181,1.295541662,1.392065148,1.576783028,0.134135796,1.300433591,2054660.089,2003,0.349518469,3127795.003,266416.8677,0.174759235,362745,CBA
Thunnus_albacares-Indian Ocean_Western,Thunnus albacares,Yellowfin tuna,"Tunas, bonitos, billfishes",Indian Ocean Western,0.954015488,1.088228801,1.172089864,1.26031556,1.484632192,0.135932911,1.182985224,2054660.089,2004,0.349518469,3127795.003,266416.8677,0.174759235,428823,CBA
Thunnus_albacares-Indian Ocean_Western,Thunnus albacares,Yellowfin tuna,"Tunas, bonitos, billfishes",Indian Ocean Western,0.827016742,0.982650465,1.077843714,1.168494769,1.387330091,0.142330474,1.084438124,2054660.089,2005,0.349518469,3127795.003,266416.8677,0.174759235,413332,CBA
Thunnus_albacares-Indian Ocean_Western,Thunnus albacares,Yellowfin tuna,"Tunas, bonitos, billfishes",Indian Ocean Western,0.775774017,0.93255864,1.026875501,1.125096618,1.395221912,0.150574141,1.037586362,2054660.089,2006,0.349518469,3127795.003,266416.8677,0.174759235,335265,CBA
Thunnus_albacares-Indian Ocean_Western,Thunnus albacares,Yellowfin tuna,"Tunas, bonitos, billfishes",Indian Ocean Western,0.788768569,0.949079294,1.046380263,1.1514504,1.431932473,0.167410493,1.060789288,2054660.089,2007,0.349518469,3127795.003,266416.8677,0.174759235,236785,CBA
Thunnus_albacares-Indian Ocean_Western,Thunnus albacares,Yellowfin tuna,"Tunas, bonitos, billfishes",Indian Ocean Western,0.806775398,0.954998601,1.068672078,1.194559985,1.505979079,0.184360774,1.088906544,2054660.089,2008,0.349518469,3127795.003,266416.8677,0.174759235,221149,CBA
Thunnus_albacares-Indian Ocean_Western,Thunnus albacares,Yellowfin tuna,"Tunas, bonitos, billfishes",Indian Ocean Western,0.842740002,0.987676976,1.107765847,1.247068024,1.564670334,0.192657752,1.128571745,2054660.089,2009,0.349518469,3127795.003,266416.8677,0.174759235,196763,CBA
Thunnus_albacares-Indian Ocean_Western,Thunnus albacares,Yellowfin tuna,"Tunas, bonitos, billfishes",Indian Ocean Western,0.872277248,1.010161772,1.131344106,1.277390276,1.605102505,0.19026816,1.152572333,2054660.089,2010,0.349518469,3127795.003,266416.8677,0.174759235,220482,CBA
Thunnus_albacares-Indian Ocean_Western,Thunnus albacares,Yellowfin tuna,"Tunas, bonitos, billfishes",Indian Ocean Western,0.877553079,1.010240062,1.143645771,1.276703289,1.542931541,0.188062085,1.161063467,2054660.089,2011,0.349518469,3127795.003,266416.8677,0.174759235,238839,CBA
Thunnus_albacares-Indian Ocean_Western,Thunnus albacares,Yellowfin tuna,"Tunas, bonitos, billfishes",Indian Ocean Western,0.836886371,0.976973612,1.101951514,1.252353771,1.496388474,0.184124967,1.123034652,2054660.089,2012,0.349518469,3127795.003,266416.8677,0.174759235,299468,CBA
Thunnus_albacares-Indian Ocean_Western,Thunnus albacares,Yellowfin tuna,"Tunas, bonitos, billfishes",Indian Ocean Western,0.78746366,0.924074649,1.084532482,1.215094639,1.491944821,0.189878087,1.088933154,2054660.089,2013,0.349518469,3127795.003,266416.8677,0.174759235,313146,CBA
Thunnus_albacares-Indian Ocean_Western,Thunnus albacares,Yellowfin tuna,"Tunas, bonitos, billfishes",Indian Ocean Western,0.739394842,0.890195444,1.032315431,1.170398929,1.431193219,0.19442088,1.042295854,2054660.089,2014,0.349518469,3127795.003,266416.8677,0.174759235,319151,CBA
Thunnus_albacares-Indian Ocean_Western,Thunnus albacares,Yellowfin tuna,"Tunas, bonitos, billfishes",Indian Ocean Western,0.694649356,0.835339761,0.997590915,1.137754193,1.378897275,0.198711156,1.002265243,2054660.089,2015,0.349518469,3127795.003,266416.8677,0.174759235,315080,CBA
Thunnus_albacares-Indian Ocean_Western,Thunnus albacares,Yellowfin tuna,"Tunas, bonitos, billfishes",Indian Ocean Western,0.615393287,0.751432375,0.934613374,1.102382387,1.306237534,0.210718396,0.939096146,2054660.089,2016,0.349518469,3127795.003,266416.8677,0.174759235,352694,CBA
Thunnus_albacares-Pacific_Eastern Central,Thunnus albacares,Yellowfin tuna,"Tunas, bonitos, billfishes",Pacific Eastern Central,0.398657646,0.517064479,0.69151814,0.984476756,1.480462085,0.311280855,0.777229872,547254.7038,1950,0.604926165,1770483.954,233830.854,0.302463083,82270,CBA
Thunnus_albacares-Pacific_Eastern Central,Thunnus albacares,Yellowfin tuna,"Tunas, bonitos, billfishes",Pacific Eastern Central,0.451125342,0.636884137,0.873095368,1.212604208,1.709415348,0.363524575,0.945522269,547254.7038,1951,0.604926165,1770483.954,233830.854,0.302463083,72687,CBA
Thunnus_albacares-Pacific_Eastern Central,Thunnus albacares,Yellowfin tuna,"Tunas, bonitos, billfishes",Pacific Eastern Central,0.500268662,0.765625035,1.065197284,1.419075273,1.812893868,0.388021514,1.100368839,547254.7038,1952,0.604926165,1770483.954,233830.854,0.302463083,80939,CBA
Thunnus_albacares-Pacific_Eastern Central,Thunnus albacares,Yellowfin tuna,"Tunas, bonitos, billfishes",Pacific Eastern Central,0.577034473,0.923844951,1.283801097,1.617312309,1.905529899,0.398347453,1.2668991,547254.7038,1953,0.604926165,1770483.954,233830.854,0.302463083,59914,CBA
Thunnus_albacares-Pacific_Eastern Central,Thunnus albacares,Yellowfin tuna,"Tunas, bonitos, billfishes",Pacific Eastern Central,0.662934608,1.092074754,1.472374471,1.743939338,1.946883013,0.382300913,1.406572354,547254.7038,1954,0.604926165,1770483.954,233830.854,0.302463083,54360,CBA
Thunnus_albacares-Pacific_Eastern Central,Thunnus albacares,Yellowfin tuna,"Tunas, bonitos, billfishes",Pacific Eastern Central,0.757944418,1.251044429,1.613579934,1.800212681,1.958339339,0.348634252,1.511312059,547254.7038,1955,0.604926165,1770483.954,233830.854,0.302463083,56271,CBA
Thunnus_albacares-Pacific_Eastern Central,Thunnus albacares,Yellowfin tuna,"Tunas, bonitos, billfishes",Pacific Eastern Central,0.850578273,1.386206588,1.679682664,1.811254619,1.955796636,0.307013183,1.577039168,547254.7038,1956,0.604926165,1770483.954,233830.854,0.302463083,68013,CBA
Thunnus_albacares-Pacific_Eastern Central,Thunnus albacares,Yellowfin tuna,"Tunas, bonitos, billfishes",Pacific Eastern Central,0.950372494,1.504270725,1.726397086,1.83657251,1.965092962,0.271269994,1.63900873,547254.7038,1957,0.604926165,1770483.954,233830.854,0.302463083,62623,CBA
Thunnus_albacares-Pacific_Eastern Central,Thunnus albacares,Yellowfin tuna,"Tunas, bonitos, billfishes",Pacific Eastern Central,1.064123303,1.593114503,1.759793057,1.854220905,1.97178236,0.237467308,1.6886143,547254.7038,1958,0.604926165,1770483.954,233830.854,0.302463083,58683,CBA
Thunnus_albacares-Pacific_Eastern Central,Thunnus albacares,Yellowfin tuna,"Tunas, bonitos, billfishes",Pacific Eastern Central,1.170691703,1.653336868,1.787984434,1.875153533,1.977835684,0.206634311,1.732139386,547254.7038,1959,0.604926165,1770483.954,233830.854,0.302463083,53014,CBA
Thunnus_albacares-Pacific_Eastern Central,Thunnus albacares,Yellowfin tuna,"Tunas, bonitos, billfishes",Pacific Eastern Central,1.249554324,1.654838186,1.757022681,1.837107036,1.958930048,0.175369751,1.721771658,547254.7038,1960,0.604926165,1770483.954,233830.854,0.302463083,89530,CBA
Thunnus_albacares-Pacific_Eastern Central,Thunnus albacares,Yellowfin tuna,"Tunas, bonitos, billfishes",Pacific Eastern Central,1.317676836,1.65798801,1.747324146,1.824374862,1.950896603,0.155463571,1.723454086,547254.7038,1961,0.604926165,1770483.954,233830.854,0.302463083,90132,CBA
Thunnus_albacares-Pacific_Eastern Central,Thunnus albacares,Yellowfin tuna,"Tunas, bonitos, billfishes",Pacific Eastern Central,1.395611356,1.696419168,1.7839547,1.859713669,1.969801024,0.144647352,1.761631451,547254.7038,1962,0.604926165,1770483.954,233830.854,0.302463083,59935,CBA
Thunnus_albacares-Pacific_Eastern Central,Thunnus albacares,Yellowfin tuna,"Tunas, bonitos, billfishes",Pacific Eastern Central,1.454011004,1.727125445,1.813097327,1.882909329,1.977999782,0.132293526,1.790374926,547254.7038,1963,0.604926165,1770483.954,233830.854,0.302463083,52982,CBA
Thunnus_albacares-Pacific_Eastern Central,Thunnus albacares,Yellowfin tuna,"Tunas, bonitos, billfishes",Pacific Eastern Central,1.479843504,1.700152162,1.776486742,1.84840412,1.960538832,0.120685836,1.765488403,547254.7038,1964,0.604926165,1770483.954,233830.854,0.302463083,89822,CBA
Thunnus_albacares-Pacific_Eastern Central,Thunnus albacares,Yellowfin tuna,"Tunas, bonitos, billfishes",Pacific Eastern Central,1.494993212,1.690337782,1.764566276,1.834181181,1.956894022,0.11562986,1.755967325,547254.7038,1965,0.604926165,1770483.954,233830.854,0.302463083,93137,CBA
Thunnus_albacares-Pacific_Eastern Central,Thunnus albacares,Yellowfin tuna,"Tunas, bonitos, billfishes",Pacific Eastern Central,1.523712965,1.709363207,1.783897461,1.852763876,1.966344997,0.112528932,1.775475071,547254.7038,1966,0.604926165,1770483.954,233830.854,0.302463083,73280,CBA
Thunnus_albacares-Pacific_Eastern Central,Thunnus albacares,Yellowfin tuna,"Tunas, bonitos, billfishes",Pacific Eastern Central,1.541434161,1.711504546,1.784887837,1.855360833,1.965961727,0.109104562,1.778156999,547254.7038,1967,0.604926165,1770483.954,233830.854,0.302463083,79608,CBA
Thunnus_albacares-Pacific_Eastern Central,Thunnus albacares,Yellowfin tuna,"Tunas, bonitos, billfishes",Pacific Eastern Central,1.547189224,1.703729632,1.776665792,1.847267953,1.963996228,0.107607924,1.771372975,547254.7038,1968,0.604926165,1770483.954,233830.854,0.302463083,89049,CBA
Thunnus_albacares-Pacific_Eastern Central,Thunnus albacares,Yellowfin tuna,"Tunas, bonitos, billfishes",Pacific Eastern Central,1.516268719,1.663824724,1.736255511,1.805623984,1.935830946,0.107105687,1.733232943,547254.7038,1969,0.604926165,1770483.954,233830.854,0.302463083,119998,CBA
Thunnus_albacares-Pacific_Eastern Central,Thunnus albacares,Yellowfin tuna,"Tunas, bonitos, billfishes",Pacific Eastern Central,1.463256732,1.599360537,1.671959929,1.745914163,1.893075206,0.109326814,1.673045955,547254.7038,1970,0.604926165,1770483.954,233830.854,0.302463083,152060,CBA
Thunnus_albacares-Pacific_Eastern Central,Thunnus albacares,Yellowfin tuna,"Tunas, bonitos, billfishes",Pacific Eastern Central,1.482017969,1.62802665,1.700894951,1.775952576,1.916157104,0.110332016,1.700981389,547254.7038,1971,0.604926165,1770483.954,233830.854,0.302463083,106790,CBA
Thunnus_albacares-Pacific_Eastern Central,Thunnus albacares,Yellowfin tuna,"Tunas, bonitos, billfishes",Pacific Eastern Central,1.410494437,1.546031035,1.618202994,1.693631163,1.849308915,0.111237804,1.621210376,547254.7038,1972,0.604926165,1770483.954,233830.854,0.302463083,178510,CBA
Thunnus_albacares-Pacific_Eastern Central,Thunnus albacares,Yellowfin tuna,"Tunas, bonitos, billfishes",Pacific Eastern Central,1.351513954,1.4812386,1.555153055,1.635266776,1.80044232,0.114599809,1.561054603,547254.7038,1973,0.604926165,1770483.954,233830.854,0.302463083,191680,CBA
Thunnus_albacares-Pacific_Eastern Central,Thunnus albacares,Yellowfin tuna,"Tunas, bonitos, billfishes",Pacific Eastern Central,1.312412066,1.446604893,1.521529834,1.602915169,1.770020955,0.116705884,1.52703663,547254.7038,1974,0.604926165,1770483.954,233830.854,0.302463083,189368,CBA
Thunnus_albacares-Pacific_Eastern Central,Thunnus albacares,Yellowfin tuna,"Tunas, bonitos, billfishes",Pacific Eastern Central,1.301082993,1.446372597,1.520960395,1.60042395,1.771485683,0.118176783,1.525198618,547254.7038,1975,0.604926165,1770483.954,233830.854,0.302463083,171523,CBA
Thunnus_albacares-Pacific_Eastern Central,Thunnus albacares,Yellowfin tuna,"Tunas, bonitos, billfishes",Pacific Eastern Central,1.240092258,1.382017924,1.46217928,1.543297629,1.720617329,0.121735335,1.466077781,547254.7038,1976,0.604926165,1770483.954,233830.854,0.302463083,215357,CBA
Thunnus_albacares-Pacific_Eastern Central,Thunnus albacares,Yellowfin tuna,"Tunas, bonitos, billfishes",Pacific Eastern Central,1.233200545,1.382555923,1.463257645,1.54490652,1.720394092,0.122800519,1.466493894,547254.7038,1977,0.604926165,1770483.954,233830.854,0.302463083,182777,CBA
Thunnus_albacares-Pacific_Eastern Central,Thunnus albacares,Yellowfin tuna,"Tunas, bonitos, billfishes",Pacific Eastern Central,1.238130227,1.391911526,1.473228629,1.55500829,1.723439306,0.12335181,1.474941638,547254.7038,1978,0.604926165,1770483.954,233830.854,0.302463083,176345,CBA
Thunnus_albacares-Pacific_Eastern Central,Thunnus albacares,Yellowfin tuna,"Tunas, bonitos, billfishes",Pacific Eastern Central,1.225824151,1.388394315,1.470269561,1.553885905,1.719557148,0.124197843,1.471177375,547254.7038,1979,0.604926165,1770483.954,233830.854,0.302463083,183309,CBA
Thunnus_albacares-Pacific_Eastern Central,Thunnus albacares,Yellowfin tuna,"Tunas, bonitos, billfishes",Pacific Eastern Central,1.251323639,1.42263988,1.508767334,1.592109404,1.750752663,0.126759043,1.507274243,547254.7038,1980,0.604926165,1770483.954,233830.854,0.302463083,153024,CBA
Thunnus_albacares-Pacific_Eastern Central,Thunnus albacares,Yellowfin tuna,"Tunas, bonitos, billfishes",Pacific Eastern Central,1.262830659,1.432584605,1.518107612,1.600244137,1.757958998,0.125828242,1.516112201,547254.7038,1981,0.604926165,1770483.954,233830.854,0.302463083,163807,CBA
Thunnus_albacares-Pacific_Eastern Central,Thunnus albacares,Yellowfin tuna,"Tunas, bonitos, billfishes",Pacific Eastern Central,1.29740285,1.478485039,1.564809587,1.647369375,1.806997292,0.128727464,1.560776118,547254.7038,1982,0.604926165,1770483.954,233830.854,0.302463083,134555,CBA
Thunnus_albacares-Pacific_Eastern Central,Thunnus albacares,Yellowfin tuna,"Tunas, bonitos, billfishes",Pacific Eastern Central,1.349839662,1.541211256,1.631786208,1.71617897,1.874897669,0.132221475,1.626378607,547254.7038,1983,0.604926165,1770483.954,233830.854,0.302463083,105390,CBA
Thunnus_albacares-Pacific_Eastern Central,Thunnus albacares,Yellowfin tuna,"Tunas, bonitos, billfishes",Pacific Eastern Central,1.369977943,1.54797658,1.628469006,1.707294838,1.858002579,0.122669244,1.62534064,547254.7038,1984,0.604926165,1770483.954,233830.854,0.302463083,136147,CBA
Thunnus_albacares-Pacific_Eastern Central,Thunnus albacares,Yellowfin tuna,"Tunas, bonitos, billfishes",Pacific Eastern Central,1.308237447,1.441369694,1.51690452,1.5936452,1.762431109,0.115730991,1.520532509,547254.7038,1985,0.604926165,1770483.954,233830.854,0.302463083,221408,CBA
Thunnus_albacares-Pacific_Eastern Central,Thunnus albacares,Yellowfin tuna,"Tunas, bonitos, billfishes",Pacific Eastern Central,1.187627568,1.313056202,1.390932574,1.478888151,1.666473305,0.123169948,1.40065506,547254.7038,1986,0.604926165,1770483.954,233830.854,0.302463083,266836,CBA
Thunnus_albacares-Pacific_Eastern Central,Thunnus albacares,Yellowfin tuna,"Tunas, bonitos, billfishes",Pacific Eastern Central,1.085285245,1.215806294,1.30038696,1.397399945,1.592154079,0.131878647,1.311164409,547254.7038,1987,0.604926165,1770483.954,233830.854,0.302463083,271039,CBA
Thunnus_albacares-Pacific_Eastern Central,Thunnus albacares,Yellowfin tuna,"Tunas, bonitos, billfishes",Pacific Eastern Central,0.977515803,1.121066073,1.217265446,1.323160535,1.532213705,0.144325325,1.226812383,547254.7038,1988,0.604926165,1770483.954,233830.854,0.302463083,281302,CBA
Thunnus_albacares-Pacific_Eastern Central,Thunnus albacares,Yellowfin tuna,"Tunas, bonitos, billfishes",Pacific Eastern Central,0.887847556,1.050121831,1.154944586,1.267142159,1.48820781,0.155586628,1.163523466,547254.7038,1989,0.604926165,1770483.954,233830.854,0.302463083,273139,CBA
Thunnus_albacares-Pacific_Eastern Central,Thunnus albacares,Yellowfin tuna,"Tunas, bonitos, billfishes",Pacific Eastern Central,0.832435695,1.008774556,1.118891393,1.239970771,1.46570905,0.165155913,1.127925458,547254.7038,1990,0.604926165,1770483.954,233830.854,0.302463083,256341,CBA
Thunnus_albacares-Pacific_Eastern Central,Thunnus albacares,Yellowfin tuna,"Tunas, bonitos, billfishes",Pacific Eastern Central,0.85078272,1.0293816,1.142798068,1.262444485,1.494016326,0.166477324,1.150609354,547254.7038,1991,0.604926165,1770483.954,233830.854,0.302463083,212440,CBA
Thunnus_albacares-Pacific_Eastern Central,Thunnus albacares,Yellowfin tuna,"Tunas, bonitos, billfishes",Pacific Eastern Central,0.838482281,1.026748292,1.141101611,1.265088538,1.499509295,0.171212151,1.148315814,547254.7038,1992,0.604926165,1770483.954,233830.854,0.302463083,230314,CBA
Thunnus_albacares-Pacific_Eastern Central,Thunnus albacares,Yellowfin tuna,"Tunas, bonitos, billfishes",Pacific Eastern Central,0.881159054,1.066080264,1.18018361,1.30458014,1.540567329,0.171318289,1.189505465,547254.7038,1993,0.604926165,1770483.954,233830.854,0.302463083,195156,CBA
Thunnus_albacares-Pacific_Eastern Central,Thunnus albacares,Yellowfin tuna,"Tunas, bonitos, billfishes",Pacific Eastern Central,0.908886086,1.089071979,1.207282738,1.331055785,1.562051595,0.171980107,1.214829484,547254.7038,1994,0.604926165,1770483.954,233830.854,0.302463083,204122,CBA
Thunnus_albacares-Pacific_Eastern Central,Thunnus albacares,Yellowfin tuna,"Tunas, bonitos, billfishes",Pacific Eastern Central,0.945175745,1.129189345,1.247063802,1.366191425,1.596579274,0.169485874,1.251821685,547254.7038,1995,0.604926165,1770483.954,233830.854,0.302463083,192137,CBA
Thunnus_albacares-Pacific_Eastern Central,Thunnus albacares,Yellowfin tuna,"Tunas, bonitos, billfishes",Pacific Eastern Central,0.957190719,1.133469606,1.250777773,1.368637845,1.592247584,0.165971091,1.255248919,547254.7038,1996,0.604926165,1770483.954,233830.854,0.302463083,213279,CBA
Thunnus_albacares-Pacific_Eastern Central,Thunnus albacares,Yellowfin tuna,"Tunas, bonitos, billfishes",Pacific Eastern Central,0.938320077,1.11184667,1.224577697,1.341677606,1.559959835,0.163116876,1.231043263,547254.7038,1997,0.604926165,1770483.954,233830.854,0.302463083,235424,CBA
Thunnus_albacares-Pacific_Eastern Central,Thunnus albacares,Yellowfin tuna,"Tunas, bonitos, billfishes",Pacific Eastern Central,0.936388601,1.110248567,1.220324585,1.343491577,1.555204287,0.163445244,1.229267751,547254.7038,1998,0.604926165,1770483.954,233830.854,0.302463083,220868,CBA
Thunnus_albacares-Pacific_Eastern Central,Thunnus albacares,Yellowfin tuna,"Tunas, bonitos, billfishes",Pacific Eastern Central,0.944078987,1.118773758,1.233452688,1.353492232,1.57020395,0.16372097,1.239387217,547254.7038,1999,0.604926165,1770483.954,233830.854,0.302463083,211420,CBA
Thunnus_albacares-Pacific_Eastern Central,Thunnus albacares,Yellowfin tuna,"Tunas, bonitos, billfishes",Pacific Eastern Central,0.95147867,1.123529995,1.236360066,1.355931932,1.569180324,0.163035512,1.243393474,547254.7038,2000,0.604926165,1770483.954,233830.854,0.302463083,214963,CBA
Thunnus_albacares-Pacific_Eastern Central,Thunnus albacares,Yellowfin tuna,"Tunas, bonitos, billfishes",Pacific Eastern Central,0.911233709,1.068287481,1.173623609,1.294650562,1.517245369,0.159975467,1.186169342,547254.7038,2001,0.604926165,1770483.954,233830.854,0.302463083,260690,CBA
Thunnus_albacares-Pacific_Eastern Central,Thunnus albacares,Yellowfin tuna,"Tunas, bonitos, billfishes",Pacific Eastern Central,0.766485047,0.897336553,1.011090412,1.147159286,1.408487301,0.171789926,1.031973002,547254.7038,2002,0.604926165,1770483.954,233830.854,0.302463083,341576,CBA
Thunnus_albacares-Pacific_Eastern Central,Thunnus albacares,Yellowfin tuna,"Tunas, bonitos, billfishes",Pacific Eastern Central,0.659655759,0.802141628,0.938037859,1.09461283,1.373667591,0.19412033,0.95908988,547254.7038,2003,0.604926165,1770483.954,233830.854,0.302463083,286359,CBA
Thunnus_albacares-Pacific_Eastern Central,Thunnus albacares,Yellowfin tuna,"Tunas, bonitos, billfishes",Pacific Eastern Central,0.579291983,0.756148727,0.912658079,1.087423772,1.382884402,0.21885836,0.931628391,547254.7038,2004,0.604926165,1770483.954,233830.854,0.302463083,247574,CBA
Thunnus_albacares-Pacific_Eastern Central,Thunnus albacares,Yellowfin tuna,"Tunas, bonitos, billfishes",Pacific Eastern Central,0.547706081,0.76231507,0.939573952,1.134557339,1.430971463,0.241786437,0.953441871,547254.7038,2005,0.604926165,1770483.954,233830.854,0.302463083,204686,CBA
Thunnus_albacares-Pacific_Eastern Central,Thunnus albacares,Yellowfin tuna,"Tunas, bonitos, billfishes",Pacific Eastern Central,0.577339983,0.813786628,1.017572511,1.223884428,1.522893691,0.261324232,1.024917632,547254.7038,2006,0.604926165,1770483.954,233830.854,0.302463083,163901,CBA
Thunnus_albacares-Pacific_Eastern Central,Thunnus albacares,Yellowfin tuna,"Tunas, bonitos, billfishes",Pacific Eastern Central,0.621342369,0.878766115,1.10448902,1.318968938,1.594571802,0.274147039,1.101121167,547254.7038,2007,0.604926165,1770483.954,233830.854,0.302463083,157312,CBA
Thunnus_albacares-Pacific_Eastern Central,Thunnus albacares,Yellowfin tuna,"Tunas, bonitos, billfishes",Pacific Eastern Central,0.680447793,0.955726883,1.194116436,1.404573644,1.657679229,0.277833758,1.179742813,547254.7038,2008,0.604926165,1770483.954,233830.854,0.302463083,150708,CBA
Thunnus_albacares-Pacific_Eastern Central,Thunnus albacares,Yellowfin tuna,"Tunas, bonitos, billfishes",Pacific Eastern Central,0.680022254,0.972527765,1.214995613,1.404077921,1.631846896,0.268896486,1.186066609,547254.7038,2009,0.604926165,1770483.954,233830.854,0.302463083,198655,CBA
Thunnus_albacares-Pacific_Eastern Central,Thunnus albacares,Yellowfin tuna,"Tunas, bonitos, billfishes",Pacific Eastern Central,0.679584262,0.99384401,1.236168189,1.40592348,1.620176399,0.263755066,1.19665501,547254.7038,2010,0.604926165,1770483.954,233830.854,0.302463083,196825,CBA
Thunnus_albacares-Pacific_Eastern Central,Thunnus albacares,Yellowfin tuna,"Tunas, bonitos, billfishes",Pacific Eastern Central,0.69623559,1.032852165,1.264620525,1.424026975,1.627801026,0.258562116,1.220994461,547254.7038,2011,0.604926165,1770483.954,233830.854,0.302463083,183698,CBA
Thunnus_albacares-Pacific_Eastern Central,Thunnus albacares,Yellowfin tuna,"Tunas, bonitos, billfishes",Pacific Eastern Central,0.715090568,1.070770007,1.290673166,1.437099774,1.632434329,0.251121813,1.243850739,547254.7038,2012,0.604926165,1770483.954,233830.854,0.302463083,179969,CBA
Thunnus_albacares-Pacific_Eastern Central,Thunnus albacares,Yellowfin tuna,"Tunas, bonitos, billfishes",Pacific Eastern Central,0.716338604,1.09903563,1.29529422,1.426940799,1.605375262,0.237740026,1.247378574,547254.7038,2013,0.604926165,1770483.954,233830.854,0.302463083,189993,CBA
Thunnus_albacares-Pacific_Eastern Central,Thunnus albacares,Yellowfin tuna,"Tunas, bonitos, billfishes",Pacific Eastern Central,0.699700572,1.101520002,1.275911082,1.382708989,1.544285416,0.221800428,1.222956684,547254.7038,2014,0.604926165,1770483.954,233830.854,0.302463083,208803,CBA
Thunnus_albacares-Pacific_Eastern Central,Thunnus albacares,Yellowfin tuna,"Tunas, bonitos, billfishes",Pacific Eastern Central,0.688320899,1.122245075,1.27483234,1.361388381,1.49731211,0.208671241,1.217104993,547254.7038,2015,0.604926165,1770483.954,233830.854,0.302463083,194594,CBA
Thunnus_albacares-Pacific_Eastern Central,Thunnus albacares,Yellowfin tuna,"Tunas, bonitos, billfishes",Pacific Eastern Central,0.69764849,1.163728635,1.304767522,1.36163829,1.396628531,0.189803402,1.227313076,547254.7038,2016,0.604926165,1770483.954,233830.854,0.302463083,174490,CBA
Thunnus_albacares-Pacific_Northwest,Thunnus albacares,Yellowfin tuna,"Tunas, bonitos, billfishes",Pacific Northwest,1.10771829,1.397149785,1.566242557,1.724100256,1.943080967,0.220069555,1.562098148,399216.3394,1950,0.271339876,542546.7228,36635.36201,0.135669938,5000,CBA
Thunnus_albacares-Pacific_Northwest,Thunnus albacares,Yellowfin tuna,"Tunas, bonitos, billfishes",Pacific Northwest,1.250029142,1.506806478,1.660262495,1.811470725,1.957258913,0.194726557,1.64470729,399216.3394,1951,0.271339876,542546.7228,36635.36201,0.135669938,5000,CBA
Thunnus_albacares-Pacific_Northwest,Thunnus albacares,Yellowfin tuna,"Tunas, bonitos, billfishes",Pacific Northwest,1.324670684,1.521306082,1.666949331,1.788684485,1.934631288,0.171380714,1.65114213,399216.3394,1952,0.271339876,542546.7228,36635.36201,0.135669938,20717,CBA
Thunnus_albacares-Pacific_Northwest,Thunnus albacares,Yellowfin tuna,"Tunas, bonitos, billfishes",Pacific Northwest,1.321524746,1.501110486,1.61981331,1.712923011,1.902022096,0.152683375,1.613172937,399216.3394,1953,0.271339876,542546.7228,36635.36201,0.135669938,34143,CBA
Thunnus_albacares-Pacific_Northwest,Thunnus albacares,Yellowfin tuna,"Tunas, bonitos, billfishes",Pacific Northwest,1.305997526,1.488120372,1.58560642,1.67400334,1.854617009,0.139477751,1.582673776,399216.3394,1954,0.271339876,542546.7228,36635.36201,0.135669938,36534,CBA
Thunnus_albacares-Pacific_Northwest,Thunnus albacares,Yellowfin tuna,"Tunas, bonitos, billfishes",Pacific Northwest,1.332608285,1.510974203,1.586534871,1.668382772,1.841139249,0.129645145,1.586877881,399216.3394,1955,0.271339876,542546.7228,36635.36201,0.135669938,29537,CBA
Thunnus_albacares-Pacific_Northwest,Thunnus albacares,Yellowfin tuna,"Tunas, bonitos, billfishes",Pacific Northwest,1.367851946,1.547532851,1.641092492,1.715678132,1.883263481,0.129767219,1.632179593,399216.3394,1956,0.271339876,542546.7228,36635.36201,0.135669938,18351,CBA
Thunnus_albacares-Pacific_Northwest,Thunnus albacares,Yellowfin tuna,"Tunas, bonitos, billfishes",Pacific Northwest,1.257468051,1.430006745,1.510551715,1.600950947,1.772161538,0.128523196,1.513859607,399216.3394,1957,0.271339876,542546.7228,36635.36201,0.135669938,59736,CBA
Thunnus_albacares-Pacific_Northwest,Thunnus albacares,Yellowfin tuna,"Tunas, bonitos, billfishes",Pacific Northwest,1.159017149,1.307084224,1.381391733,1.465216298,1.627455391,0.122209154,1.385973258,399216.3394,1958,0.271339876,542546.7228,36635.36201,0.135669938,67356,CBA
Thunnus_albacares-Pacific_Northwest,Thunnus albacares,Yellowfin tuna,"Tunas, bonitos, billfishes",Pacific Northwest,1.048819528,1.200757264,1.266947019,1.348147282,1.504604028,0.116109863,1.274068661,399216.3394,1959,0.271339876,542546.7228,36635.36201,0.135669938,65918,CBA
Thunnus_albacares-Pacific_Northwest,Thunnus albacares,Yellowfin tuna,"Tunas, bonitos, billfishes",Pacific Northwest,0.942021491,1.070776133,1.135183917,1.204976248,1.363454245,0.109035487,1.141621554,399216.3394,1960,0.271339876,542546.7228,36635.36201,0.135669938,72945,CBA
Thunnus_albacares-Pacific_Northwest,Thunnus albacares,Yellowfin tuna,"Tunas, bonitos, billfishes",Pacific Northwest,0.815086036,0.919538565,0.985449452,1.055971157,1.221772691,0.102253806,0.994161921,399216.3394,1961,0.271339876,542546.7228,36635.36201,0.135669938,78870,CBA
Thunnus_albacares-Pacific_Northwest,Thunnus albacares,Yellowfin tuna,"Tunas, bonitos, billfishes",Pacific Northwest,0.674849745,0.778488307,0.835780158,0.908319658,1.064780122,0.099135038,0.847931614,399216.3394,1962,0.271339876,542546.7228,36635.36201,0.135669938,77709,CBA
Thunnus_albacares-Pacific_Northwest,Thunnus albacares,Yellowfin tuna,"Tunas, bonitos, billfishes",Pacific Northwest,0.533799908,0.632032311,0.693595287,0.76680524,0.912047175,0.099817839,0.70231385,399216.3394,1963,0.271339876,542546.7228,36635.36201,0.135669938,76419,CBA
Thunnus_albacares-Pacific_Northwest,Thunnus albacares,Yellowfin tuna,"Tunas, bonitos, billfishes",Pacific Northwest,0.518359719,0.621288321,0.678135782,0.751001403,0.907026402,0.100959757,0.688734819,399216.3394,1964,0.271339876,542546.7228,36635.36201,0.135669938,38800,CBA
Thunnus_albacares-Pacific_Northwest,Thunnus albacares,Yellowfin tuna,"Tunas, bonitos, billfishes",Pacific Northwest,0.51876284,0.625077618,0.6929076,0.7609171,0.914759115,0.101593544,0.698221024,399216.3394,1965,0.271339876,542546.7228,36635.36201,0.135669938,31500,CBA
Thunnus_albacares-Pacific_Northwest,Thunnus albacares,Yellowfin tuna,"Tunas, bonitos, billfishes",Pacific Northwest,0.44596352,0.546244824,0.616583969,0.682049551,0.836360871,0.105758892,0.621431824,399216.3394,1966,0.271339876,542546.7228,36635.36201,0.135669938,54900,CBA
Thunnus_albacares-Pacific_Northwest,Thunnus albacares,Yellowfin tuna,"Tunas, bonitos, billfishes",Pacific Northwest,0.419331668,0.533104308,0.60350954,0.687092305,0.81961228,0.110530986,0.612039802,399216.3394,1967,0.271339876,542546.7228,36635.36201,0.135669938,34200,CBA
Thunnus_albacares-Pacific_Northwest,Thunnus albacares,Yellowfin tuna,"Tunas, bonitos, billfishes",Pacific Northwest,0.401102263,0.519493829,0.588708018,0.674295672,0.83668755,0.115647417,0.602766492,399216.3394,1968,0.271339876,542546.7228,36635.36201,0.135669938,32900,CBA
Thunnus_albacares-Pacific_Northwest,Thunnus albacares,Yellowfin tuna,"Tunas, bonitos, billfishes",Pacific Northwest,0.38088025,0.503395271,0.576466653,0.662104042,0.85343376,0.123545085,0.587601483,399216.3394,1969,0.271339876,542546.7228,36635.36201,0.135669938,34100,CBA
Thunnus_albacares-Pacific_Northwest,Thunnus albacares,Yellowfin tuna,"Tunas, bonitos, billfishes",Pacific Northwest,0.39572465,0.508993405,0.598643906,0.685891813,0.890463281,0.130229987,0.607621869,399216.3394,1970,0.271339876,542546.7228,36635.36201,0.135669938,24137,CBA
Thunnus_albacares-Pacific_Northwest,Thunnus albacares,Yellowfin tuna,"Tunas, bonitos, billfishes",Pacific Northwest,0.434872469,0.585245894,0.669813601,0.75729,0.947625961,0.133063794,0.676605732,399216.3394,1971,0.271339876,542546.7228,36635.36201,0.135669938,11343,CBA
Thunnus_albacares-Pacific_Northwest,Thunnus albacares,Yellowfin tuna,"Tunas, bonitos, billfishes",Pacific Northwest,0.496120211,0.630687688,0.723360797,0.811606622,1.017155531,0.134185559,0.730081133,399216.3394,1972,0.271339876,542546.7228,36635.36201,0.135669938,17353,CBA
Thunnus_albacares-Pacific_Northwest,Thunnus albacares,Yellowfin tuna,"Tunas, bonitos, billfishes",Pacific Northwest,0.493109894,0.631014142,0.716343412,0.806471039,0.985989795,0.130018888,0.720226462,399216.3394,1973,0.271339876,542546.7228,36635.36201,0.135669938,34473,CBA
Thunnus_albacares-Pacific_Northwest,Thunnus albacares,Yellowfin tuna,"Tunas, bonitos, billfishes",Pacific Northwest,0.527091223,0.657764506,0.732480667,0.836661777,1.023445923,0.129438535,0.745603687,399216.3394,1974,0.271339876,542546.7228,36635.36201,0.135669938,25881,CBA
Thunnus_albacares-Pacific_Northwest,Thunnus albacares,Yellowfin tuna,"Tunas, bonitos, billfishes",Pacific Northwest,0.549567833,0.677121276,0.753435989,0.843013928,1.015082258,0.125694797,0.762158932,399216.3394,1975,0.271339876,542546.7228,36635.36201,0.135669938,28438,CBA
Thunnus_albacares-Pacific_Northwest,Thunnus albacares,Yellowfin tuna,"Tunas, bonitos, billfishes",Pacific Northwest,0.550120003,0.682802729,0.766324617,0.849805593,1.030518648,0.122835303,0.766890078,399216.3394,1976,0.271339876,542546.7228,36635.36201,0.135669938,32836,CBA
Thunnus_albacares-Pacific_Northwest,Thunnus albacares,Yellowfin tuna,"Tunas, bonitos, billfishes",Pacific Northwest,0.564112585,0.689443975,0.769743327,0.856402175,1.018679083,0.121168417,0.774097913,399216.3394,1977,0.271339876,542546.7228,36635.36201,0.135669938,31632,CBA
Thunnus_albacares-Pacific_Northwest,Thunnus albacares,Yellowfin tuna,"Tunas, bonitos, billfishes",Pacific Northwest,0.574641834,0.693521332,0.765100109,0.855157384,1.02112224,0.118887054,0.777221806,399216.3394,1978,0.271339876,542546.7228,36635.36201,0.135669938,33387,CBA
Thunnus_albacares-Pacific_Northwest,Thunnus albacares,Yellowfin tuna,"Tunas, bonitos, billfishes",Pacific Northwest,0.53748281,0.656104809,0.72121187,0.810144234,0.945841785,0.111600643,0.733223637,399216.3394,1979,0.271339876,542546.7228,36635.36201,0.135669938,45304,CBA
Thunnus_albacares-Pacific_Northwest,Thunnus albacares,Yellowfin tuna,"Tunas, bonitos, billfishes",Pacific Northwest,0.499595241,0.625582825,0.697052232,0.775663757,0.903203838,0.108307186,0.698975902,399216.3394,1980,0.271339876,542546.7228,36635.36201,0.135669938,42041,CBA
Thunnus_albacares-Pacific_Northwest,Thunnus albacares,Yellowfin tuna,"Tunas, bonitos, billfishes",Pacific Northwest,0.519470373,0.62226968,0.697214512,0.781502868,0.900339599,0.10430237,0.699984308,399216.3394,1981,0.271339876,542546.7228,36635.36201,0.135669938,31778,CBA
Thunnus_albacares-Pacific_Northwest,Thunnus albacares,Yellowfin tuna,"Tunas, bonitos, billfishes",Pacific Northwest,0.533816659,0.626993511,0.712635938,0.772077095,0.899387956,0.097861255,0.707071635,399216.3394,1982,0.271339876,542546.7228,36635.36201,0.135669938,29811,CBA
Thunnus_albacares-Pacific_Northwest,Thunnus albacares,Yellowfin tuna,"Tunas, bonitos, billfishes",Pacific Northwest,0.529771862,0.623056251,0.701699104,0.761258102,0.908017202,0.097149116,0.700909287,399216.3394,1983,0.271339876,542546.7228,36635.36201,0.135669938,33796,CBA
Thunnus_albacares-Pacific_Northwest,Thunnus albacares,Yellowfin tuna,"Tunas, bonitos, billfishes",Pacific Northwest,0.495031674,0.594118803,0.656010936,0.718593281,0.859267763,0.090660212,0.656772893,399216.3394,1984,0.271339876,542546.7228,36635.36201,0.135669938,43236,CBA
Thunnus_albacares-Pacific_Northwest,Thunnus albacares,Yellowfin tuna,"Tunas, bonitos, billfishes",Pacific Northwest,0.470302034,0.561688535,0.618112181,0.678093943,0.818018635,0.088627992,0.622251375,399216.3394,1985,0.271339876,542546.7228,36635.36201,0.135669938,39653,CBA
Thunnus_albacares-Pacific_Northwest,Thunnus albacares,Yellowfin tuna,"Tunas, bonitos, billfishes",Pacific Northwest,0.49561497,0.579750917,0.639353444,0.693272701,0.818331833,0.084642222,0.642277216,399216.3394,1986,0.271339876,542546.7228,36635.36201,0.135669938,24629,CBA
Thunnus_albacares-Pacific_Northwest,Thunnus albacares,Yellowfin tuna,"Tunas, bonitos, billfishes",Pacific Northwest,0.490275715,0.571010725,0.623671341,0.675704831,0.791340486,0.079026818,0.629109485,399216.3394,1987,0.271339876,542546.7228,36635.36201,0.135669938,34343,CBA
Thunnus_albacares-Pacific_Northwest,Thunnus albacares,Yellowfin tuna,"Tunas, bonitos, billfishes",Pacific Northwest,0.472481547,0.557238543,0.603705396,0.658895692,0.75582516,0.07373488,0.604423196,399216.3394,1988,0.271339876,542546.7228,36635.36201,0.135669938,36763,CBA
Thunnus_albacares-Pacific_Northwest,Thunnus albacares,Yellowfin tuna,"Tunas, bonitos, billfishes",Pacific Northwest,0.48657647,0.556803945,0.60615716,0.652440069,0.738926517,0.067488095,0.605691046,399216.3394,1989,0.271339876,542546.7228,36635.36201,0.135669938,28674,CBA
Thunnus_albacares-Pacific_Northwest,Thunnus albacares,Yellowfin tuna,"Tunas, bonitos, billfishes",Pacific Northwest,0.486626476,0.548499452,0.585180831,0.631012092,0.721270428,0.061355699,0.591496885,399216.3394,1990,0.271339876,542546.7228,36635.36201,0.135669938,33857,CBA
Thunnus_albacares-Pacific_Northwest,Thunnus albacares,Yellowfin tuna,"Tunas, bonitos, billfishes",Pacific Northwest,0.483002943,0.537005694,0.571386804,0.609052148,0.680017335,0.053251791,0.575355122,399216.3394,1991,0.271339876,542546.7228,36635.36201,0.135669938,33865,CBA
Thunnus_albacares-Pacific_Northwest,Thunnus albacares,Yellowfin tuna,"Tunas, bonitos, billfishes",Pacific Northwest,0.358391692,0.408007704,0.433064286,0.467010853,0.548408791,0.04991465,0.440304251,399216.3394,1992,0.271339876,542546.7228,36635.36201,0.135669938,65423,CBA
Thunnus_albacares-Pacific_Northwest,Thunnus albacares,Yellowfin tuna,"Tunas, bonitos, billfishes",Pacific Northwest,0.216976447,0.261051643,0.287601415,0.32241788,0.3980171,0.051312638,0.295232584,399216.3394,1993,0.271339876,542546.7228,36635.36201,0.135669938,63765,CBA
Thunnus_albacares-Pacific_Northwest,Thunnus albacares,Yellowfin tuna,"Tunas, bonitos, billfishes",Pacific Northwest,0.225821007,0.271460371,0.301924137,0.337470873,0.420998622,0.052672952,0.309337357,399216.3394,1994,0.271339876,542546.7228,36635.36201,0.135669938,13998,CBA
Thunnus_albacares-Pacific_Northwest,Thunnus albacares,Yellowfin tuna,"Tunas, bonitos, billfishes",Pacific Northwest,0.227700538,0.267952114,0.300454881,0.341882943,0.427570767,0.055189378,0.308733414,399216.3394,1995,0.271339876,542546.7228,36635.36201,0.135669938,18473,CBA
Thunnus_albacares-Pacific_Northwest,Thunnus albacares,Yellowfin tuna,"Tunas, bonitos, billfishes",Pacific Northwest,0.234546306,0.279780326,0.308656514,0.347869198,0.461746883,0.058789722,0.318864109,399216.3394,1996,0.271339876,542546.7228,36635.36201,0.135669938,16129,CBA
Thunnus_albacares-Pacific_Northwest,Thunnus albacares,Yellowfin tuna,"Tunas, bonitos, billfishes",Pacific Northwest,0.24232966,0.294445473,0.326147536,0.366125698,0.479887033,0.062147951,0.334376626,399216.3394,1997,0.271339876,542546.7228,36635.36201,0.135669938,14593,CBA
Thunnus_albacares-Pacific_Northwest,Thunnus albacares,Yellowfin tuna,"Tunas, bonitos, billfishes",Pacific Northwest,0.252336993,0.303725195,0.335287039,0.377053328,0.508064448,0.063795786,0.345920791,399216.3394,1998,0.271339876,542546.7228,36635.36201,0.135669938,16185,CBA
Thunnus_albacares-Pacific_Northwest,Thunnus albacares,Yellowfin tuna,"Tunas, bonitos, billfishes",Pacific Northwest,0.24885431,0.304008038,0.336236863,0.381826225,0.524537494,0.068051091,0.347828093,399216.3394,1999,0.271339876,542546.7228,36635.36201,0.135669938,19442,CBA
Thunnus_albacares-Pacific_Northwest,Thunnus albacares,Yellowfin tuna,"Tunas, bonitos, billfishes",Pacific Northwest,0.240775366,0.288845885,0.330101304,0.378151811,0.519583044,0.070585922,0.340735517,399216.3394,2000,0.271339876,542546.7228,36635.36201,0.135669938,21773,CBA
Thunnus_albacares-Pacific_Northwest,Thunnus albacares,Yellowfin tuna,"Tunas, bonitos, billfishes",Pacific Northwest,0.250783754,0.305478983,0.345865754,0.391985834,0.550942708,0.075348731,0.357527183,399216.3394,2001,0.271339876,542546.7228,36635.36201,0.135669938,15345,CBA
Thunnus_albacares-Pacific_Northwest,Thunnus albacares,Yellowfin tuna,"Tunas, bonitos, billfishes",Pacific Northwest,0.25819902,0.316080771,0.355305605,0.410008148,0.566206351,0.080339179,0.372030185,399216.3394,2002,0.271339876,542546.7228,36635.36201,0.135669938,16624,CBA
Thunnus_albacares-Pacific_Northwest,Thunnus albacares,Yellowfin tuna,"Tunas, bonitos, billfishes",Pacific Northwest,0.263490956,0.322475699,0.36300361,0.428537549,0.593880137,0.086174271,0.383585033,399216.3394,2003,0.271339876,542546.7228,36635.36201,0.135669938,18084,CBA
Thunnus_albacares-Pacific_Northwest,Thunnus albacares,Yellowfin tuna,"Tunas, bonitos, billfishes",Pacific Northwest,0.307202141,0.372792099,0.415741654,0.483812399,0.661505452,0.091320534,0.435058167,399216.3394,2004,0.271339876,542546.7228,36635.36201,0.135669938,7913,CBA
Thunnus_albacares-Pacific_Northwest,Thunnus albacares,Yellowfin tuna,"Tunas, bonitos, billfishes",Pacific Northwest,0.332948087,0.409481733,0.45372887,0.526633137,0.704074316,0.097050755,0.473491696,399216.3394,2005,0.271339876,542546.7228,36635.36201,0.135669938,13180,CBA
Thunnus_albacares-Pacific_Northwest,Thunnus albacares,Yellowfin tuna,"Tunas, bonitos, billfishes",Pacific Northwest,0.360169991,0.440715823,0.487300315,0.565322558,0.733205423,0.099790682,0.508297733,399216.3394,2006,0.271339876,542546.7228,36635.36201,0.135669938,16127,CBA
Thunnus_albacares-Pacific_Northwest,Thunnus albacares,Yellowfin tuna,"Tunas, bonitos, billfishes",Pacific Northwest,0.382119799,0.46495545,0.514153888,0.599076642,0.756111801,0.101989953,0.536012961,399216.3394,2007,0.271339876,542546.7228,36635.36201,0.135669938,18573,CBA
Thunnus_albacares-Pacific_Northwest,Thunnus albacares,Yellowfin tuna,"Tunas, bonitos, billfishes",Pacific Northwest,0.378650795,0.464717539,0.521313084,0.608458843,0.766208304,0.104087391,0.53923854,399216.3394,2008,0.271339876,542546.7228,36635.36201,0.135669938,26977,CBA
Thunnus_albacares-Pacific_Northwest,Thunnus albacares,Yellowfin tuna,"Tunas, bonitos, billfishes",Pacific Northwest,0.376065363,0.465435398,0.5277574,0.619171871,0.782678934,0.109178363,0.542855828,399216.3394,2009,0.271339876,542546.7228,36635.36201,0.135669938,26736,CBA
Thunnus_albacares-Pacific_Northwest,Thunnus albacares,Yellowfin tuna,"Tunas, bonitos, billfishes",Pacific Northwest,0.323321676,0.415275079,0.496887704,0.603785567,0.741892714,0.117096366,0.510294975,399216.3394,2010,0.271339876,542546.7228,36635.36201,0.135669938,36660,CBA
Thunnus_albacares-Pacific_Northwest,Thunnus albacares,Yellowfin tuna,"Tunas, bonitos, billfishes",Pacific Northwest,0.278859905,0.378189374,0.479674046,0.582491624,0.735700879,0.127025029,0.482416284,399216.3394,2011,0.271339876,542546.7228,36635.36201,0.135669938,34683,CBA
Thunnus_albacares-Pacific_Northwest,Thunnus albacares,Yellowfin tuna,"Tunas, bonitos, billfishes",Pacific Northwest,0.226990743,0.353024665,0.463715706,0.578561244,0.733625318,0.139566857,0.466244643,399216.3394,2012,0.271339876,542546.7228,36635.36201,0.135669938,29685,CBA
Thunnus_albacares-Pacific_Northwest,Thunnus albacares,Yellowfin tuna,"Tunas, bonitos, billfishes",Pacific Northwest,0.186402492,0.337314902,0.465105679,0.587059903,0.729322366,0.155549188,0.458652496,399216.3394,2013,0.271339876,542546.7228,36635.36201,0.135669938,26670,CBA
Thunnus_albacares-Pacific_Northwest,Thunnus albacares,Yellowfin tuna,"Tunas, bonitos, billfishes",Pacific Northwest,0.161080712,0.346576888,0.495482659,0.634082167,0.749278094,0.175819824,0.482230708,399216.3394,2014,0.271339876,542546.7228,36635.36201,0.135669938,19061,CBA
Thunnus_albacares-Pacific_Northwest,Thunnus albacares,Yellowfin tuna,"Tunas, bonitos, billfishes",Pacific Northwest,0.119991444,0.335815616,0.520047851,0.676456177,0.77498499,0.197109191,0.49385142,399216.3394,2015,0.271339876,542546.7228,36635.36201,0.135669938,21493,CBA
Thunnus_albacares-Pacific_Northwest,Thunnus albacares,Yellowfin tuna,"Tunas, bonitos, billfishes",Pacific Northwest,0.064493073,0.333351717,0.530558268,0.706132672,0.787536737,0.222578185,0.504113543,399216.3394,2016,0.271339876,542546.7228,36635.36201,0.135669938,22728,CBA
Thunnus_albacares-Pacific_Southeast,Thunnus albacares,Yellowfin tuna,"Tunas, bonitos, billfishes",Pacific Southeast,1.017085076,1.222318265,1.388763642,1.576072944,1.844616845,0.230773768,1.404522233,648325.7151,1950,0.36676431,1012888,89568.9707,0.183382155,12400,CBA
Thunnus_albacares-Pacific_Southeast,Thunnus albacares,Yellowfin tuna,"Tunas, bonitos, billfishes",Pacific Southeast,1.131347414,1.373796477,1.52091142,1.683354695,1.919402081,0.209068761,1.524923766,648325.7151,1951,0.36676431,1012888,89568.9707,0.183382155,6500,CBA
Thunnus_albacares-Pacific_Southeast,Thunnus albacares,Yellowfin tuna,"Tunas, bonitos, billfishes",Pacific Southeast,1.250576808,1.490706099,1.634984303,1.754685033,1.941164576,0.185178243,1.622413656,648325.7151,1952,0.36676431,1012888,89568.9707,0.183382155,2900,CBA
Thunnus_albacares-Pacific_Southeast,Thunnus albacares,Yellowfin tuna,"Tunas, bonitos, billfishes",Pacific Southeast,1.355810191,1.582944115,1.714885922,1.819365879,1.965073461,0.164300309,1.697542713,648325.7151,1953,0.36676431,1012888,89568.9707,0.183382155,2300,CBA
Thunnus_albacares-Pacific_Southeast,Thunnus albacares,Yellowfin tuna,"Tunas, bonitos, billfishes",Pacific Southeast,1.443025696,1.658181939,1.759685167,1.850462363,1.966471791,0.139674173,1.745353393,648325.7151,1954,0.36676431,1012888,89568.9707,0.183382155,5400,CBA
Thunnus_albacares-Pacific_Southeast,Thunnus albacares,Yellowfin tuna,"Tunas, bonitos, billfishes",Pacific Southeast,1.510267984,1.691179249,1.789183464,1.866271967,1.971738624,0.123799612,1.773326748,648325.7151,1955,0.36676431,1012888,89568.9707,0.183382155,6800,CBA
Thunnus_albacares-Pacific_Southeast,Thunnus albacares,Yellowfin tuna,"Tunas, bonitos, billfishes",Pacific Southeast,1.538928603,1.725287077,1.809115745,1.886329418,1.980253695,0.117728516,1.798688436,648325.7151,1956,0.36676431,1012888,89568.9707,0.183382155,3600,CBA
Thunnus_albacares-Pacific_Southeast,Thunnus albacares,Yellowfin tuna,"Tunas, bonitos, billfishes",Pacific Southeast,1.576815747,1.736404078,1.826508194,1.895854701,1.984273256,0.108772919,1.812741554,648325.7151,1957,0.36676431,1012888,89568.9707,0.183382155,2400,CBA
Thunnus_albacares-Pacific_Southeast,Thunnus albacares,Yellowfin tuna,"Tunas, bonitos, billfishes",Pacific Southeast,1.611466854,1.758518839,1.831799809,1.902106801,1.980779128,0.099295969,1.823219925,648325.7151,1958,0.36676431,1012888,89568.9707,0.183382155,5800,CBA
Thunnus_albacares-Pacific_Southeast,Thunnus albacares,Yellowfin tuna,"Tunas, bonitos, billfishes",Pacific Southeast,1.627653558,1.762711705,1.83894805,1.907424909,1.98445555,0.098427163,1.830061891,648325.7151,1959,0.36676431,1012888,89568.9707,0.183382155,7200,CBA
Thunnus_albacares-Pacific_Southeast,Thunnus albacares,Yellowfin tuna,"Tunas, bonitos, billfishes",Pacific Southeast,1.618511426,1.770638789,1.838620156,1.905113902,1.986226501,0.096871411,1.830918796,648325.7151,1960,0.36676431,1012888,89568.9707,0.183382155,8300,CBA
Thunnus_albacares-Pacific_Southeast,Thunnus albacares,Yellowfin tuna,"Tunas, bonitos, billfishes",Pacific Southeast,1.622987856,1.764706558,1.842207899,1.910932899,1.987522409,0.100313368,1.831750351,648325.7151,1961,0.36676431,1012888,89568.9707,0.183382155,9000,CBA
Thunnus_albacares-Pacific_Southeast,Thunnus albacares,Yellowfin tuna,"Tunas, bonitos, billfishes",Pacific Southeast,1.618220223,1.763835285,1.837529167,1.899722632,1.983116638,0.097664962,1.828349727,648325.7151,1962,0.36676431,1012888,89568.9707,0.183382155,10900,CBA
Thunnus_albacares-Pacific_Southeast,Thunnus albacares,Yellowfin tuna,"Tunas, bonitos, billfishes",Pacific Southeast,1.608856173,1.76048646,1.827910779,1.89217941,1.982357458,0.096992822,1.821552861,648325.7151,1963,0.36676431,1012888,89568.9707,0.183382155,11200,CBA
Thunnus_albacares-Pacific_Southeast,Thunnus albacares,Yellowfin tuna,"Tunas, bonitos, billfishes",Pacific Southeast,1.627853369,1.762255971,1.82457492,1.892354532,1.985890024,0.095725159,1.820473263,648325.7151,1964,0.36676431,1012888,89568.9707,0.183382155,10800,CBA
Thunnus_albacares-Pacific_Southeast,Thunnus albacares,Yellowfin tuna,"Tunas, bonitos, billfishes",Pacific Southeast,1.647210998,1.772615504,1.839017305,1.897974612,1.980210161,0.08878719,1.832026088,648325.7151,1965,0.36676431,1012888,89568.9707,0.183382155,4900,CBA
Thunnus_albacares-Pacific_Southeast,Thunnus albacares,Yellowfin tuna,"Tunas, bonitos, billfishes",Pacific Southeast,1.647384059,1.770849972,1.835060835,1.902897813,1.985646098,0.092077232,1.831973569,648325.7151,1966,0.36676431,1012888,89568.9707,0.183382155,8500,CBA
Thunnus_albacares-Pacific_Southeast,Thunnus albacares,Yellowfin tuna,"Tunas, bonitos, billfishes",Pacific Southeast,1.636150517,1.774261953,1.846544283,1.908461246,1.988680749,0.092737332,1.836496424,648325.7151,1967,0.36676431,1012888,89568.9707,0.183382155,7500,CBA
Thunnus_albacares-Pacific_Southeast,Thunnus albacares,Yellowfin tuna,"Tunas, bonitos, billfishes",Pacific Southeast,1.62373168,1.774424714,1.843777339,1.905867366,1.985231768,0.09543146,1.83335735,648325.7151,1968,0.36676431,1012888,89568.9707,0.183382155,10200,CBA
Thunnus_albacares-Pacific_Southeast,Thunnus albacares,Yellowfin tuna,"Tunas, bonitos, billfishes",Pacific Southeast,1.630473882,1.769552091,1.843179418,1.906998791,1.986754519,0.096531467,1.832034525,648325.7151,1969,0.36676431,1012888,89568.9707,0.183382155,10700,CBA
Thunnus_albacares-Pacific_Southeast,Thunnus albacares,Yellowfin tuna,"Tunas, bonitos, billfishes",Pacific Southeast,1.602929368,1.744135201,1.818799159,1.889305347,1.975319561,0.10159815,1.810658657,648325.7151,1970,0.36676431,1012888,89568.9707,0.183382155,25450,CBA
Thunnus_albacares-Pacific_Southeast,Thunnus albacares,Yellowfin tuna,"Tunas, bonitos, billfishes",Pacific Southeast,1.588149075,1.746376358,1.815048602,1.886435597,1.969985283,0.101256992,1.809210289,648325.7151,1971,0.36676431,1012888,89568.9707,0.183382155,19920,CBA
Thunnus_albacares-Pacific_Southeast,Thunnus albacares,Yellowfin tuna,"Tunas, bonitos, billfishes",Pacific Southeast,1.586772196,1.736069502,1.81372631,1.877525952,1.979939825,0.101677701,1.80443083,648325.7151,1972,0.36676431,1012888,89568.9707,0.183382155,23160,CBA
Thunnus_albacares-Pacific_Southeast,Thunnus albacares,Yellowfin tuna,"Tunas, bonitos, billfishes",Pacific Southeast,1.577399999,1.736135913,1.800635511,1.874376707,1.973977695,0.10233264,1.798951747,648325.7151,1973,0.36676431,1012888,89568.9707,0.183382155,24980,CBA
Thunnus_albacares-Pacific_Southeast,Thunnus albacares,Yellowfin tuna,"Tunas, bonitos, billfishes",Pacific Southeast,1.563426752,1.715315578,1.791143465,1.866671972,1.977770557,0.10623517,1.787243466,648325.7151,1974,0.36676431,1012888,89568.9707,0.183382155,30611,CBA
Thunnus_albacares-Pacific_Southeast,Thunnus albacares,Yellowfin tuna,"Tunas, bonitos, billfishes",Pacific Southeast,1.525698591,1.667261255,1.749827239,1.827271821,1.943505336,0.110881183,1.746388637,648325.7151,1975,0.36676431,1012888,89568.9707,0.183382155,46468,CBA
Thunnus_albacares-Pacific_Southeast,Thunnus albacares,Yellowfin tuna,"Tunas, bonitos, billfishes",Pacific Southeast,1.500454002,1.649556348,1.73253604,1.808290461,1.927826595,0.1115008,1.727702679,648325.7151,1976,0.36676431,1012888,89568.9707,0.183382155,42745,CBA
Thunnus_albacares-Pacific_Southeast,Thunnus albacares,Yellowfin tuna,"Tunas, bonitos, billfishes",Pacific Southeast,1.500715292,1.657434461,1.738810751,1.811733167,1.947669373,0.11314151,1.734936144,648325.7151,1977,0.36676431,1012888,89568.9707,0.183382155,34641,CBA
Thunnus_albacares-Pacific_Southeast,Thunnus albacares,Yellowfin tuna,"Tunas, bonitos, billfishes",Pacific Southeast,1.507951136,1.667059649,1.749688956,1.833253939,1.954510462,0.11697966,1.746353091,648325.7151,1978,0.36676431,1012888,89568.9707,0.183382155,28244,CBA
Thunnus_albacares-Pacific_Southeast,Thunnus albacares,Yellowfin tuna,"Tunas, bonitos, billfishes",Pacific Southeast,1.509893011,1.672145,1.751421661,1.831951183,1.956509348,0.114976767,1.749504478,648325.7151,1979,0.36676431,1012888,89568.9707,0.183382155,31521,CBA
Thunnus_albacares-Pacific_Southeast,Thunnus albacares,Yellowfin tuna,"Tunas, bonitos, billfishes",Pacific Southeast,1.521716781,1.676076534,1.759385932,1.834639426,1.9661013,0.115321157,1.754073873,648325.7151,1980,0.36676431,1012888,89568.9707,0.183382155,29797,CBA
Thunnus_albacares-Pacific_Southeast,Thunnus albacares,Yellowfin tuna,"Tunas, bonitos, billfishes",Pacific Southeast,1.523915231,1.676626735,1.752561323,1.829791965,1.956416446,0.112751642,1.750934257,648325.7151,1981,0.36676431,1012888,89568.9707,0.183382155,35897,CBA
Thunnus_albacares-Pacific_Southeast,Thunnus albacares,Yellowfin tuna,"Tunas, bonitos, billfishes",Pacific Southeast,1.541800468,1.694856963,1.7775949,1.855888593,1.975875512,0.112743131,1.771524136,648325.7151,1982,0.36676431,1012888,89568.9707,0.183382155,20333,CBA
Thunnus_albacares-Pacific_Southeast,Thunnus albacares,Yellowfin tuna,"Tunas, bonitos, billfishes",Pacific Southeast,1.550883285,1.695938505,1.77787222,1.850822434,1.962266538,0.108838775,1.77181447,648325.7151,1983,0.36676431,1012888,89568.9707,0.183382155,29147,CBA
Thunnus_albacares-Pacific_Southeast,Thunnus albacares,Yellowfin tuna,"Tunas, bonitos, billfishes",Pacific Southeast,1.545726957,1.691530543,1.768945715,1.84393053,1.964341278,0.109932343,1.764657424,648325.7151,1984,0.36676431,1012888,89568.9707,0.183382155,33410,CBA
Thunnus_albacares-Pacific_Southeast,Thunnus albacares,Yellowfin tuna,"Tunas, bonitos, billfishes",Pacific Southeast,1.530439494,1.690736298,1.775261977,1.850893557,1.957095188,0.112424813,1.766046406,648325.7151,1985,0.36676431,1012888,89568.9707,0.183382155,29191,CBA
Thunnus_albacares-Pacific_Southeast,Thunnus albacares,Yellowfin tuna,"Tunas, bonitos, billfishes",Pacific Southeast,1.541390893,1.699905262,1.77978574,1.85905541,1.963490937,0.11098659,1.775092164,648325.7151,1986,0.36676431,1012888,89568.9707,0.183382155,26164,CBA
Thunnus_albacares-Pacific_Southeast,Thunnus albacares,Yellowfin tuna,"Tunas, bonitos, billfishes",Pacific Southeast,1.545243572,1.704448472,1.781809774,1.864367315,1.96673105,0.111308474,1.778312509,648325.7151,1987,0.36676431,1012888,89568.9707,0.183382155,30407,CBA
Thunnus_albacares-Pacific_Southeast,Thunnus albacares,Yellowfin tuna,"Tunas, bonitos, billfishes",Pacific Southeast,1.512990562,1.658215761,1.735876301,1.812786414,1.940276241,0.1120443,1.73312397,648325.7151,1988,0.36676431,1012888,89568.9707,0.183382155,54173,CBA
Thunnus_albacares-Pacific_Southeast,Thunnus albacares,Yellowfin tuna,"Tunas, bonitos, billfishes",Pacific Southeast,1.481373351,1.645886711,1.727989571,1.803423354,1.962083611,0.116685023,1.725217056,648325.7151,1989,0.36676431,1012888,89568.9707,0.183382155,46132,CBA
Thunnus_albacares-Pacific_Southeast,Thunnus albacares,Yellowfin tuna,"Tunas, bonitos, billfishes",Pacific Southeast,1.459345903,1.623243794,1.696925251,1.777905616,1.924960535,0.116484502,1.697047838,648325.7151,1990,0.36676431,1012888,89568.9707,0.183382155,56265,CBA
Thunnus_albacares-Pacific_Southeast,Thunnus albacares,Yellowfin tuna,"Tunas, bonitos, billfishes",Pacific Southeast,1.440131705,1.607854878,1.681522298,1.763573693,1.915399985,0.119645098,1.682782886,648325.7151,1991,0.36676431,1012888,89568.9707,0.183382155,54536,CBA
Thunnus_albacares-Pacific_Southeast,Thunnus albacares,Yellowfin tuna,"Tunas, bonitos, billfishes",Pacific Southeast,1.457533734,1.599753501,1.684740156,1.765066475,1.919601134,0.121082444,1.68376247,648325.7151,1992,0.36676431,1012888,89568.9707,0.183382155,48177,CBA
Thunnus_albacares-Pacific_Southeast,Thunnus albacares,Yellowfin tuna,"Tunas, bonitos, billfishes",Pacific Southeast,1.405263292,1.551074837,1.648030023,1.734289827,1.887050654,0.124822296,1.645041894,648325.7151,1993,0.36676431,1012888,89568.9707,0.183382155,68658,CBA
Thunnus_albacares-Pacific_Southeast,Thunnus albacares,Yellowfin tuna,"Tunas, bonitos, billfishes",Pacific Southeast,1.354237795,1.501697334,1.583608051,1.668681217,1.83574297,0.122588298,1.588541518,648325.7151,1994,0.36676431,1012888,89568.9707,0.183382155,81992,CBA
Thunnus_albacares-Pacific_Southeast,Thunnus albacares,Yellowfin tuna,"Tunas, bonitos, billfishes",Pacific Southeast,1.339989357,1.498112228,1.57139906,1.662514075,1.829193867,0.123693195,1.579595585,648325.7151,1995,0.36676431,1012888,89568.9707,0.183382155,64451,CBA
Thunnus_albacares-Pacific_Southeast,Thunnus albacares,Yellowfin tuna,"Tunas, bonitos, billfishes",Pacific Southeast,1.319866219,1.465234333,1.55737911,1.643437048,1.813059792,0.126264258,1.559017834,648325.7151,1996,0.36676431,1012888,89568.9707,0.183382155,72097,CBA
Thunnus_albacares-Pacific_Southeast,Thunnus albacares,Yellowfin tuna,"Tunas, bonitos, billfishes",Pacific Southeast,1.302163858,1.450250328,1.541275304,1.62121689,1.783168882,0.125064137,1.538228622,648325.7151,1997,0.36676431,1012888,89568.9707,0.183382155,74719,CBA
Thunnus_albacares-Pacific_Southeast,Thunnus albacares,Yellowfin tuna,"Tunas, bonitos, billfishes",Pacific Southeast,1.245615485,1.381207669,1.461248615,1.542832705,1.715629137,0.120707755,1.466102054,648325.7151,1998,0.36676431,1012888,89568.9707,0.183382155,102840,CBA
Thunnus_albacares-Pacific_Southeast,Thunnus albacares,Yellowfin tuna,"Tunas, bonitos, billfishes",Pacific Southeast,1.182578258,1.303963113,1.374090105,1.457449588,1.636157802,0.117594409,1.384115551,648325.7151,1999,0.36676431,1012888,89568.9707,0.183382155,113854,CBA
Thunnus_albacares-Pacific_Southeast,Thunnus albacares,Yellowfin tuna,"Tunas, bonitos, billfishes",Pacific Southeast,1.137785586,1.260539879,1.33503206,1.41703769,1.591974012,0.115163801,1.343233822,648325.7151,2000,0.36676431,1012888,89568.9707,0.183382155,101329,CBA
Thunnus_albacares-Pacific_Southeast,Thunnus albacares,Yellowfin tuna,"Tunas, bonitos, billfishes",Pacific Southeast,0.959512119,1.080226118,1.152242957,1.233801737,1.430819852,0.119188343,1.162019587,648325.7151,2001,0.36676431,1012888,89568.9707,0.183382155,171377,CBA
Thunnus_albacares-Pacific_Southeast,Thunnus albacares,Yellowfin tuna,"Tunas, bonitos, billfishes",Pacific Southeast,0.910946362,1.032530134,1.109414648,1.194851972,1.381411987,0.120793354,1.118349808,648325.7151,2002,0.36676431,1012888,89568.9707,0.183382155,112055,CBA
Thunnus_albacares-Pacific_Southeast,Thunnus albacares,Yellowfin tuna,"Tunas, bonitos, billfishes",Pacific Southeast,0.763105117,0.889537638,0.966640263,1.064592172,1.259798352,0.129929129,0.980608136,648325.7151,2003,0.36676431,1012888,89568.9707,0.183382155,157017,CBA
Thunnus_albacares-Pacific_Southeast,Thunnus albacares,Yellowfin tuna,"Tunas, bonitos, billfishes",Pacific Southeast,0.670052196,0.804960016,0.888675321,1.001369589,1.203517083,0.141849799,0.905339648,648325.7151,2004,0.36676431,1012888,89568.9707,0.183382155,128021,CBA
Thunnus_albacares-Pacific_Southeast,Thunnus albacares,Yellowfin tuna,"Tunas, bonitos, billfishes",Pacific Southeast,0.584866436,0.747826128,0.83561718,0.96140316,1.194740626,0.15840404,0.857414743,648325.7151,2005,0.36676431,1012888,89568.9707,0.183382155,112361,CBA
Thunnus_albacares-Pacific_Southeast,Thunnus albacares,Yellowfin tuna,"Tunas, bonitos, billfishes",Pacific Southeast,0.59263167,0.765117716,0.863444684,1.007481205,1.252005728,0.172870592,0.889563649,648325.7151,2006,0.36676431,1012888,89568.9707,0.183382155,71090,CBA
Thunnus_albacares-Pacific_Southeast,Thunnus albacares,Yellowfin tuna,"Tunas, bonitos, billfishes",Pacific Southeast,0.627032546,0.79908562,0.906241028,1.062115353,1.333596315,0.18732735,0.933955714,648325.7151,2007,0.36676431,1012888,89568.9707,0.183382155,65042,CBA
Thunnus_albacares-Pacific_Southeast,Thunnus albacares,Yellowfin tuna,"Tunas, bonitos, billfishes",Pacific Southeast,0.638893468,0.808337949,0.926683083,1.08818455,1.404832312,0.202121869,0.961221498,648325.7151,2008,0.36676431,1012888,89568.9707,0.183382155,74481,CBA
Thunnus_albacares-Pacific_Southeast,Thunnus albacares,Yellowfin tuna,"Tunas, bonitos, billfishes",Pacific Southeast,0.636850568,0.817147211,0.94870259,1.11868296,1.424255756,0.212936132,0.977736239,648325.7151,2009,0.36676431,1012888,89568.9707,0.183382155,79169,CBA
Thunnus_albacares-Pacific_Southeast,Thunnus albacares,Yellowfin tuna,"Tunas, bonitos, billfishes",Pacific Southeast,0.663236017,0.829775861,0.97829289,1.167042665,1.493759513,0.22671715,1.008915985,648325.7151,2010,0.36676431,1012888,89568.9707,0.183382155,72264,CBA
Thunnus_albacares-Pacific_Southeast,Thunnus albacares,Yellowfin tuna,"Tunas, bonitos, billfishes",Pacific Southeast,0.685223379,0.858102759,1.016653113,1.217156021,1.524311427,0.232075459,1.045904581,648325.7151,2011,0.36676431,1012888,89568.9707,0.183382155,68453,CBA
Thunnus_albacares-Pacific_Southeast,Thunnus albacares,Yellowfin tuna,"Tunas, bonitos, billfishes",Pacific Southeast,0.700814794,0.886365998,1.053843457,1.25158205,1.530197912,0.232177895,1.076099179,648325.7151,2012,0.36676431,1012888,89568.9707,0.183382155,68774,CBA
Thunnus_albacares-Pacific_Southeast,Thunnus albacares,Yellowfin tuna,"Tunas, bonitos, billfishes",Pacific Southeast,0.725950507,0.923741343,1.105903167,1.290677069,1.561576397,0.233519721,1.111954468,648325.7151,2013,0.36676431,1012888,89568.9707,0.183382155,66153,CBA
Thunnus_albacares-Pacific_Southeast,Thunnus albacares,Yellowfin tuna,"Tunas, bonitos, billfishes",Pacific Southeast,0.733100003,0.920751496,1.11014042,1.297292372,1.538004749,0.231161433,1.112150154,648325.7151,2014,0.36676431,1012888,89568.9707,0.183382155,82771,CBA
Thunnus_albacares-Pacific_Southeast,Thunnus albacares,Yellowfin tuna,"Tunas, bonitos, billfishes",Pacific Southeast,0.686316777,0.880275781,1.077434684,1.273438004,1.463324578,0.230989083,1.072577536,648325.7151,2015,0.36676431,1012888,89568.9707,0.183382155,101515,CBA
Thunnus_albacares-Pacific_Southeast,Thunnus albacares,Yellowfin tuna,"Tunas, bonitos, billfishes",Pacific Southeast,0.619009764,0.837355318,1.042652916,1.223020095,1.378599287,0.230081133,1.023796429,648325.7151,2016,0.36676431,1012888,89568.9707,0.183382155,106101,CBA
Thunnus_albacares-Pacific_Southwest,Thunnus albacares,Yellowfin tuna,"Tunas, bonitos, billfishes",Pacific Southwest,NA,NA,NA,NA,NA,NA,NA,NA,NA,NA,NA,NA,NA,NA,CBA
Thunnus_albacares-Pacific_Western Central,Thunnus albacares,Yellowfin tuna,"Tunas, bonitos, billfishes",Pacific Western Central,1.052955392,1.271557277,1.421979399,1.609089473,1.880729164,0.225285827,1.438621358,2955239.331,1950,0.394012526,4587891.048,441796.9014,0.197006263,8919,CBA
Thunnus_albacares-Pacific_Western Central,Thunnus albacares,Yellowfin tuna,"Tunas, bonitos, billfishes",Pacific Western Central,1.177832167,1.424015509,1.570751096,1.714545032,1.919443381,0.200195669,1.567288429,2955239.331,1951,0.394012526,4587891.048,441796.9014,0.197006263,9395,CBA
Thunnus_albacares-Pacific_Western Central,Thunnus albacares,Yellowfin tuna,"Tunas, bonitos, billfishes",Pacific Western Central,1.296773264,1.555121862,1.677231784,1.804481396,1.962482591,0.172705604,1.670964817,2955239.331,1952,0.394012526,4587891.048,441796.9014,0.197006263,9901,CBA
Thunnus_albacares-Pacific_Western Central,Thunnus albacares,Yellowfin tuna,"Tunas, bonitos, billfishes",Pacific Western Central,1.396565497,1.651040504,1.752194079,1.852035886,1.975427236,0.15106505,1.741063906,2955239.331,1953,0.394012526,4587891.048,441796.9014,0.197006263,10440,CBA
Thunnus_albacares-Pacific_Western Central,Thunnus albacares,Yellowfin tuna,"Tunas, bonitos, billfishes",Pacific Western Central,1.479437324,1.706354577,1.797114085,1.877201912,1.979377628,0.129213822,1.782126646,2955239.331,1954,0.394012526,4587891.048,441796.9014,0.197006263,11013,CBA
Thunnus_albacares-Pacific_Western Central,Thunnus albacares,Yellowfin tuna,"Tunas, bonitos, billfishes",Pacific Western Central,1.554540474,1.731556376,1.829383246,1.894988665,1.981080902,0.114016458,1.808827872,2955239.331,1955,0.394012526,4587891.048,441796.9014,0.197006263,11624,CBA
Thunnus_albacares-Pacific_Western Central,Thunnus albacares,Yellowfin tuna,"Tunas, bonitos, billfishes",Pacific Western Central,1.598350331,1.766402334,1.844538794,1.907315371,1.986385585,0.102958172,1.831156061,2955239.331,1956,0.394012526,4587891.048,441796.9014,0.197006263,12274,CBA
Thunnus_albacares-Pacific_Western Central,Thunnus albacares,Yellowfin tuna,"Tunas, bonitos, billfishes",Pacific Western Central,1.64387329,1.782583622,1.849720185,1.916137341,1.986002798,0.094696053,1.841705271,2955239.331,1957,0.394012526,4587891.048,441796.9014,0.197006263,12967,CBA
Thunnus_albacares-Pacific_Western Central,Thunnus albacares,Yellowfin tuna,"Tunas, bonitos, billfishes",Pacific Western Central,1.658294376,1.786108257,1.848463552,1.909604187,1.985890594,0.089074368,1.842183249,2955239.331,1958,0.394012526,4587891.048,441796.9014,0.197006263,13705,CBA
Thunnus_albacares-Pacific_Western Central,Thunnus albacares,Yellowfin tuna,"Tunas, bonitos, billfishes",Pacific Western Central,1.659337296,1.786509268,1.858242018,1.912004975,1.990328926,0.089331745,1.847315433,2955239.331,1959,0.394012526,4587891.048,441796.9014,0.197006263,14495,CBA
Thunnus_albacares-Pacific_Western Central,Thunnus albacares,Yellowfin tuna,"Tunas, bonitos, billfishes",Pacific Western Central,1.667385459,1.783423369,1.855290448,1.913364559,1.983660693,0.087550136,1.845908744,2955239.331,1960,0.394012526,4587891.048,441796.9014,0.197006263,15337,CBA
Thunnus_albacares-Pacific_Western Central,Thunnus albacares,Yellowfin tuna,"Tunas, bonitos, billfishes",Pacific Western Central,1.658933879,1.786690904,1.844561532,1.906963815,1.983312137,0.084996427,1.84399742,2955239.331,1961,0.394012526,4587891.048,441796.9014,0.197006263,16236,CBA
Thunnus_albacares-Pacific_Western Central,Thunnus albacares,Yellowfin tuna,"Tunas, bonitos, billfishes",Pacific Western Central,1.662541549,1.781029058,1.851839982,1.911372022,1.985974256,0.087144611,1.844693364,2955239.331,1962,0.394012526,4587891.048,441796.9014,0.197006263,17197,CBA
Thunnus_albacares-Pacific_Western Central,Thunnus albacares,Yellowfin tuna,"Tunas, bonitos, billfishes",Pacific Western Central,1.6578792,1.786563507,1.847785552,1.91309187,1.983404326,0.085434096,1.845429604,2955239.331,1963,0.394012526,4587891.048,441796.9014,0.197006263,18223,CBA
Thunnus_albacares-Pacific_Western Central,Thunnus albacares,Yellowfin tuna,"Tunas, bonitos, billfishes",Pacific Western Central,1.672175009,1.789766705,1.85151981,1.91378899,1.98266044,0.085190003,1.846698978,2955239.331,1964,0.394012526,4587891.048,441796.9014,0.197006263,19460,CBA
Thunnus_albacares-Pacific_Western Central,Thunnus albacares,Yellowfin tuna,"Tunas, bonitos, billfishes",Pacific Western Central,1.655205948,1.788686308,1.851941355,1.918360078,1.990621455,0.08823768,1.84653705,2955239.331,1965,0.394012526,4587891.048,441796.9014,0.197006263,20665,CBA
Thunnus_albacares-Pacific_Western Central,Thunnus albacares,Yellowfin tuna,"Tunas, bonitos, billfishes",Pacific Western Central,1.64719192,1.785747607,1.850132643,1.915556218,1.987811943,0.090634325,1.843615196,2955239.331,1966,0.394012526,4587891.048,441796.9014,0.197006263,23018,CBA
Thunnus_albacares-Pacific_Western Central,Thunnus albacares,Yellowfin tuna,"Tunas, bonitos, billfishes",Pacific Western Central,1.637707041,1.780555052,1.846693858,1.911679978,1.990216069,0.092576408,1.839700211,2955239.331,1967,0.394012526,4587891.048,441796.9014,0.197006263,23943,CBA
Thunnus_albacares-Pacific_Western Central,Thunnus albacares,Yellowfin tuna,"Tunas, bonitos, billfishes",Pacific Western Central,1.627033317,1.780543325,1.852166394,1.907751684,1.988618605,0.091857921,1.839839549,2955239.331,1968,0.394012526,4587891.048,441796.9014,0.197006263,28548,CBA
Thunnus_albacares-Pacific_Western Central,Thunnus albacares,Yellowfin tuna,"Tunas, bonitos, billfishes",Pacific Western Central,1.642755105,1.781541898,1.853003981,1.909584836,1.987222723,0.089075835,1.843641337,2955239.331,1969,0.394012526,4587891.048,441796.9014,0.197006263,29807,CBA
Thunnus_albacares-Pacific_Western Central,Thunnus albacares,Yellowfin tuna,"Tunas, bonitos, billfishes",Pacific Western Central,1.645840513,1.76527204,1.83267496,1.899608899,1.982821528,0.091695265,1.828497067,2955239.331,1970,0.394012526,4587891.048,441796.9014,0.197006263,55529,CBA
Thunnus_albacares-Pacific_Western Central,Thunnus albacares,Yellowfin tuna,"Tunas, bonitos, billfishes",Pacific Western Central,1.610640977,1.761102343,1.832308372,1.900723025,1.987309655,0.097589885,1.824236016,2955239.331,1971,0.394012526,4587891.048,441796.9014,0.197006263,65255,CBA
Thunnus_albacares-Pacific_Western Central,Thunnus albacares,Yellowfin tuna,"Tunas, bonitos, billfishes",Pacific Western Central,1.634711163,1.762159558,1.829832012,1.895576792,1.979812405,0.093095954,1.82506279,2955239.331,1972,0.394012526,4587891.048,441796.9014,0.197006263,69601,CBA
Thunnus_albacares-Pacific_Western Central,Thunnus albacares,Yellowfin tuna,"Tunas, bonitos, billfishes",Pacific Western Central,1.615033959,1.754489977,1.826616322,1.8933471,1.985737263,0.097748291,1.819294436,2955239.331,1973,0.394012526,4587891.048,441796.9014,0.197006263,81878,CBA
Thunnus_albacares-Pacific_Western Central,Thunnus albacares,Yellowfin tuna,"Tunas, bonitos, billfishes",Pacific Western Central,1.610221653,1.752191226,1.822992304,1.885567684,1.987263025,0.100320464,1.816553854,2955239.331,1974,0.394012526,4587891.048,441796.9014,0.197006263,90307,CBA
Thunnus_albacares-Pacific_Western Central,Thunnus albacares,Yellowfin tuna,"Tunas, bonitos, billfishes",Pacific Western Central,1.599048139,1.747724921,1.816074775,1.884449665,1.976182492,0.100231219,1.811020202,2955239.331,1975,0.394012526,4587891.048,441796.9014,0.197006263,93797,CBA
Thunnus_albacares-Pacific_Western Central,Thunnus albacares,Yellowfin tuna,"Tunas, bonitos, billfishes",Pacific Western Central,1.620080943,1.756357447,1.818973716,1.881982867,1.977750688,0.092463123,1.813899849,2955239.331,1976,0.394012526,4587891.048,441796.9014,0.197006263,98818,CBA
Thunnus_albacares-Pacific_Western Central,Thunnus albacares,Yellowfin tuna,"Tunas, bonitos, billfishes",Pacific Western Central,1.591392441,1.73434529,1.813425923,1.886954918,1.980845308,0.104213169,1.80742052,2955239.331,1977,0.394012526,4587891.048,441796.9014,0.197006263,130690,CBA
Thunnus_albacares-Pacific_Western Central,Thunnus albacares,Yellowfin tuna,"Tunas, bonitos, billfishes",Pacific Western Central,1.593241184,1.72614166,1.805333551,1.869640184,1.972004754,0.101130864,1.797847897,2955239.331,1978,0.394012526,4587891.048,441796.9014,0.197006263,128763,CBA
Thunnus_albacares-Pacific_Western Central,Thunnus albacares,Yellowfin tuna,"Tunas, bonitos, billfishes",Pacific Western Central,1.581706996,1.728168577,1.792076651,1.866329435,1.967301263,0.100651439,1.790589226,2955239.331,1979,0.394012526,4587891.048,441796.9014,0.197006263,126224,CBA
Thunnus_albacares-Pacific_Western Central,Thunnus albacares,Yellowfin tuna,"Tunas, bonitos, billfishes",Pacific Western Central,1.561141323,1.71675691,1.793285995,1.86790328,1.967151257,0.107590824,1.786434417,2955239.331,1980,0.394012526,4587891.048,441796.9014,0.197006263,150343,CBA
Thunnus_albacares-Pacific_Western Central,Thunnus albacares,Yellowfin tuna,"Tunas, bonitos, billfishes",Pacific Western Central,1.533998166,1.694302391,1.774336653,1.850234603,1.968679922,0.113055983,1.769750199,2955239.331,1981,0.394012526,4587891.048,441796.9014,0.197006263,175645,CBA
Thunnus_albacares-Pacific_Western Central,Thunnus albacares,Yellowfin tuna,"Tunas, bonitos, billfishes",Pacific Western Central,1.559940812,1.686550324,1.768015277,1.838944685,1.960768381,0.109177232,1.761995238,2955239.331,1982,0.394012526,4587891.048,441796.9014,0.197006263,164820,CBA
Thunnus_albacares-Pacific_Western Central,Thunnus albacares,Yellowfin tuna,"Tunas, bonitos, billfishes",Pacific Western Central,1.538601306,1.666914974,1.739707154,1.816239314,1.947987134,0.107967116,1.742002324,2955239.331,1983,0.394012526,4587891.048,441796.9014,0.197006263,207697,CBA
Thunnus_albacares-Pacific_Western Central,Thunnus albacares,Yellowfin tuna,"Tunas, bonitos, billfishes",Pacific Western Central,1.515303175,1.657845263,1.732704517,1.813788343,1.945704957,0.115336241,1.732470703,2955239.331,1984,0.394012526,4587891.048,441796.9014,0.197006263,197655,CBA
Thunnus_albacares-Pacific_Western Central,Thunnus albacares,Yellowfin tuna,"Tunas, bonitos, billfishes",Pacific Western Central,1.511219875,1.660290703,1.729987622,1.819869723,1.944206174,0.115342245,1.734562216,2955239.331,1985,0.394012526,4587891.048,441796.9014,0.197006263,178413,CBA
Thunnus_albacares-Pacific_Western Central,Thunnus albacares,Yellowfin tuna,"Tunas, bonitos, billfishes",Pacific Western Central,1.495776588,1.637303381,1.728394322,1.815513903,1.956382012,0.121982172,1.724694664,2955239.331,1986,0.394012526,4587891.048,441796.9014,0.197006263,218527,CBA
Thunnus_albacares-Pacific_Western Central,Thunnus albacares,Yellowfin tuna,"Tunas, bonitos, billfishes",Pacific Western Central,1.447638359,1.606626258,1.698130831,1.774068019,1.911842089,0.11963357,1.69136255,2955239.331,1987,0.394012526,4587891.048,441796.9014,0.197006263,275746,CBA
Thunnus_albacares-Pacific_Western Central,Thunnus albacares,Yellowfin tuna,"Tunas, bonitos, billfishes",Pacific Western Central,1.475646297,1.616271969,1.696013483,1.774688196,1.931817987,0.119131229,1.698151413,2955239.331,1988,0.394012526,4587891.048,441796.9014,0.197006263,222993,CBA
Thunnus_albacares-Pacific_Western Central,Thunnus albacares,Yellowfin tuna,"Tunas, bonitos, billfishes",Pacific Western Central,1.452409564,1.600348929,1.673067027,1.753640985,1.901360365,0.116243878,1.674605885,2955239.331,1989,0.394012526,4587891.048,441796.9014,0.197006263,281429,CBA
Thunnus_albacares-Pacific_Western Central,Thunnus albacares,Yellowfin tuna,"Tunas, bonitos, billfishes",Pacific Western Central,1.423892786,1.567620469,1.644465317,1.735156672,1.891050312,0.121173569,1.648783549,2955239.331,1990,0.394012526,4587891.048,441796.9014,0.197006263,299420,CBA
Thunnus_albacares-Pacific_Western Central,Thunnus albacares,Yellowfin tuna,"Tunas, bonitos, billfishes",Pacific Western Central,1.372178222,1.541825997,1.612674742,1.706225633,1.868136978,0.126365349,1.618791056,2955239.331,1991,0.394012526,4587891.048,441796.9014,0.197006263,323681,CBA
Thunnus_albacares-Pacific_Western Central,Thunnus albacares,Yellowfin tuna,"Tunas, bonitos, billfishes",Pacific Western Central,1.346903908,1.494513912,1.58312584,1.668583329,1.827496432,0.125337766,1.582369007,2955239.331,1992,0.394012526,4587891.048,441796.9014,0.197006263,339399,CBA
Thunnus_albacares-Pacific_Western Central,Thunnus albacares,Yellowfin tuna,"Tunas, bonitos, billfishes",Pacific Western Central,1.327650342,1.482768014,1.557829845,1.645987257,1.828841985,0.125208616,1.563269965,2955239.331,1993,0.394012526,4587891.048,441796.9014,0.197006263,328426,CBA
Thunnus_albacares-Pacific_Western Central,Thunnus albacares,Yellowfin tuna,"Tunas, bonitos, billfishes",Pacific Western Central,1.293537389,1.430997036,1.523515351,1.612229577,1.784383441,0.126375729,1.52571419,2955239.331,1994,0.394012526,4587891.048,441796.9014,0.197006263,388747,CBA
Thunnus_albacares-Pacific_Western Central,Thunnus albacares,Yellowfin tuna,"Tunas, bonitos, billfishes",Pacific Western Central,1.285576803,1.425435601,1.510996372,1.601511031,1.770205255,0.126234607,1.515644578,2955239.331,1995,0.394012526,4587891.048,441796.9014,0.197006263,346746,CBA
Thunnus_albacares-Pacific_Western Central,Thunnus albacares,Yellowfin tuna,"Tunas, bonitos, billfishes",Pacific Western Central,1.289777784,1.423349606,1.519077194,1.60438316,1.764149713,0.124408974,1.51456698,2955239.331,1996,0.394012526,4587891.048,441796.9014,0.197006263,332058,CBA
Thunnus_albacares-Pacific_Western Central,Thunnus albacares,Yellowfin tuna,"Tunas, bonitos, billfishes",Pacific Western Central,1.233325867,1.378113147,1.466659141,1.559787017,1.697734641,0.126924446,1.470999475,2955239.331,1997,0.394012526,4587891.048,441796.9014,0.197006263,430999,CBA
Thunnus_albacares-Pacific_Western Central,Thunnus albacares,Yellowfin tuna,"Tunas, bonitos, billfishes",Pacific Western Central,1.174605943,1.319991573,1.406780908,1.497521792,1.683110917,0.129244679,1.410508814,2955239.331,1998,0.394012526,4587891.048,441796.9014,0.197006263,485492,CBA
Thunnus_albacares-Pacific_Western Central,Thunnus albacares,Yellowfin tuna,"Tunas, bonitos, billfishes",Pacific Western Central,1.147191978,1.293261636,1.380261475,1.471372904,1.624091071,0.129376517,1.386184852,2955239.331,1999,0.394012526,4587891.048,441796.9014,0.197006263,427331,CBA
Thunnus_albacares-Pacific_Western Central,Thunnus albacares,Yellowfin tuna,"Tunas, bonitos, billfishes",Pacific Western Central,1.099490524,1.259946485,1.341585551,1.441182916,1.627225463,0.135730191,1.349149109,2955239.331,2000,0.394012526,4587891.048,441796.9014,0.197006263,462564,CBA
Thunnus_albacares-Pacific_Western Central,Thunnus albacares,Yellowfin tuna,"Tunas, bonitos, billfishes",Pacific Western Central,1.074711643,1.216848995,1.317703337,1.414140236,1.592161972,0.138675169,1.316906689,2955239.331,2001,0.394012526,4587891.048,441796.9014,0.197006263,466596,CBA
Thunnus_albacares-Pacific_Western Central,Thunnus albacares,Yellowfin tuna,"Tunas, bonitos, billfishes",Pacific Western Central,1.053932701,1.197616892,1.292694241,1.399247931,1.61459169,0.144285925,1.303587765,2955239.331,2002,0.394012526,4587891.048,441796.9014,0.197006263,440236,CBA
Thunnus_albacares-Pacific_Western Central,Thunnus albacares,Yellowfin tuna,"Tunas, bonitos, billfishes",Pacific Western Central,1.036431018,1.172082187,1.278029707,1.371272993,1.591655637,0.144741011,1.279709703,2955239.331,2003,0.394012526,4587891.048,441796.9014,0.197006263,451311,CBA
Thunnus_albacares-Pacific_Western Central,Thunnus albacares,Yellowfin tuna,"Tunas, bonitos, billfishes",Pacific Western Central,1.021011749,1.149820806,1.245848668,1.352487929,1.556281468,0.144812159,1.256291235,2955239.331,2004,0.394012526,4587891.048,441796.9014,0.197006263,465848,CBA
Thunnus_albacares-Pacific_Western Central,Thunnus albacares,Yellowfin tuna,"Tunas, bonitos, billfishes",Pacific Western Central,0.991029265,1.135029465,1.232610956,1.344021816,1.546451253,0.1470889,1.242073647,2955239.331,2005,0.394012526,4587891.048,441796.9014,0.197006263,447391,CBA
Thunnus_albacares-Pacific_Western Central,Thunnus albacares,Yellowfin tuna,"Tunas, bonitos, billfishes",Pacific Western Central,0.987126783,1.139105425,1.233923361,1.351485643,1.578374119,0.154003604,1.24920611,2955239.331,2006,0.394012526,4587891.048,441796.9014,0.197006263,407619,CBA
Thunnus_albacares-Pacific_Western Central,Thunnus albacares,Yellowfin tuna,"Tunas, bonitos, billfishes",Pacific Western Central,0.981821679,1.128624663,1.234332144,1.347010958,1.566470307,0.156777526,1.245662344,2955239.331,2007,0.394012526,4587891.048,441796.9014,0.197006263,429438,CBA
Thunnus_albacares-Pacific_Western Central,Thunnus albacares,Yellowfin tuna,"Tunas, bonitos, billfishes",Pacific Western Central,0.938422541,1.089241577,1.201422017,1.310128463,1.555320623,0.16300509,1.208591025,2955239.331,2008,0.394012526,4587891.048,441796.9014,0.197006263,496481,CBA
Thunnus_albacares-Pacific_Western Central,Thunnus albacares,Yellowfin tuna,"Tunas, bonitos, billfishes",Pacific Western Central,0.913205836,1.077107419,1.188992605,1.311057943,1.558003983,0.168032634,1.199481827,2955239.331,2009,0.394012526,4587891.048,441796.9014,0.197006263,431877,CBA
Thunnus_albacares-Pacific_Western Central,Thunnus albacares,Yellowfin tuna,"Tunas, bonitos, billfishes",Pacific Western Central,0.897201786,1.05274642,1.168142063,1.288164272,1.551411229,0.169853188,1.180392386,2955239.331,2010,0.394012526,4587891.048,441796.9014,0.197006263,468867,CBA
Thunnus_albacares-Pacific_Western Central,Thunnus albacares,Yellowfin tuna,"Tunas, bonitos, billfishes",Pacific Western Central,0.890963877,1.049372568,1.163143907,1.303962638,1.543137674,0.176674404,1.181339504,2955239.331,2011,0.394012526,4587891.048,441796.9014,0.197006263,430317,CBA
Thunnus_albacares-Pacific_Western Central,Thunnus albacares,Yellowfin tuna,"Tunas, bonitos, billfishes",Pacific Western Central,0.839691335,0.994016442,1.121582001,1.255098016,1.520824078,0.178267393,1.134323573,2955239.331,2012,0.394012526,4587891.048,441796.9014,0.197006263,521347,CBA
Thunnus_albacares-Pacific_Western Central,Thunnus albacares,Yellowfin tuna,"Tunas, bonitos, billfishes",Pacific Western Central,0.815875135,0.966550046,1.104632257,1.234553323,1.50075533,0.184962266,1.114048976,2955239.331,2013,0.394012526,4587891.048,441796.9014,0.197006263,473334,CBA
Thunnus_albacares-Pacific_Western Central,Thunnus albacares,Yellowfin tuna,"Tunas, bonitos, billfishes",Pacific Western Central,0.768135555,0.920076599,1.056381941,1.203587497,1.463802633,0.191266588,1.068763211,2955239.331,2014,0.394012526,4587891.048,441796.9014,0.197006263,526017,CBA
Thunnus_albacares-Pacific_Western Central,Thunnus albacares,Yellowfin tuna,"Tunas, bonitos, billfishes",Pacific Western Central,0.716072601,0.865704201,1.016500792,1.174123032,1.414852867,0.201153137,1.028763618,2955239.331,2015,0.394012526,4587891.048,441796.9014,0.197006263,523575,CBA
Thunnus_albacares-Pacific_Western Central,Thunnus albacares,Yellowfin tuna,"Tunas, bonitos, billfishes",Pacific Western Central,0.620459201,0.786689725,0.938439351,1.108568718,1.358202312,0.212798775,0.953655723,2955239.331,2016,0.394012526,4587891.048,441796.9014,0.197006263,588090,CBA
Thunnus_maccoyii-Atlantic_Southeast,Thunnus maccoyii,Southern bluefin tuna,"Tunas, bonitos, billfishes",Atlantic Southeast,0.996525389,1.249490772,1.43051165,1.604963572,1.885609854,0.238037456,1.429568887,55217.46806,1963,0.133017833,79412.03022,2571.705173,0.066508916,723,CBA
Thunnus_maccoyii-Atlantic_Southeast,Thunnus maccoyii,Southern bluefin tuna,"Tunas, bonitos, billfishes",Atlantic Southeast,1.052988168,1.307947572,1.476172348,1.638805922,1.882561642,0.223930391,1.472438842,55217.46806,1964,0.133017833,79412.03022,2571.705173,0.066508916,276,CBA
Thunnus_maccoyii-Atlantic_Southeast,Thunnus maccoyii,Southern bluefin tuna,"Tunas, bonitos, billfishes",Atlantic Southeast,1.112289653,1.370348927,1.527814147,1.675660478,1.908392553,0.21133594,1.52053424,55217.46806,1965,0.133017833,79412.03022,2571.705173,0.066508916,61,CBA
Thunnus_maccoyii-Atlantic_Southeast,Thunnus maccoyii,Southern bluefin tuna,"Tunas, bonitos, billfishes",Atlantic Southeast,1.160374041,1.416856657,1.572163401,1.710372201,1.916954263,0.199443808,1.559161591,55217.46806,1966,0.133017833,79412.03022,2571.705173,0.066508916,339,CBA
Thunnus_maccoyii-Atlantic_Southeast,Thunnus maccoyii,Southern bluefin tuna,"Tunas, bonitos, billfishes",Atlantic Southeast,1.219905819,1.472284326,1.615733728,1.748558729,1.927392845,0.187575435,1.604026467,55217.46806,1967,0.133017833,79412.03022,2571.705173,0.066508916,64,CBA
Thunnus_maccoyii-Atlantic_Southeast,Thunnus maccoyii,Southern bluefin tuna,"Tunas, bonitos, billfishes",Atlantic Southeast,1.2818131,1.518788874,1.658938242,1.783340047,1.944663875,0.17785962,1.645018529,55217.46806,1968,0.133017833,79412.03022,2571.705173,0.066508916,78,CBA
Thunnus_maccoyii-Atlantic_Southeast,Thunnus maccoyii,Southern bluefin tuna,"Tunas, bonitos, billfishes",Atlantic Southeast,1.319768713,1.552981346,1.685916614,1.803031276,1.95743759,0.172576862,1.673357849,55217.46806,1969,0.133017833,79412.03022,2571.705173,0.066508916,504,CBA
Thunnus_maccoyii-Atlantic_Southeast,Thunnus maccoyii,Southern bluefin tuna,"Tunas, bonitos, billfishes",Atlantic Southeast,1.282630122,1.499510488,1.626562071,1.739554015,1.915174806,0.166904889,1.616531162,55217.46806,1970,0.133017833,79412.03022,2571.705173,0.066508916,4003,CBA
Thunnus_maccoyii-Atlantic_Southeast,Thunnus maccoyii,Southern bluefin tuna,"Tunas, bonitos, billfishes",Atlantic Southeast,1.281000423,1.504017383,1.62093391,1.733882112,1.91991406,0.16441105,1.61555,55217.46806,1971,0.133017833,79412.03022,2571.705173,0.066508916,2055,CBA
Thunnus_maccoyii-Atlantic_Southeast,Thunnus maccoyii,Southern bluefin tuna,"Tunas, bonitos, billfishes",Atlantic Southeast,1.236112304,1.447163957,1.562932479,1.674074972,1.867212735,0.162003503,1.559390934,55217.46806,1972,0.133017833,79412.03022,2571.705173,0.066508916,4325,CBA
Thunnus_maccoyii-Atlantic_Southeast,Thunnus maccoyii,Southern bluefin tuna,"Tunas, bonitos, billfishes",Atlantic Southeast,1.227676881,1.435255845,1.5486007,1.661872625,1.865131523,0.161873094,1.54841364,55217.46806,1973,0.133017833,79412.03022,2571.705173,0.066508916,2677,CBA
Thunnus_maccoyii-Atlantic_Southeast,Thunnus maccoyii,Southern bluefin tuna,"Tunas, bonitos, billfishes",Atlantic Southeast,1.238663104,1.427843726,1.537427338,1.654520818,1.864038321,0.160229848,1.54211353,55217.46806,1974,0.133017833,79412.03022,2571.705173,0.066508916,2620,CBA
Thunnus_maccoyii-Atlantic_Southeast,Thunnus maccoyii,Southern bluefin tuna,"Tunas, bonitos, billfishes",Atlantic Southeast,1.246370049,1.431915956,1.538153388,1.644759525,1.865255678,0.157380419,1.542294781,55217.46806,1975,0.133017833,79412.03022,2571.705173,0.066508916,2418,CBA
Thunnus_maccoyii-Atlantic_Southeast,Thunnus maccoyii,Southern bluefin tuna,"Tunas, bonitos, billfishes",Atlantic Southeast,1.203621438,1.372514661,1.475743959,1.577076446,1.796138004,0.152313282,1.478984962,55217.46806,1976,0.133017833,79412.03022,2571.705173,0.066508916,4920,CBA
Thunnus_maccoyii-Atlantic_Southeast,Thunnus maccoyii,Southern bluefin tuna,"Tunas, bonitos, billfishes",Atlantic Southeast,1.083437657,1.227967851,1.318120567,1.414563895,1.619793991,0.138833082,1.326463834,55217.46806,1977,0.133017833,79412.03022,2571.705173,0.066508916,8459,CBA
Thunnus_maccoyii-Atlantic_Southeast,Thunnus maccoyii,Southern bluefin tuna,"Tunas, bonitos, billfishes",Atlantic Southeast,0.91378893,1.044294031,1.122141061,1.207851471,1.412244426,0.12640987,1.132520432,55217.46806,1978,0.133017833,79412.03022,2571.705173,0.066508916,10204,CBA
Thunnus_maccoyii-Atlantic_Southeast,Thunnus maccoyii,Southern bluefin tuna,"Tunas, bonitos, billfishes",Atlantic Southeast,0.698378646,0.804014239,0.874483312,0.957818152,1.15297435,0.116853424,0.889719279,55217.46806,1979,0.133017833,79412.03022,2571.705173,0.066508916,12242,CBA
Thunnus_maccoyii-Atlantic_Southeast,Thunnus maccoyii,Southern bluefin tuna,"Tunas, bonitos, billfishes",Atlantic Southeast,0.568361773,0.657968199,0.721105584,0.802958286,0.994364123,0.11017783,0.73831262,55217.46806,1980,0.133017833,79412.03022,2571.705173,0.066508916,8608,CBA
Thunnus_maccoyii-Atlantic_Southeast,Thunnus maccoyii,Southern bluefin tuna,"Tunas, bonitos, billfishes",Atlantic Southeast,0.471587663,0.550539032,0.608807639,0.685436848,0.872001548,0.104657838,0.626418465,55217.46806,1981,0.133017833,79412.03022,2571.705173,0.066508916,6784,CBA
Thunnus_maccoyii-Atlantic_Southeast,Thunnus maccoyii,Southern bluefin tuna,"Tunas, bonitos, billfishes",Atlantic Southeast,0.398292506,0.47364812,0.527395519,0.602163103,0.785858106,0.100211272,0.545050399,55217.46806,1982,0.133017833,79412.03022,2571.705173,0.066508916,5369,CBA
Thunnus_maccoyii-Atlantic_Southeast,Thunnus maccoyii,Southern bluefin tuna,"Tunas, bonitos, billfishes",Atlantic Southeast,0.343521347,0.406709268,0.458603033,0.530049504,0.714463548,0.097828755,0.477942626,55217.46806,1983,0.133017833,79412.03022,2571.705173,0.066508916,4629,CBA
Thunnus_maccoyii-Atlantic_Southeast,Thunnus maccoyii,Southern bluefin tuna,"Tunas, bonitos, billfishes",Atlantic Southeast,0.259035394,0.319105117,0.370872363,0.442395081,0.619473017,0.097165883,0.390661999,55217.46806,1984,0.133017833,79412.03022,2571.705173,0.066508916,5224,CBA
Thunnus_maccoyii-Atlantic_Southeast,Thunnus maccoyii,Southern bluefin tuna,"Tunas, bonitos, billfishes",Atlantic Southeast,0.202327625,0.263204979,0.316200407,0.385372616,0.56538654,0.09769182,0.334991416,55217.46806,1985,0.133017833,79412.03022,2571.705173,0.066508916,3733,CBA
Thunnus_maccoyii-Atlantic_Southeast,Thunnus maccoyii,Southern bluefin tuna,"Tunas, bonitos, billfishes",Atlantic Southeast,0.166161427,0.230323571,0.285156561,0.355650987,0.535291246,0.098568797,0.303467603,55217.46806,1986,0.133017833,79412.03022,2571.705173,0.066508916,2557,CBA
Thunnus_maccoyii-Atlantic_Southeast,Thunnus maccoyii,Southern bluefin tuna,"Tunas, bonitos, billfishes",Atlantic Southeast,0.168383072,0.233007726,0.287732032,0.356416602,0.546169377,0.098692786,0.305200088,55217.46806,1987,0.133017833,79412.03022,2571.705173,0.066508916,1130,CBA
Thunnus_maccoyii-Atlantic_Southeast,Thunnus maccoyii,Southern bluefin tuna,"Tunas, bonitos, billfishes",Atlantic Southeast,0.185825528,0.249240519,0.305514298,0.37326499,0.563755992,0.098941278,0.322370247,55217.46806,1988,0.133017833,79412.03022,2571.705173,0.066508916,555,CBA
Thunnus_maccoyii-Atlantic_Southeast,Thunnus maccoyii,Southern bluefin tuna,"Tunas, bonitos, billfishes",Atlantic Southeast,0.20394831,0.266392035,0.322100354,0.388429055,0.576996651,0.098634165,0.339057718,55217.46806,1989,0.133017833,79412.03022,2571.705173,0.066508916,626,CBA
Thunnus_maccoyii-Atlantic_Southeast,Thunnus maccoyii,Southern bluefin tuna,"Tunas, bonitos, billfishes",Atlantic Southeast,0.20890926,0.268045538,0.32463367,0.39299665,0.58663168,0.098562753,0.341753536,55217.46806,1990,0.133017833,79412.03022,2571.705173,0.066508916,1229,CBA
Thunnus_maccoyii-Atlantic_Southeast,Thunnus maccoyii,Southern bluefin tuna,"Tunas, bonitos, billfishes",Atlantic Southeast,0.213041204,0.269233736,0.324485716,0.392948137,0.585051013,0.097473057,0.342140983,55217.46806,1991,0.133017833,79412.03022,2571.705173,0.066508916,1337,CBA
Thunnus_maccoyii-Atlantic_Southeast,Thunnus maccoyii,Southern bluefin tuna,"Tunas, bonitos, billfishes",Atlantic Southeast,0.177149899,0.234437505,0.290136358,0.359132659,0.551140953,0.097991051,0.308054359,55217.46806,1992,0.133017833,79412.03022,2571.705173,0.066508916,2683,CBA
Thunnus_maccoyii-Atlantic_Southeast,Thunnus maccoyii,Southern bluefin tuna,"Tunas, bonitos, billfishes",Atlantic Southeast,0.159993338,0.217815486,0.274621855,0.345253965,0.537328161,0.099154949,0.293076333,55217.46806,1993,0.133017833,79412.03022,2571.705173,0.066508916,1807,CBA
Thunnus_maccoyii-Atlantic_Southeast,Thunnus maccoyii,Southern bluefin tuna,"Tunas, bonitos, billfishes",Atlantic Southeast,0.169685718,0.228037229,0.283001037,0.355330183,0.557172006,0.100955006,0.303298273,55217.46806,1994,0.133017833,79412.03022,2571.705173,0.066508916,781,CBA
Thunnus_maccoyii-Atlantic_Southeast,Thunnus maccoyii,Southern bluefin tuna,"Tunas, bonitos, billfishes",Atlantic Southeast,0.155593952,0.216693896,0.273164198,0.345247387,0.551899517,0.102953352,0.293077602,55217.46806,1995,0.133017833,79412.03022,2571.705173,0.066508916,1605,CBA
Thunnus_maccoyii-Atlantic_Southeast,Thunnus maccoyii,Southern bluefin tuna,"Tunas, bonitos, billfishes",Atlantic Southeast,0.146594349,0.211720225,0.266104311,0.340736312,0.549505294,0.104823893,0.288188118,55217.46806,1996,0.133017833,79412.03022,2571.705173,0.066508916,1358,CBA
Thunnus_maccoyii-Atlantic_Southeast,Thunnus maccoyii,Southern bluefin tuna,"Tunas, bonitos, billfishes",Atlantic Southeast,0.167141051,0.229442143,0.28593434,0.362062643,0.570134504,0.106132875,0.308024627,55217.46806,1997,0.133017833,79412.03022,2571.705173,0.066508916,350,CBA
Thunnus_maccoyii-Atlantic_Southeast,Thunnus maccoyii,Southern bluefin tuna,"Tunas, bonitos, billfishes",Atlantic Southeast,0.16704005,0.230003219,0.28762896,0.364874693,0.572859288,0.107763308,0.309658937,55217.46806,1998,0.133017833,79412.03022,2571.705173,0.066508916,1146,CBA
Thunnus_maccoyii-Atlantic_Southeast,Thunnus maccoyii,Southern bluefin tuna,"Tunas, bonitos, billfishes",Atlantic Southeast,0.167745655,0.230748163,0.287482556,0.369252963,0.582022243,0.109191801,0.311588617,55217.46806,1999,0.133017833,79412.03022,2571.705173,0.066508916,1133,CBA
Thunnus_maccoyii-Atlantic_Southeast,Thunnus maccoyii,Southern bluefin tuna,"Tunas, bonitos, billfishes",Atlantic Southeast,0.156707277,0.219191435,0.278940627,0.3659247,0.574793451,0.111821299,0.303471412,55217.46806,2000,0.133017833,79412.03022,2571.705173,0.066508916,1552,CBA
Thunnus_maccoyii-Atlantic_Southeast,Thunnus maccoyii,Southern bluefin tuna,"Tunas, bonitos, billfishes",Atlantic Southeast,0.169809482,0.235756163,0.297706602,0.38684414,0.59202361,0.114374135,0.322603947,55217.46806,2001,0.133017833,79412.03022,2571.705173,0.066508916,472,CBA
Thunnus_maccoyii-Atlantic_Southeast,Thunnus maccoyii,Southern bluefin tuna,"Tunas, bonitos, billfishes",Atlantic Southeast,0.164901126,0.231910753,0.29847163,0.389541474,0.593392688,0.116616291,0.322318139,55217.46806,2002,0.133017833,79412.03022,2571.705173,0.066508916,1264,CBA
Thunnus_maccoyii-Atlantic_Southeast,Thunnus maccoyii,Southern bluefin tuna,"Tunas, bonitos, billfishes",Atlantic Southeast,0.136825769,0.206091384,0.279649933,0.373365704,0.590371548,0.121727739,0.302603704,55217.46806,2003,0.133017833,79412.03022,2571.705173,0.066508916,2053,CBA
Thunnus_maccoyii-Atlantic_Southeast,Thunnus maccoyii,Southern bluefin tuna,"Tunas, bonitos, billfishes",Atlantic Southeast,0.133003709,0.208026406,0.287655347,0.38555476,0.598926795,0.126381307,0.308827106,55217.46806,2004,0.133017833,79412.03022,2571.705173,0.066508916,952,CBA
Thunnus_maccoyii-Atlantic_Southeast,Thunnus maccoyii,Southern bluefin tuna,"Tunas, bonitos, billfishes",Atlantic Southeast,0.102501393,0.185338994,0.269295012,0.373674512,0.592796503,0.132479763,0.290880072,55217.46806,2005,0.133017833,79412.03022,2571.705173,0.066508916,1919,CBA
Thunnus_maccoyii-Atlantic_Southeast,Thunnus maccoyii,Southern bluefin tuna,"Tunas, bonitos, billfishes",Atlantic Southeast,0.110664836,0.200606242,0.29078176,0.401654899,0.616232223,0.137473306,0.310878435,55217.46806,2006,0.133017833,79412.03022,2571.705173,0.066508916,343,CBA
Thunnus_maccoyii-Atlantic_Southeast,Thunnus maccoyii,Southern bluefin tuna,"Tunas, bonitos, billfishes",Atlantic Southeast,0.126953762,0.224280985,0.322205612,0.437590378,0.652515929,0.143621153,0.340083029,55217.46806,2007,0.133017833,79412.03022,2571.705173,0.066508916,73,CBA
Thunnus_maccoyii-Atlantic_Southeast,Thunnus maccoyii,Southern bluefin tuna,"Tunas, bonitos, billfishes",Atlantic Southeast,0.116500873,0.221774884,0.326886595,0.449439486,0.660232041,0.150366856,0.343455109,55217.46806,2008,0.133017833,79412.03022,2571.705173,0.066508916,1176,CBA
Thunnus_maccoyii-Atlantic_Southeast,Thunnus maccoyii,Southern bluefin tuna,"Tunas, bonitos, billfishes",Atlantic Southeast,0.120904826,0.236028469,0.352708,0.478865295,0.683304782,0.157017702,0.363982718,55217.46806,2009,0.133017833,79412.03022,2571.705173,0.066508916,509,CBA
Thunnus_maccoyii-Atlantic_Southeast,Thunnus maccoyii,Southern bluefin tuna,"Tunas, bonitos, billfishes",Atlantic Southeast,0.133392279,0.259621962,0.387346936,0.520251792,0.722013793,0.164980933,0.395356996,55217.46806,2010,0.133017833,79412.03022,2571.705173,0.066508916,161,CBA
Thunnus_maccoyii-Atlantic_Southeast,Thunnus maccoyii,Southern bluefin tuna,"Tunas, bonitos, billfishes",Atlantic Southeast,0.146738587,0.284731133,0.423970271,0.562212696,0.756954874,0.172951059,0.428207507,55217.46806,2011,0.133017833,79412.03022,2571.705173,0.066508916,201,CBA
Thunnus_maccoyii-Atlantic_Southeast,Thunnus maccoyii,Southern bluefin tuna,"Tunas, bonitos, billfishes",Atlantic Southeast,0.152764564,0.305972638,0.46130059,0.600836946,0.784572461,0.18122668,0.45777957,55217.46806,2012,0.133017833,79412.03022,2571.705173,0.066508916,409,CBA
Thunnus_maccoyii-Atlantic_Southeast,Thunnus maccoyii,Southern bluefin tuna,"Tunas, bonitos, billfishes",Atlantic Southeast,0.145650648,0.311868144,0.483122781,0.62816686,0.805746208,0.190618915,0.473210301,55217.46806,2013,0.133017833,79412.03022,2571.705173,0.066508916,1065,CBA
Thunnus_maccoyii-Atlantic_Southeast,Thunnus maccoyii,Southern bluefin tuna,"Tunas, bonitos, billfishes",Atlantic Southeast,0.128287199,0.311129034,0.497995946,0.648976187,0.81351131,0.201220916,0.481028578,55217.46806,2014,0.133017833,79412.03022,2571.705173,0.066508916,1393,CBA
Thunnus_maccoyii-Atlantic_Southeast,Thunnus maccoyii,Southern bluefin tuna,"Tunas, bonitos, billfishes",Atlantic Southeast,0.095096594,0.294381548,0.498599979,0.660430146,0.807478805,0.213834939,0.477002812,55217.46806,2015,0.133017833,79412.03022,2571.705173,0.066508916,1882,CBA
Thunnus_maccoyii-Atlantic_Southeast,Thunnus maccoyii,Southern bluefin tuna,"Tunas, bonitos, billfishes",Atlantic Southeast,0.045549728,0.269425617,0.483866081,0.657464576,0.786596817,0.227006458,0.457182883,55217.46806,2016,0.133017833,79412.03022,2571.705173,0.066508916,2460,CBA
Thunnus_maccoyii-Indian Ocean_Eastern,Thunnus maccoyii,Southern bluefin tuna,"Tunas, bonitos, billfishes",Indian Ocean Eastern,1.0436181,1.345283138,1.538636262,1.698846319,1.921310028,0.236072798,1.516642002,485494.5343,1952,0.12062289,647258.1333,19034.09389,0.060311445,13716,CBA
Thunnus_maccoyii-Indian Ocean_Eastern,Thunnus maccoyii,Southern bluefin tuna,"Tunas, bonitos, billfishes",Indian Ocean Eastern,1.081840868,1.37447006,1.55206382,1.705745871,1.909946665,0.225250881,1.532121462,485494.5343,1953,0.12062289,647258.1333,19034.09389,0.060311445,10448,CBA
Thunnus_maccoyii-Indian Ocean_Eastern,Thunnus maccoyii,Southern bluefin tuna,"Tunas, bonitos, billfishes",Indian Ocean Eastern,1.114899078,1.401358004,1.57295741,1.715446528,1.913717736,0.214048839,1.553469305,485494.5343,1954,0.12062289,647258.1333,19034.09389,0.060311445,9094,CBA
Thunnus_maccoyii-Indian Ocean_Eastern,Thunnus maccoyii,Southern bluefin tuna,"Tunas, bonitos, billfishes",Indian Ocean Eastern,1.148431313,1.426041568,1.59064609,1.725837404,1.927340045,0.20575432,1.571744602,485494.5343,1955,0.12062289,647258.1333,19034.09389,0.060311445,10593,CBA
Thunnus_maccoyii-Indian Ocean_Eastern,Thunnus maccoyii,Southern bluefin tuna,"Tunas, bonitos, billfishes",Indian Ocean Eastern,1.175471856,1.433604068,1.586408813,1.721688512,1.91760871,0.19681148,1.572213358,485494.5343,1956,0.12062289,647258.1333,19034.09389,0.060311445,15745,CBA
Thunnus_maccoyii-Indian Ocean_Eastern,Thunnus maccoyii,Southern bluefin tuna,"Tunas, bonitos, billfishes",Indian Ocean Eastern,1.197064238,1.441600241,1.586127396,1.719714458,1.913868327,0.191233124,1.576437553,485494.5343,1957,0.12062289,647258.1333,19034.09389,0.060311445,15324,CBA
Thunnus_maccoyii-Indian Ocean_Eastern,Thunnus maccoyii,Southern bluefin tuna,"Tunas, bonitos, billfishes",Indian Ocean Eastern,1.225670364,1.47114075,1.60066523,1.736948749,1.939950577,0.185466481,1.599564571,485494.5343,1958,0.12062289,647258.1333,19034.09389,0.060311445,10201,CBA
Thunnus_maccoyii-Indian Ocean_Eastern,Thunnus maccoyii,Southern bluefin tuna,"Tunas, bonitos, billfishes",Indian Ocean Eastern,1.14497006,1.371821849,1.499600294,1.622969011,1.842793782,0.179012156,1.49508726,485494.5343,1959,0.12062289,647258.1333,19034.09389,0.060311445,50449,CBA
Thunnus_maccoyii-Indian Ocean_Eastern,Thunnus maccoyii,Southern bluefin tuna,"Tunas, bonitos, billfishes",Indian Ocean Eastern,0.998950992,1.2036288,1.318659265,1.4403027,1.658822992,0.169932057,1.322456536,485494.5343,1960,0.12062289,647258.1333,19034.09389,0.060311445,72908,CBA
Thunnus_maccoyii-Indian Ocean_Eastern,Thunnus maccoyii,Southern bluefin tuna,"Tunas, bonitos, billfishes",Indian Ocean Eastern,0.870137139,1.06406638,1.175131184,1.298811152,1.513710114,0.166951947,1.181348568,485494.5343,1961,0.12062289,647258.1333,19034.09389,0.060311445,65537,CBA
Thunnus_maccoyii-Indian Ocean_Eastern,Thunnus maccoyii,Southern bluefin tuna,"Tunas, bonitos, billfishes",Indian Ocean Eastern,0.839239541,1.020243407,1.128962095,1.250245308,1.481571964,0.165543785,1.137988204,485494.5343,1962,0.12062289,647258.1333,19034.09389,0.060311445,35518,CBA
Thunnus_maccoyii-Indian Ocean_Eastern,Thunnus maccoyii,Southern bluefin tuna,"Tunas, bonitos, billfishes",Indian Ocean Eastern,0.76223843,0.920363904,1.027003728,1.146717936,1.374036739,0.160772532,1.038998005,485494.5343,1963,0.12062289,647258.1333,19034.09389,0.060311445,52589,CBA
Thunnus_maccoyii-Indian Ocean_Eastern,Thunnus maccoyii,Southern bluefin tuna,"Tunas, bonitos, billfishes",Indian Ocean Eastern,0.711774274,0.865453687,0.970183393,1.085500482,1.324421824,0.158830819,0.984016721,485494.5343,1964,0.12062289,647258.1333,19034.09389,0.060311445,38906,CBA
Thunnus_maccoyii-Indian Ocean_Eastern,Thunnus maccoyii,Southern bluefin tuna,"Tunas, bonitos, billfishes",Indian Ocean Eastern,0.669326499,0.815287228,0.913604348,1.023726227,1.256745306,0.15391853,0.92855869,485494.5343,1965,0.12062289,647258.1333,19034.09389,0.060311445,38215,CBA
Thunnus_maccoyii-Indian Ocean_Eastern,Thunnus maccoyii,Southern bluefin tuna,"Tunas, bonitos, billfishes",Indian Ocean Eastern,0.618359164,0.756238125,0.850008221,0.962383801,1.198552505,0.15108442,0.866808154,485494.5343,1966,0.12062289,647258.1333,19034.09389,0.060311445,39312,CBA
Thunnus_maccoyii-Indian Ocean_Eastern,Thunnus maccoyii,Southern bluefin tuna,"Tunas, bonitos, billfishes",Indian Ocean Eastern,0.526353243,0.661787904,0.753424146,0.862909116,1.093761364,0.148642238,0.770219745,485494.5343,1967,0.12062289,647258.1333,19034.09389,0.060311445,50174,CBA
Thunnus_maccoyii-Indian Ocean_Eastern,Thunnus maccoyii,Southern bluefin tuna,"Tunas, bonitos, billfishes",Indian Ocean Eastern,0.503290132,0.631985566,0.720361201,0.829679937,1.05001981,0.144394129,0.737564664,485494.5343,1968,0.12062289,647258.1333,19034.09389,0.060311445,28800,CBA
Thunnus_maccoyii-Indian Ocean_Eastern,Thunnus maccoyii,Southern bluefin tuna,"Tunas, bonitos, billfishes",Indian Ocean Eastern,0.485789244,0.604153698,0.691126655,0.796849986,1.015993503,0.141361435,0.709140347,485494.5343,1969,0.12062289,647258.1333,19034.09389,0.060311445,27024,CBA
Thunnus_maccoyii-Indian Ocean_Eastern,Thunnus maccoyii,Southern bluefin tuna,"Tunas, bonitos, billfishes",Indian Ocean Eastern,0.467163947,0.591600175,0.674404093,0.779594224,0.987806707,0.137398268,0.692109462,485494.5343,1970,0.12062289,647258.1333,19034.09389,0.060311445,23174,CBA
Thunnus_maccoyii-Indian Ocean_Eastern,Thunnus maccoyii,Southern bluefin tuna,"Tunas, bonitos, billfishes",Indian Ocean Eastern,0.453521172,0.573956807,0.653116157,0.751216378,0.958394948,0.1328942,0.669781409,485494.5343,1971,0.12062289,647258.1333,19034.09389,0.060311445,24140,CBA
Thunnus_maccoyii-Indian Ocean_Eastern,Thunnus maccoyii,Southern bluefin tuna,"Tunas, bonitos, billfishes",Indian Ocean Eastern,0.435988515,0.554324449,0.631240553,0.728375091,0.933781732,0.129050247,0.647632008,485494.5343,1972,0.12062289,647258.1333,19034.09389,0.060311445,24044,CBA
Thunnus_maccoyii-Indian Ocean_Eastern,Thunnus maccoyii,Southern bluefin tuna,"Tunas, bonitos, billfishes",Indian Ocean Eastern,0.44074479,0.549022112,0.626553977,0.718658771,0.928914989,0.126624522,0.642105127,485494.5343,1973,0.12062289,647258.1333,19034.09389,0.060311445,18292,CBA
Thunnus_maccoyii-Indian Ocean_Eastern,Thunnus maccoyii,Southern bluefin tuna,"Tunas, bonitos, billfishes",Indian Ocean Eastern,0.416502857,0.52306995,0.600377042,0.689176366,0.893234364,0.123508585,0.614496973,485494.5343,1974,0.12062289,647258.1333,19034.09389,0.060311445,25180,CBA
Thunnus_maccoyii-Indian Ocean_Eastern,Thunnus maccoyii,Southern bluefin tuna,"Tunas, bonitos, billfishes",Indian Ocean Eastern,0.426264637,0.529065109,0.602843161,0.68600683,0.886590887,0.120648834,0.61642458,485494.5343,1975,0.12062289,647258.1333,19034.09389,0.060311445,15035,CBA
Thunnus_maccoyii-Indian Ocean_Eastern,Thunnus maccoyii,Southern bluefin tuna,"Tunas, bonitos, billfishes",Indian Ocean Eastern,0.407545347,0.506489578,0.576511247,0.657148118,0.852992599,0.117052137,0.590981267,485494.5343,1976,0.12062289,647258.1333,19034.09389,0.060311445,23777,CBA
Thunnus_maccoyii-Indian Ocean_Eastern,Thunnus maccoyii,Southern bluefin tuna,"Tunas, bonitos, billfishes",Indian Ocean Eastern,0.375870419,0.468119904,0.537197947,0.615482957,0.812202978,0.115034492,0.552204694,485494.5343,1977,0.12062289,647258.1333,19034.09389,0.060311445,28004,CBA
Thunnus_maccoyii-Indian Ocean_Eastern,Thunnus maccoyii,Southern bluefin tuna,"Tunas, bonitos, billfishes",Indian Ocean Eastern,0.375255989,0.467102589,0.53218842,0.607319774,0.799454596,0.111970258,0.547265906,485494.5343,1978,0.12062289,647258.1333,19034.09389,0.060311445,16109,CBA
Thunnus_maccoyii-Indian Ocean_Eastern,Thunnus maccoyii,Southern bluefin tuna,"Tunas, bonitos, billfishes",Indian Ocean Eastern,0.385469146,0.473156582,0.533287063,0.607812865,0.800262913,0.107713487,0.548495652,485494.5343,1979,0.12062289,647258.1333,19034.09389,0.060311445,14143,CBA
Thunnus_maccoyii-Indian Ocean_Eastern,Thunnus maccoyii,Southern bluefin tuna,"Tunas, bonitos, billfishes",Indian Ocean Eastern,0.372013235,0.457848266,0.514776795,0.585708672,0.776920775,0.104284199,0.530296999,485494.5343,1980,0.12062289,647258.1333,19034.09389,0.060311445,20306,CBA
Thunnus_maccoyii-Indian Ocean_Eastern,Thunnus maccoyii,Southern bluefin tuna,"Tunas, bonitos, billfishes",Indian Ocean Eastern,0.363256341,0.441496767,0.494727519,0.561572374,0.756224686,0.100577301,0.511629157,485494.5343,1981,0.12062289,647258.1333,19034.09389,0.060311445,20166,CBA
Thunnus_maccoyii-Indian Ocean_Eastern,Thunnus maccoyii,Southern bluefin tuna,"Tunas, bonitos, billfishes",Indian Ocean Eastern,0.334177005,0.407914629,0.459266273,0.523975747,0.716640201,0.09753371,0.475818405,485494.5343,1982,0.12062289,647258.1333,19034.09389,0.060311445,25237,CBA
Thunnus_maccoyii-Indian Ocean_Eastern,Thunnus maccoyii,Southern bluefin tuna,"Tunas, bonitos, billfishes",Indian Ocean Eastern,0.304847101,0.37191193,0.421312256,0.483196389,0.67509107,0.094870235,0.437442945,485494.5343,1983,0.12062289,647258.1333,19034.09389,0.060311445,25437,CBA
Thunnus_maccoyii-Indian Ocean_Eastern,Thunnus maccoyii,Southern bluefin tuna,"Tunas, bonitos, billfishes",Indian Ocean Eastern,0.26834115,0.331242202,0.379625536,0.440568872,0.63134193,0.094350171,0.397834109,485494.5343,1984,0.12062289,647258.1333,19034.09389,0.060311445,25095,CBA
Thunnus_maccoyii-Indian Ocean_Eastern,Thunnus maccoyii,Southern bluefin tuna,"Tunas, bonitos, billfishes",Indian Ocean Eastern,0.235904322,0.294181233,0.343984879,0.402620653,0.602082565,0.0941743,0.361058946,485494.5343,1985,0.12062289,647258.1333,19034.09389,0.060311445,23146,CBA
Thunnus_maccoyii-Indian Ocean_Eastern,Thunnus maccoyii,Southern bluefin tuna,"Tunas, bonitos, billfishes",Indian Ocean Eastern,0.209663677,0.266086521,0.314481037,0.378930126,0.581116378,0.095157234,0.333512565,485494.5343,1986,0.12062289,647258.1333,19034.09389,0.060311445,19389,CBA
Thunnus_maccoyii-Indian Ocean_Eastern,Thunnus maccoyii,Southern bluefin tuna,"Tunas, bonitos, billfishes",Indian Ocean Eastern,0.187105373,0.243088443,0.293498922,0.35786633,0.560888661,0.09552947,0.311580824,485494.5343,1987,0.12062289,647258.1333,19034.09389,0.060311445,16768,CBA
Thunnus_maccoyii-Indian Ocean_Eastern,Thunnus maccoyii,Southern bluefin tuna,"Tunas, bonitos, billfishes",Indian Ocean Eastern,0.166582461,0.224898511,0.27380252,0.341393654,0.548421565,0.096794779,0.292934504,485494.5343,1988,0.12062289,647258.1333,19034.09389,0.060311445,15152,CBA
Thunnus_maccoyii-Indian Ocean_Eastern,Thunnus maccoyii,Southern bluefin tuna,"Tunas, bonitos, billfishes",Indian Ocean Eastern,0.15241758,0.212408098,0.262373156,0.32946449,0.542829136,0.098383015,0.282369182,485494.5343,1989,0.12062289,647258.1333,19034.09389,0.060311445,11890,CBA
Thunnus_maccoyii-Indian Ocean_Eastern,Thunnus maccoyii,Southern bluefin tuna,"Tunas, bonitos, billfishes",Indian Ocean Eastern,0.144883805,0.208663349,0.259167252,0.328953188,0.536890737,0.100192628,0.279656655,485494.5343,1990,0.12062289,647258.1333,19034.09389,0.060311445,9154,CBA
Thunnus_maccoyii-Indian Ocean_Eastern,Thunnus maccoyii,Southern bluefin tuna,"Tunas, bonitos, billfishes",Indian Ocean Eastern,0.147214331,0.212559017,0.265075585,0.3346197,0.542889769,0.101713769,0.285135477,485494.5343,1991,0.12062289,647258.1333,19034.09389,0.060311445,6523,CBA
Thunnus_maccoyii-Indian Ocean_Eastern,Thunnus maccoyii,Southern bluefin tuna,"Tunas, bonitos, billfishes",Indian Ocean Eastern,0.160507874,0.224790083,0.278092147,0.348747729,0.567435371,0.103592157,0.298309802,485494.5343,1992,0.12062289,647258.1333,19034.09389,0.060311445,4153,CBA
Thunnus_maccoyii-Indian Ocean_Eastern,Thunnus maccoyii,Southern bluefin tuna,"Tunas, bonitos, billfishes",Indian Ocean Eastern,0.17404374,0.238409346,0.29307348,0.363394238,0.591085976,0.104702203,0.313376048,485494.5343,1993,0.12062289,647258.1333,19034.09389,0.060311445,3844,CBA
Thunnus_maccoyii-Indian Ocean_Eastern,Thunnus maccoyii,Southern bluefin tuna,"Tunas, bonitos, billfishes",Indian Ocean Eastern,0.18716508,0.252234374,0.30635717,0.379405161,0.596490543,0.105623234,0.326482835,485494.5343,1994,0.12062289,647258.1333,19034.09389,0.060311445,4927,CBA
Thunnus_maccoyii-Indian Ocean_Eastern,Thunnus maccoyii,Southern bluefin tuna,"Tunas, bonitos, billfishes",Indian Ocean Eastern,0.192583943,0.259382665,0.314824472,0.388007238,0.603186472,0.106384859,0.336247235,485494.5343,1995,0.12062289,647258.1333,19034.09389,0.060311445,6525,CBA
Thunnus_maccoyii-Indian Ocean_Eastern,Thunnus maccoyii,Southern bluefin tuna,"Tunas, bonitos, billfishes",Indian Ocean Eastern,0.18933185,0.257663951,0.313505548,0.388325261,0.60486092,0.107914006,0.335787513,485494.5343,1996,0.12062289,647258.1333,19034.09389,0.060311445,9877,CBA
Thunnus_maccoyii-Indian Ocean_Eastern,Thunnus maccoyii,Southern bluefin tuna,"Tunas, bonitos, billfishes",Indian Ocean Eastern,0.191583543,0.258485345,0.315113291,0.392397709,0.607398438,0.109222139,0.337483554,485494.5343,1997,0.12062289,647258.1333,19034.09389,0.060311445,9100,CBA
Thunnus_maccoyii-Indian Ocean_Eastern,Thunnus maccoyii,Southern bluefin tuna,"Tunas, bonitos, billfishes",Indian Ocean Eastern,0.187638494,0.257341405,0.315961218,0.394562631,0.61396615,0.112220121,0.338302435,485494.5343,1998,0.12062289,647258.1333,19034.09389,0.060311445,9622,CBA
Thunnus_maccoyii-Indian Ocean_Eastern,Thunnus maccoyii,Southern bluefin tuna,"Tunas, bonitos, billfishes",Indian Ocean Eastern,0.175162011,0.246324906,0.306633527,0.388346949,0.612949723,0.114889017,0.330467945,485494.5343,1999,0.12062289,647258.1333,19034.09389,0.060311445,12258,CBA
Thunnus_maccoyii-Indian Ocean_Eastern,Thunnus maccoyii,Southern bluefin tuna,"Tunas, bonitos, billfishes",Indian Ocean Eastern,0.172971487,0.2449265,0.308450713,0.393058628,0.618859655,0.117587957,0.332135401,485494.5343,2000,0.12062289,647258.1333,19034.09389,0.060311445,8908,CBA
Thunnus_maccoyii-Indian Ocean_Eastern,Thunnus maccoyii,Southern bluefin tuna,"Tunas, bonitos, billfishes",Indian Ocean Eastern,0.168840493,0.242489936,0.310155545,0.39851641,0.626028335,0.120033692,0.333052054,485494.5343,2001,0.12062289,647258.1333,19034.09389,0.060311445,9291,CBA
Thunnus_maccoyii-Indian Ocean_Eastern,Thunnus maccoyii,Southern bluefin tuna,"Tunas, bonitos, billfishes",Indian Ocean Eastern,0.167739962,0.243547314,0.316924052,0.408669855,0.626020438,0.122517312,0.337701126,485494.5343,2002,0.12062289,647258.1333,19034.09389,0.060311445,7948,CBA
Thunnus_maccoyii-Indian Ocean_Eastern,Thunnus maccoyii,Southern bluefin tuna,"Tunas, bonitos, billfishes",Indian Ocean Eastern,0.166398236,0.245433057,0.323259126,0.421668811,0.63176234,0.125978878,0.343579437,485494.5343,2003,0.12062289,647258.1333,19034.09389,0.060311445,7799,CBA
Thunnus_maccoyii-Indian Ocean_Eastern,Thunnus maccoyii,Southern bluefin tuna,"Tunas, bonitos, billfishes",Indian Ocean Eastern,0.16303109,0.245666302,0.328087179,0.431134908,0.638143355,0.130116575,0.34768838,485494.5343,2004,0.12062289,647258.1333,19034.09389,0.060311445,8503,CBA
Thunnus_maccoyii-Indian Ocean_Eastern,Thunnus maccoyii,Southern bluefin tuna,"Tunas, bonitos, billfishes",Indian Ocean Eastern,0.15239196,0.239646872,0.329900601,0.436952895,0.640908905,0.135969491,0.347697822,485494.5343,2005,0.12062289,647258.1333,19034.09389,0.060311445,10069,CBA
Thunnus_maccoyii-Indian Ocean_Eastern,Thunnus maccoyii,Southern bluefin tuna,"Tunas, bonitos, billfishes",Indian Ocean Eastern,0.142586641,0.237506709,0.333310631,0.446032073,0.660447196,0.141475603,0.350052781,485494.5343,2006,0.12062289,647258.1333,19034.09389,0.060311445,9069,CBA
Thunnus_maccoyii-Indian Ocean_Eastern,Thunnus maccoyii,Southern bluefin tuna,"Tunas, bonitos, billfishes",Indian Ocean Eastern,0.134142254,0.236508971,0.342169133,0.457194509,0.664632299,0.147207248,0.355282328,485494.5343,2007,0.12062289,647258.1333,19034.09389,0.060311445,8241,CBA
Thunnus_maccoyii-Indian Ocean_Eastern,Thunnus maccoyii,Southern bluefin tuna,"Tunas, bonitos, billfishes",Indian Ocean Eastern,0.126398114,0.239682623,0.351164893,0.47417753,0.677642038,0.15363316,0.362990434,485494.5343,2008,0.12062289,647258.1333,19034.09389,0.060311445,7634,CBA
Thunnus_maccoyii-Indian Ocean_Eastern,Thunnus maccoyii,Southern bluefin tuna,"Tunas, bonitos, billfishes",Indian Ocean Eastern,0.118305087,0.23991841,0.36243334,0.487782767,0.687880515,0.160982167,0.370353566,485494.5343,2009,0.12062289,647258.1333,19034.09389,0.060311445,7994,CBA
Thunnus_maccoyii-Indian Ocean_Eastern,Thunnus maccoyii,Southern bluefin tuna,"Tunas, bonitos, billfishes",Indian Ocean Eastern,0.11208658,0.246327037,0.379279248,0.509056849,0.702333327,0.167874242,0.383030112,485494.5343,2010,0.12062289,647258.1333,19034.09389,0.060311445,6326,CBA
Thunnus_maccoyii-Indian Ocean_Eastern,Thunnus maccoyii,Southern bluefin tuna,"Tunas, bonitos, billfishes",Indian Ocean Eastern,0.107253072,0.25429927,0.402438112,0.534651467,0.727883357,0.175992868,0.398758054,485494.5343,2011,0.12062289,647258.1333,19034.09389,0.060311445,5782,CBA
Thunnus_maccoyii-Indian Ocean_Eastern,Thunnus maccoyii,Southern bluefin tuna,"Tunas, bonitos, billfishes",Indian Ocean Eastern,0.100509344,0.260203577,0.422018352,0.562408464,0.73613212,0.18419611,0.413231763,485494.5343,2012,0.12062289,647258.1333,19034.09389,0.060311445,6215,CBA
Thunnus_maccoyii-Indian Ocean_Eastern,Thunnus maccoyii,Southern bluefin tuna,"Tunas, bonitos, billfishes",Indian Ocean Eastern,0.090328768,0.266734939,0.441693293,0.587926554,0.756484205,0.193849029,0.427172979,485494.5343,2013,0.12062289,647258.1333,19034.09389,0.060311445,7005,CBA
Thunnus_maccoyii-Indian Ocean_Eastern,Thunnus maccoyii,Southern bluefin tuna,"Tunas, bonitos, billfishes",Indian Ocean Eastern,0.079672151,0.274512974,0.464608119,0.616865357,0.769260739,0.203907542,0.441969829,485494.5343,2014,0.12062289,647258.1333,19034.09389,0.060311445,6717,CBA
Thunnus_maccoyii-Indian Ocean_Eastern,Thunnus maccoyii,Southern bluefin tuna,"Tunas, bonitos, billfishes",Indian Ocean Eastern,0.064046764,0.276446102,0.485482954,0.641483313,0.780705399,0.215267084,0.454836335,485494.5343,2015,0.12062289,647258.1333,19034.09389,0.060311445,7599,CBA
Thunnus_maccoyii-Indian Ocean_Eastern,Thunnus maccoyii,Southern bluefin tuna,"Tunas, bonitos, billfishes",Indian Ocean Eastern,0.048554159,0.281403096,0.50653576,0.669273408,0.788131909,0.227320614,0.468731782,485494.5343,2016,0.12062289,647258.1333,19034.09389,0.060311445,7300,CBA
Thunnus_maccoyii-Indian Ocean_Western,Thunnus maccoyii,Southern bluefin tuna,"Tunas, bonitos, billfishes",Indian Ocean Western,0.990601675,1.211562561,1.385034051,1.568950021,1.858002983,0.234376493,1.394812661,69340.1564,1959,0.141564732,103589.337,3563.635588,0.070782366,7,CBA
Thunnus_maccoyii-Indian Ocean_Western,Thunnus maccoyii,Southern bluefin tuna,"Tunas, bonitos, billfishes",Indian Ocean Western,1.059882983,1.282952497,1.441260722,1.612717679,1.872450537,0.218881073,1.448789007,69340.1564,1960,0.141564732,103589.337,3563.635588,0.070782366,27,CBA
Thunnus_maccoyii-Indian Ocean_Western,Thunnus maccoyii,Southern bluefin tuna,"Tunas, bonitos, billfishes",Indian Ocean Western,1.118655079,1.347379417,1.504364845,1.653037819,1.890436967,0.205758584,1.502755165,69340.1564,1961,0.141564732,103589.337,3563.635588,0.070782366,1,CBA
Thunnus_maccoyii-Indian Ocean_Western,Thunnus maccoyii,Southern bluefin tuna,"Tunas, bonitos, billfishes",Indian Ocean Western,1.172198604,1.411574548,1.549220683,1.687912694,1.889568353,0.191872546,1.546641907,69340.1564,1962,0.141564732,103589.337,3563.635588,0.070782366,87,CBA
Thunnus_maccoyii-Indian Ocean_Western,Thunnus maccoyii,Southern bluefin tuna,"Tunas, bonitos, billfishes",Indian Ocean Western,1.225289415,1.46074538,1.593643729,1.724067995,1.918230144,0.182231938,1.588521572,69340.1564,1963,0.141564732,103589.337,3563.635588,0.070782366,177,CBA
Thunnus_maccoyii-Indian Ocean_Western,Thunnus maccoyii,Southern bluefin tuna,"Tunas, bonitos, billfishes",Indian Ocean Western,1.285153359,1.51167028,1.641818348,1.758782014,1.931860842,0.17091305,1.631093728,69340.1564,1964,0.141564732,103589.337,3563.635588,0.070782366,80,CBA
Thunnus_maccoyii-Indian Ocean_Western,Thunnus maccoyii,Southern bluefin tuna,"Tunas, bonitos, billfishes",Indian Ocean Western,1.342101244,1.558125411,1.683792983,1.796535904,1.945377803,0.162304115,1.672062684,69340.1564,1965,0.141564732,103589.337,3563.635588,0.070782366,50,CBA
Thunnus_maccoyii-Indian Ocean_Western,Thunnus maccoyii,Southern bluefin tuna,"Tunas, bonitos, billfishes",Indian Ocean Western,1.39429169,1.607191352,1.715510739,1.821001791,1.960642172,0.151751891,1.706250966,69340.1564,1966,0.141564732,103589.337,3563.635588,0.070782366,327,CBA
Thunnus_maccoyii-Indian Ocean_Western,Thunnus maccoyii,Southern bluefin tuna,"Tunas, bonitos, billfishes",Indian Ocean Western,1.427971189,1.637036175,1.752868865,1.855819371,1.980414581,0.146747327,1.741200612,69340.1564,1967,0.141564732,103589.337,3563.635588,0.070782366,410,CBA
Thunnus_maccoyii-Indian Ocean_Western,Thunnus maccoyii,Southern bluefin tuna,"Tunas, bonitos, billfishes",Indian Ocean Western,1.314935152,1.504346353,1.609766908,1.706587251,1.880573969,0.146610055,1.605238624,69340.1564,1968,0.141564732,103589.337,3563.635588,0.070782366,9325,CBA
Thunnus_maccoyii-Indian Ocean_Western,Thunnus maccoyii,Southern bluefin tuna,"Tunas, bonitos, billfishes",Indian Ocean Western,0.968392046,1.121912401,1.220545399,1.321625934,1.524239033,0.144215006,1.225383719,69340.1564,1969,0.141564732,103589.337,3563.635588,0.070782366,22258,CBA
Thunnus_maccoyii-Indian Ocean_Western,Thunnus maccoyii,Southern bluefin tuna,"Tunas, bonitos, billfishes",Indian Ocean Western,0.911869337,1.063292471,1.156199068,1.254498618,1.48291719,0.145073237,1.165153169,69340.1564,1970,0.141564732,103589.337,3563.635588,0.070782366,7021,CBA
Thunnus_maccoyii-Indian Ocean_Western,Thunnus maccoyii,Southern bluefin tuna,"Tunas, bonitos, billfishes",Indian Ocean Western,0.896644993,1.042335629,1.134963793,1.236524622,1.459528316,0.143158424,1.143399759,69340.1564,1971,0.141564732,103589.337,3563.635588,0.070782366,5017,CBA
Thunnus_maccoyii-Indian Ocean_Western,Thunnus maccoyii,Southern bluefin tuna,"Tunas, bonitos, billfishes",Indian Ocean Western,0.810311548,0.948008519,1.037063686,1.141220639,1.365719963,0.143257723,1.049652988,69340.1564,1972,0.141564732,103589.337,3563.635588,0.070782366,8726,CBA
Thunnus_maccoyii-Indian Ocean_Western,Thunnus maccoyii,Southern bluefin tuna,"Tunas, bonitos, billfishes",Indian Ocean Western,0.661417707,0.795693961,0.88158142,0.989155329,1.213631949,0.142942533,0.898153363,69340.1564,1973,0.141564732,103589.337,3563.635588,0.070782366,11394,CBA
Thunnus_maccoyii-Indian Ocean_Western,Thunnus maccoyii,Southern bluefin tuna,"Tunas, bonitos, billfishes",Indian Ocean Western,0.49297001,0.627086859,0.720099371,0.826091569,1.058811809,0.147178069,0.735172469,69340.1564,1974,0.141564732,103589.337,3563.635588,0.070782366,11949,CBA
Thunnus_maccoyii-Indian Ocean_Western,Thunnus maccoyii,Southern bluefin tuna,"Tunas, bonitos, billfishes",Indian Ocean Western,0.429400076,0.569088235,0.66625521,0.775154471,1.003930207,0.14930212,0.679589658,69340.1564,1975,0.141564732,103589.337,3563.635588,0.070782366,6135,CBA
Thunnus_maccoyii-Indian Ocean_Western,Thunnus maccoyii,Southern bluefin tuna,"Tunas, bonitos, billfishes",Indian Ocean Western,0.446076494,0.589925227,0.683879075,0.789751227,1.02079134,0.14874254,0.697727311,69340.1564,1976,0.141564732,103589.337,3563.635588,0.070782366,2259,CBA
Thunnus_maccoyii-Indian Ocean_Western,Thunnus maccoyii,Southern bluefin tuna,"Tunas, bonitos, billfishes",Indian Ocean Western,0.503503897,0.642270797,0.73322083,0.832976111,1.060081079,0.145311778,0.745812706,69340.1564,1977,0.141564732,103589.337,3563.635588,0.070782366,762,CBA
Thunnus_maccoyii-Indian Ocean_Western,Thunnus maccoyii,Southern bluefin tuna,"Tunas, bonitos, billfishes",Indian Ocean Western,0.545778481,0.677477612,0.765752714,0.865647953,1.088253322,0.141655668,0.778972818,69340.1564,1978,0.141564732,103589.337,3563.635588,0.070782366,1629,CBA
Thunnus_maccoyii-Indian Ocean_Western,Thunnus maccoyii,Southern bluefin tuna,"Tunas, bonitos, billfishes",Indian Ocean Western,0.561643243,0.694129009,0.777360336,0.880479687,1.102842007,0.138186431,0.792875948,69340.1564,1979,0.141564732,103589.337,3563.635588,0.070782366,2711,CBA
Thunnus_maccoyii-Indian Ocean_Western,Thunnus maccoyii,Southern bluefin tuna,"Tunas, bonitos, billfishes",Indian Ocean Western,0.594168812,0.715740325,0.798759601,0.893840635,1.117088484,0.133931611,0.812820392,69340.1564,1980,0.141564732,103589.337,3563.635588,0.070782366,2406,CBA
Thunnus_maccoyii-Indian Ocean_Western,Thunnus maccoyii,Southern bluefin tuna,"Tunas, bonitos, billfishes",Indian Ocean Western,0.551692316,0.670525793,0.747569241,0.837692868,1.063809999,0.131356836,0.762977185,69340.1564,1981,0.141564732,103589.337,3563.635588,0.070782366,5940,CBA
Thunnus_maccoyii-Indian Ocean_Western,Thunnus maccoyii,Southern bluefin tuna,"Tunas, bonitos, billfishes",Indian Ocean Western,0.527389028,0.636773351,0.708648871,0.796891126,1.010706814,0.127169673,0.725328231,69340.1564,1982,0.141564732,103589.337,3563.635588,0.070782366,5244,CBA
Thunnus_maccoyii-Indian Ocean_Western,Thunnus maccoyii,Southern bluefin tuna,"Tunas, bonitos, billfishes",Indian Ocean Western,0.429326219,0.536812855,0.610261646,0.697489221,0.921351616,0.127131556,0.62659451,69340.1564,1983,0.141564732,103589.337,3563.635588,0.070782366,8246,CBA
Thunnus_maccoyii-Indian Ocean_Western,Thunnus maccoyii,Southern bluefin tuna,"Tunas, bonitos, billfishes",Indian Ocean Western,0.419676086,0.526734652,0.600414231,0.688131679,0.907362582,0.126093905,0.617092778,69340.1564,1984,0.141564732,103589.337,3563.635588,0.070782366,3441,CBA
Thunnus_maccoyii-Indian Ocean_Western,Thunnus maccoyii,Southern bluefin tuna,"Tunas, bonitos, billfishes",Indian Ocean Western,0.414771068,0.518118784,0.594416901,0.680303362,0.902061107,0.125512511,0.609611556,69340.1564,1985,0.141564732,103589.337,3563.635588,0.070782366,3341,CBA
Thunnus_maccoyii-Indian Ocean_Western,Thunnus maccoyii,Southern bluefin tuna,"Tunas, bonitos, billfishes",Indian Ocean Western,0.388911213,0.495456559,0.569799315,0.656923876,0.875943059,0.12487184,0.585998577,69340.1564,1986,0.141564732,103589.337,3563.635588,0.070782366,4149,CBA
Thunnus_maccoyii-Indian Ocean_Western,Thunnus maccoyii,Southern bluefin tuna,"Tunas, bonitos, billfishes",Indian Ocean Western,0.349259205,0.457418137,0.533523748,0.620336078,0.83664003,0.125065652,0.547847048,69340.1564,1987,0.141564732,103589.337,3563.635588,0.070782366,4790,CBA
Thunnus_maccoyii-Indian Ocean_Western,Thunnus maccoyii,Southern bluefin tuna,"Tunas, bonitos, billfishes",Indian Ocean Western,0.294085781,0.405454733,0.485185566,0.574650812,0.789845501,0.127913353,0.498757704,69340.1564,1988,0.141564732,103589.337,3563.635588,0.070782366,5226,CBA
Thunnus_maccoyii-Indian Ocean_Western,Thunnus maccoyii,Southern bluefin tuna,"Tunas, bonitos, billfishes",Indian Ocean Western,0.290419553,0.404091595,0.482470032,0.576375194,0.778186988,0.128845006,0.496947416,69340.1564,1989,0.141564732,103589.337,3563.635588,0.070782366,2602,CBA
Thunnus_maccoyii-Indian Ocean_Western,Thunnus maccoyii,Southern bluefin tuna,"Tunas, bonitos, billfishes",Indian Ocean Western,0.317268885,0.434577635,0.512236255,0.603588673,0.805780352,0.128261834,0.526181488,69340.1564,1990,0.141564732,103589.337,3563.635588,0.070782366,1022,CBA
Thunnus_maccoyii-Indian Ocean_Western,Thunnus maccoyii,Southern bluefin tuna,"Tunas, bonitos, billfishes",Indian Ocean Western,0.359691865,0.472560644,0.546922735,0.637747774,0.848768228,0.126930075,0.563516954,69340.1564,1991,0.141564732,103589.337,3563.635588,0.070782366,661,CBA
Thunnus_maccoyii-Indian Ocean_Western,Thunnus maccoyii,Southern bluefin tuna,"Tunas, bonitos, billfishes",Indian Ocean Western,0.397575455,0.506757446,0.577841521,0.668397488,0.879719492,0.124653485,0.594866088,69340.1564,1992,0.141564732,103589.337,3563.635588,0.070782366,1108,CBA
Thunnus_maccoyii-Indian Ocean_Western,Thunnus maccoyii,Southern bluefin tuna,"Tunas, bonitos, billfishes",Indian Ocean Western,0.407206629,0.512204753,0.584092944,0.674625921,0.878133586,0.122322284,0.601531294,69340.1564,1993,0.141564732,103589.337,3563.635588,0.070782366,2461,CBA
Thunnus_maccoyii-Indian Ocean_Western,Thunnus maccoyii,Southern bluefin tuna,"Tunas, bonitos, billfishes",Indian Ocean Western,0.418264909,0.52300573,0.589880137,0.679510051,0.876434088,0.118783255,0.607514597,69340.1564,1994,0.141564732,103589.337,3563.635588,0.070782366,2567,CBA
Thunnus_maccoyii-Indian Ocean_Western,Thunnus maccoyii,Southern bluefin tuna,"Tunas, bonitos, billfishes",Indian Ocean Western,0.437998787,0.535081816,0.600374016,0.683467446,0.874760611,0.114828644,0.616955795,69340.1564,1995,0.141564732,103589.337,3563.635588,0.070782366,2351,CBA
Thunnus_maccoyii-Indian Ocean_Western,Thunnus maccoyii,Southern bluefin tuna,"Tunas, bonitos, billfishes",Indian Ocean Western,0.440353136,0.53135557,0.592917894,0.672659534,0.877014491,0.111931647,0.611044715,69340.1564,1996,0.141564732,103589.337,3563.635588,0.070782366,3197,CBA
Thunnus_maccoyii-Indian Ocean_Western,Thunnus maccoyii,Southern bluefin tuna,"Tunas, bonitos, billfishes",Indian Ocean Western,0.414619563,0.499402609,0.557675412,0.638155624,0.837211506,0.109936829,0.577032096,69340.1564,1997,0.141564732,103589.337,3563.635588,0.070782366,4620,CBA
Thunnus_maccoyii-Indian Ocean_Western,Thunnus maccoyii,Southern bluefin tuna,"Tunas, bonitos, billfishes",Indian Ocean Western,0.376964732,0.45936228,0.517255376,0.596322418,0.794610723,0.108917775,0.535864269,69340.1564,1998,0.141564732,103589.337,3563.635588,0.070782366,4872,CBA
Thunnus_maccoyii-Indian Ocean_Western,Thunnus maccoyii,Southern bluefin tuna,"Tunas, bonitos, billfishes",Indian Ocean Western,0.362313536,0.442376506,0.499769735,0.582148625,0.773543308,0.108672758,0.519575371,69340.1564,1999,0.141564732,103589.337,3563.635588,0.070782366,3489,CBA
Thunnus_maccoyii-Indian Ocean_Western,Thunnus maccoyii,Southern bluefin tuna,"Tunas, bonitos, billfishes",Indian Ocean Western,0.354420497,0.433239549,0.491055167,0.571244423,0.772997287,0.10836413,0.510909726,69340.1564,2000,0.141564732,103589.337,3563.635588,0.070782366,3049,CBA
Thunnus_maccoyii-Indian Ocean_Western,Thunnus maccoyii,Southern bluefin tuna,"Tunas, bonitos, billfishes",Indian Ocean Western,0.298408725,0.376988578,0.435415335,0.519041323,0.718418915,0.10950621,0.455975797,69340.1564,2001,0.141564732,103589.337,3563.635588,0.070782366,5367,CBA
Thunnus_maccoyii-Indian Ocean_Western,Thunnus maccoyii,Southern bluefin tuna,"Tunas, bonitos, billfishes",Indian Ocean Western,0.259417267,0.34061782,0.401930143,0.489475511,0.688985406,0.112407983,0.422300934,69340.1564,2002,0.141564732,103589.337,3563.635588,0.070782366,4089,CBA
Thunnus_maccoyii-Indian Ocean_Western,Thunnus maccoyii,Southern bluefin tuna,"Tunas, bonitos, billfishes",Indian Ocean Western,0.266291353,0.344967539,0.412512177,0.502042531,0.688772275,0.113724653,0.430822548,69340.1564,2003,0.141564732,103589.337,3563.635588,0.070782366,1751,CBA
Thunnus_maccoyii-Indian Ocean_Western,Thunnus maccoyii,Southern bluefin tuna,"Tunas, bonitos, billfishes",Indian Ocean Western,0.234207385,0.314660926,0.385334446,0.478351286,0.678141133,0.117849493,0.40470837,69340.1564,2004,0.141564732,103589.337,3563.635588,0.070782366,3598,CBA
Thunnus_maccoyii-Indian Ocean_Western,Thunnus maccoyii,Southern bluefin tuna,"Tunas, bonitos, billfishes",Indian Ocean Western,0.19672998,0.280799553,0.357968858,0.454961701,0.651352361,0.122569331,0.37614452,69340.1564,2005,0.141564732,103589.337,3563.635588,0.070782366,3595,CBA
Thunnus_maccoyii-Indian Ocean_Western,Thunnus maccoyii,Southern bluefin tuna,"Tunas, bonitos, billfishes",Indian Ocean Western,0.176568922,0.267163496,0.351952807,0.453836836,0.64807079,0.128299548,0.367988347,69340.1564,2006,0.141564732,103589.337,3563.635588,0.070782366,2408,CBA
Thunnus_maccoyii-Indian Ocean_Western,Thunnus maccoyii,Southern bluefin tuna,"Tunas, bonitos, billfishes",Indian Ocean Western,0.166679346,0.265942583,0.359516973,0.463551495,0.659038067,0.134468396,0.371424387,69340.1564,2007,0.141564732,103589.337,3563.635588,0.070782366,1806,CBA
Thunnus_maccoyii-Indian Ocean_Western,Thunnus maccoyii,Southern bluefin tuna,"Tunas, bonitos, billfishes",Indian Ocean Western,0.167193954,0.275340408,0.37653326,0.488173972,0.682174941,0.140549709,0.387088892,69340.1564,2008,0.141564732,103589.337,3563.635588,0.070782366,1182,CBA
Thunnus_maccoyii-Indian Ocean_Western,Thunnus maccoyii,Southern bluefin tuna,"Tunas, bonitos, billfishes",Indian Ocean Western,0.167602553,0.284909428,0.397883231,0.513103475,0.699310933,0.148044411,0.403317801,69340.1564,2009,0.141564732,103589.337,3563.635588,0.070782366,1224,CBA
Thunnus_maccoyii-Indian Ocean_Western,Thunnus maccoyii,Southern bluefin tuna,"Tunas, bonitos, billfishes",Indian Ocean Western,0.154025531,0.284361711,0.408440045,0.527921677,0.707850649,0.155911894,0.410145173,69340.1564,2010,0.141564732,103589.337,3563.635588,0.070782366,1771,CBA
Thunnus_maccoyii-Indian Ocean_Western,Thunnus maccoyii,Southern bluefin tuna,"Tunas, bonitos, billfishes",Indian Ocean Western,0.138930102,0.280615373,0.414981453,0.541093822,0.720100018,0.164579431,0.414246543,69340.1564,2011,0.141564732,103589.337,3563.635588,0.070782366,1887,CBA
Thunnus_maccoyii-Indian Ocean_Western,Thunnus maccoyii,Southern bluefin tuna,"Tunas, bonitos, billfishes",Indian Ocean Western,0.121889348,0.276650594,0.425024728,0.555109961,0.733210805,0.17410049,0.418901222,69340.1564,2012,0.141564732,103589.337,3563.635588,0.070782366,1871,CBA
Thunnus_maccoyii-Indian Ocean_Western,Thunnus maccoyii,Southern bluefin tuna,"Tunas, bonitos, billfishes",Indian Ocean Western,0.105454077,0.276029604,0.43856335,0.57914151,0.750455163,0.185080103,0.429901792,69340.1564,2013,0.141564732,103589.337,3563.635588,0.070782366,1602,CBA
Thunnus_maccoyii-Indian Ocean_Western,Thunnus maccoyii,Southern bluefin tuna,"Tunas, bonitos, billfishes",Indian Ocean Western,0.091199733,0.280570943,0.457550551,0.610366349,0.761234355,0.196596195,0.444247448,69340.1564,2014,0.141564732,103589.337,3563.635588,0.070782366,1431,CBA
Thunnus_maccoyii-Indian Ocean_Western,Thunnus maccoyii,Southern bluefin tuna,"Tunas, bonitos, billfishes",Indian Ocean Western,0.068543622,0.279731564,0.472268729,0.634135348,0.773498856,0.209620535,0.452714278,69340.1564,2015,0.141564732,103589.337,3563.635588,0.070782366,1785,CBA
Thunnus_maccoyii-Indian Ocean_Western,Thunnus maccoyii,Southern bluefin tuna,"Tunas, bonitos, billfishes",Indian Ocean Western,0.047869784,0.281550306,0.495475376,0.662531124,0.789016377,0.223876204,0.46720528,69340.1564,2016,0.141564732,103589.337,3563.635588,0.070782366,1492,CBA
Thunnus_maccoyii-Pacific_Southwest,Thunnus maccoyii,Southern bluefin tuna,"Tunas, bonitos, billfishes",Pacific Southwest,1.048875053,1.344083833,1.527033352,1.692238627,1.912045728,0.232175659,1.511954981,145291.0426,1953,0.127217997,199004.5743,6178.801995,0.063608998,100,CBA
Thunnus_maccoyii-Pacific_Southwest,Thunnus maccoyii,Southern bluefin tuna,"Tunas, bonitos, billfishes",Pacific Southwest,1.115112814,1.401716717,1.573227232,1.731782513,1.930986836,0.2205028,1.558698813,145291.0426,1954,0.127217997,199004.5743,6178.801995,0.063608998,100,CBA
Thunnus_maccoyii-Pacific_Southwest,Thunnus maccoyii,Southern bluefin tuna,"Tunas, bonitos, billfishes",Pacific Southwest,1.168270301,1.461353999,1.633033779,1.772790709,1.959391652,0.210840058,1.61054147,145291.0426,1955,0.127217997,199004.5743,6178.801995,0.063608998,100,CBA
Thunnus_maccoyii-Pacific_Southwest,Thunnus maccoyii,Southern bluefin tuna,"Tunas, bonitos, billfishes",Pacific Southwest,1.195035435,1.463340922,1.623204971,1.757799594,1.938436782,0.197916812,1.605613891,145291.0426,1956,0.127217997,199004.5743,6178.801995,0.063608998,5000,CBA
Thunnus_maccoyii-Pacific_Southwest,Thunnus maccoyii,Southern bluefin tuna,"Tunas, bonitos, billfishes",Pacific Southwest,1.174289302,1.428837979,1.576110453,1.715984733,1.903129183,0.194966566,1.567132344,145291.0426,1957,0.127217997,199004.5743,6178.801995,0.063608998,9000,CBA
Thunnus_maccoyii-Pacific_Southwest,Thunnus maccoyii,Southern bluefin tuna,"Tunas, bonitos, billfishes",Pacific Southwest,1.196617081,1.43540701,1.57252723,1.710042782,1.910135064,0.188956722,1.566643766,145291.0426,1958,0.127217997,199004.5743,6178.801995,0.063608998,5270,CBA
Thunnus_maccoyii-Pacific_Southwest,Thunnus maccoyii,Southern bluefin tuna,"Tunas, bonitos, billfishes",Pacific Southwest,1.138147445,1.354525531,1.489272636,1.61699737,1.832640476,0.185336472,1.486390696,145291.0426,1959,0.127217997,199004.5743,6178.801995,0.063608998,13486,CBA
Thunnus_maccoyii-Pacific_Southwest,Thunnus maccoyii,Southern bluefin tuna,"Tunas, bonitos, billfishes",Pacific Southwest,1.140875851,1.356813329,1.486270321,1.618024976,1.844502562,0.183116304,1.488120169,145291.0426,1960,0.127217997,199004.5743,6178.801995,0.063608998,5795,CBA
Thunnus_maccoyii-Pacific_Southwest,Thunnus maccoyii,Southern bluefin tuna,"Tunas, bonitos, billfishes",Pacific Southwest,1.050294212,1.259447659,1.378571496,1.511403964,1.744396963,0.179051459,1.385479774,145291.0426,1961,0.127217997,199004.5743,6178.801995,0.063608998,15878,CBA
Thunnus_maccoyii-Pacific_Southwest,Thunnus maccoyii,Southern bluefin tuna,"Tunas, bonitos, billfishes",Pacific Southwest,1.034492384,1.231785952,1.348976264,1.474922654,1.721659458,0.175994065,1.357087306,145291.0426,1962,0.127217997,199004.5743,6178.801995,0.063608998,9436,CBA
Thunnus_maccoyii-Pacific_Southwest,Thunnus maccoyii,Southern bluefin tuna,"Tunas, bonitos, billfishes",Pacific Southwest,0.980475046,1.163382705,1.277828938,1.401779631,1.63627022,0.170490209,1.28733886,145291.0426,1963,0.127217997,199004.5743,6178.801995,0.063608998,13199,CBA
Thunnus_maccoyii-Pacific_Southwest,Thunnus maccoyii,Southern bluefin tuna,"Tunas, bonitos, billfishes",Pacific Southwest,0.949163409,1.122104109,1.235822695,1.359630455,1.579673147,0.165744947,1.246124552,145291.0426,1964,0.127217997,199004.5743,6178.801995,0.063608998,10732,CBA
Thunnus_maccoyii-Pacific_Southwest,Thunnus maccoyii,Southern bluefin tuna,"Tunas, bonitos, billfishes",Pacific Southwest,0.929540794,1.103390567,1.208392906,1.32795529,1.555413642,0.16149447,1.218914048,145291.0426,1965,0.127217997,199004.5743,6178.801995,0.063608998,9276,CBA
Thunnus_maccoyii-Pacific_Southwest,Thunnus maccoyii,Southern bluefin tuna,"Tunas, bonitos, billfishes",Pacific Southwest,0.934433271,1.099472489,1.198865019,1.315240879,1.547139025,0.157325627,1.211358103,145291.0426,1966,0.127217997,199004.5743,6178.801995,0.063608998,7758,CBA
Thunnus_maccoyii-Pacific_Southwest,Thunnus maccoyii,Southern bluefin tuna,"Tunas, bonitos, billfishes",Pacific Southwest,0.877114483,1.017982015,1.111708416,1.215740311,1.454218918,0.149921832,1.124260094,145291.0426,1967,0.127217997,199004.5743,6178.801995,0.063608998,15157,CBA
Thunnus_maccoyii-Pacific_Southwest,Thunnus maccoyii,Southern bluefin tuna,"Tunas, bonitos, billfishes",Pacific Southwest,0.753399235,0.893557071,0.978375378,1.075467367,1.330536622,0.144265149,0.993449191,145291.0426,1968,0.127217997,199004.5743,6178.801995,0.063608998,19637,CBA
Thunnus_maccoyii-Pacific_Southwest,Thunnus maccoyii,Southern bluefin tuna,"Tunas, bonitos, billfishes",Pacific Southwest,0.747590255,0.87249697,0.958343815,1.052875177,1.295734327,0.139737682,0.972256699,145291.0426,1969,0.127217997,199004.5743,6178.801995,0.063608998,8579,CBA
Thunnus_maccoyii-Pacific_Southwest,Thunnus maccoyii,Southern bluefin tuna,"Tunas, bonitos, billfishes",Pacific Southwest,0.685459286,0.799113306,0.877349671,0.971973782,1.196941893,0.130874806,0.894554532,145291.0426,1970,0.127217997,199004.5743,6178.801995,0.063608998,14047,CBA
Thunnus_maccoyii-Pacific_Southwest,Thunnus maccoyii,Southern bluefin tuna,"Tunas, bonitos, billfishes",Pacific Southwest,0.614875101,0.722507187,0.797345522,0.883765615,1.105169751,0.123044005,0.81104808,145291.0426,1971,0.127217997,199004.5743,6178.801995,0.063608998,14469,CBA
Thunnus_maccoyii-Pacific_Southwest,Thunnus maccoyii,Southern bluefin tuna,"Tunas, bonitos, billfishes",Pacific Southwest,0.532633146,0.635383628,0.708069354,0.793310242,0.996744906,0.117644297,0.722755579,145291.0426,1972,0.127217997,199004.5743,6178.801995,0.063608998,14797,CBA
Thunnus_maccoyii-Pacific_Southwest,Thunnus maccoyii,Southern bluefin tuna,"Tunas, bonitos, billfishes",Pacific Southwest,0.505475345,0.605043095,0.675975072,0.754492017,0.95736252,0.113965958,0.689128303,145291.0426,1973,0.127217997,199004.5743,6178.801995,0.063608998,9090,CBA
Thunnus_maccoyii-Pacific_Southwest,Thunnus maccoyii,Southern bluefin tuna,"Tunas, bonitos, billfishes",Pacific Southwest,0.498675693,0.595487699,0.658139949,0.737399587,0.920489096,0.108779887,0.673387006,145291.0426,1974,0.127217997,199004.5743,6178.801995,0.063608998,7172,CBA
Thunnus_maccoyii-Pacific_Southwest,Thunnus maccoyii,Southern bluefin tuna,"Tunas, bonitos, billfishes",Pacific Southwest,0.470865929,0.559932949,0.617396002,0.693536925,0.866165676,0.102622131,0.632367605,145291.0426,1975,0.127217997,199004.5743,6178.801995,0.063608998,9465,CBA
Thunnus_maccoyii-Pacific_Southwest,Thunnus maccoyii,Southern bluefin tuna,"Tunas, bonitos, billfishes",Pacific Southwest,0.423491781,0.502276375,0.559275156,0.629731781,0.786760967,0.097657228,0.573039487,145291.0426,1976,0.127217997,199004.5743,6178.801995,0.063608998,11222,CBA
Thunnus_maccoyii-Pacific_Southwest,Thunnus maccoyii,Southern bluefin tuna,"Tunas, bonitos, billfishes",Pacific Southwest,0.430972563,0.50773034,0.55905055,0.627650546,0.783795754,0.091814083,0.572601976,145291.0426,1977,0.127217997,199004.5743,6178.801995,0.063608998,4979,CBA
Thunnus_maccoyii-Pacific_Southwest,Thunnus maccoyii,Southern bluefin tuna,"Tunas, bonitos, billfishes",Pacific Southwest,0.41452866,0.482614284,0.53060443,0.591026499,0.745277998,0.086119675,0.544001569,145291.0426,1978,0.127217997,199004.5743,6178.801995,0.063608998,7761,CBA
Thunnus_maccoyii-Pacific_Southwest,Thunnus maccoyii,Southern bluefin tuna,"Tunas, bonitos, billfishes",Pacific Southwest,0.377156001,0.438465391,0.479527694,0.54245825,0.69442278,0.082347485,0.496516483,145291.0426,1979,0.127217997,199004.5743,6178.801995,0.063608998,9486,CBA
Thunnus_maccoyii-Pacific_Southwest,Thunnus maccoyii,Southern bluefin tuna,"Tunas, bonitos, billfishes",Pacific Southwest,0.298110457,0.349297728,0.390850935,0.448575203,0.597650617,0.079451731,0.406531721,145291.0426,1980,0.127217997,199004.5743,6178.801995,0.063608998,13273,CBA
Thunnus_maccoyii-Pacific_Southwest,Thunnus maccoyii,Southern bluefin tuna,"Tunas, bonitos, billfishes",Pacific Southwest,0.222030989,0.270010469,0.310956934,0.36649342,0.520714937,0.078317922,0.326564952,145291.0426,1981,0.127217997,199004.5743,6178.801995,0.063608998,11665,CBA
Thunnus_maccoyii-Pacific_Southwest,Thunnus maccoyii,Southern bluefin tuna,"Tunas, bonitos, billfishes",Pacific Southwest,0.18687784,0.235874951,0.276873823,0.334589838,0.484428482,0.078234744,0.293298558,145291.0426,1982,0.127217997,199004.5743,6178.801995,0.063608998,6464,CBA
Thunnus_maccoyii-Pacific_Southwest,Thunnus maccoyii,Southern bluefin tuna,"Tunas, bonitos, billfishes",Pacific Southwest,0.171293675,0.22230835,0.262832749,0.319089873,0.476663752,0.078165,0.279201244,145291.0426,1983,0.127217997,199004.5743,6178.801995,0.063608998,4249,CBA
Thunnus_maccoyii-Pacific_Southwest,Thunnus maccoyii,Southern bluefin tuna,"Tunas, bonitos, billfishes",Pacific Southwest,0.169824974,0.220140432,0.261480343,0.319709189,0.476682347,0.07871536,0.277703848,145291.0426,1984,0.127217997,199004.5743,6178.801995,0.063608998,2860,CBA
Thunnus_maccoyii-Pacific_Southwest,Thunnus maccoyii,Southern bluefin tuna,"Tunas, bonitos, billfishes",Pacific Southwest,0.1670752,0.218830931,0.260184359,0.31605674,0.477297554,0.079446895,0.276707171,145291.0426,1985,0.127217997,199004.5743,6178.801995,0.063608998,2817,CBA
Thunnus_maccoyii-Pacific_Southwest,Thunnus maccoyii,Southern bluefin tuna,"Tunas, bonitos, billfishes",Pacific Southwest,0.170815293,0.220280159,0.263664711,0.319238578,0.484694584,0.080474545,0.279429286,145291.0426,1986,0.127217997,199004.5743,6178.801995,0.063608998,2414,CBA
Thunnus_maccoyii-Pacific_Southwest,Thunnus maccoyii,Southern bluefin tuna,"Tunas, bonitos, billfishes",Pacific Southwest,0.171696223,0.222269992,0.265076242,0.32439184,0.484817316,0.080715675,0.282008144,145291.0426,1987,0.127217997,199004.5743,6178.801995,0.063608998,2477,CBA
Thunnus_maccoyii-Pacific_Southwest,Thunnus maccoyii,Southern bluefin tuna,"Tunas, bonitos, billfishes",Pacific Southwest,0.18419287,0.23243027,0.275198489,0.330762546,0.494956283,0.080002135,0.29209277,145291.0426,1988,0.127217997,199004.5743,6178.801995,0.063608998,1743,CBA
Thunnus_maccoyii-Pacific_Southwest,Thunnus maccoyii,Southern bluefin tuna,"Tunas, bonitos, billfishes",Pacific Southwest,0.193165818,0.240675596,0.28158706,0.336568403,0.498397038,0.08038734,0.299525587,145291.0426,1989,0.127217997,199004.5743,6178.801995,0.063608998,2116,CBA
Thunnus_maccoyii-Pacific_Southwest,Thunnus maccoyii,Southern bluefin tuna,"Tunas, bonitos, billfishes",Pacific Southwest,0.191047234,0.239463182,0.278323771,0.335765925,0.492123438,0.079994995,0.296613356,145291.0426,1990,0.127217997,199004.5743,6178.801995,0.063608998,3123,CBA
Thunnus_maccoyii-Pacific_Southwest,Thunnus maccoyii,Southern bluefin tuna,"Tunas, bonitos, billfishes",Pacific Southwest,0.197399341,0.242538934,0.283634369,0.34242214,0.504946061,0.080508433,0.301392056,145291.0426,1991,0.127217997,199004.5743,6178.801995,0.063608998,2431,CBA
Thunnus_maccoyii-Pacific_Southwest,Thunnus maccoyii,Southern bluefin tuna,"Tunas, bonitos, billfishes",Pacific Southwest,0.177414128,0.221541754,0.262654103,0.325043025,0.500126399,0.082730114,0.282266447,145291.0426,1992,0.127217997,199004.5743,6178.801995,0.063608998,4820,CBA
Thunnus_maccoyii-Pacific_Southwest,Thunnus maccoyii,Southern bluefin tuna,"Tunas, bonitos, billfishes",Pacific Southwest,0.152391227,0.198077276,0.238502592,0.300921448,0.480234613,0.084710055,0.258996568,145291.0426,1993,0.127217997,199004.5743,6178.801995,0.063608998,5042,CBA
Thunnus_maccoyii-Pacific_Southwest,Thunnus maccoyii,Southern bluefin tuna,"Tunas, bonitos, billfishes",Pacific Southwest,0.1384032,0.183893163,0.228091818,0.288273855,0.471846963,0.086374439,0.247829729,145291.0426,1994,0.127217997,199004.5743,6178.801995,0.063608998,3596,CBA
Thunnus_maccoyii-Pacific_Southwest,Thunnus maccoyii,Southern bluefin tuna,"Tunas, bonitos, billfishes",Pacific Southwest,0.125860733,0.174763361,0.220755262,0.285898251,0.467268355,0.089014453,0.240549496,145291.0426,1995,0.127217997,199004.5743,6178.801995,0.063608998,3217,CBA
Thunnus_maccoyii-Pacific_Southwest,Thunnus maccoyii,Southern bluefin tuna,"Tunas, bonitos, billfishes",Pacific Southwest,0.12513977,0.173677393,0.223521371,0.291137489,0.473963142,0.091316903,0.243549582,145291.0426,1996,0.127217997,199004.5743,6178.801995,0.063608998,2086,CBA
Thunnus_maccoyii-Pacific_Southwest,Thunnus maccoyii,Southern bluefin tuna,"Tunas, bonitos, billfishes",Pacific Southwest,0.127875733,0.17617904,0.227493176,0.296818591,0.484238792,0.095008412,0.248453797,145291.0426,1997,0.127217997,199004.5743,6178.801995,0.063608998,1894,CBA
Thunnus_maccoyii-Pacific_Southwest,Thunnus maccoyii,Southern bluefin tuna,"Tunas, bonitos, billfishes",Pacific Southwest,0.127332869,0.176619055,0.230692798,0.304306903,0.48942975,0.097326043,0.252393902,145291.0426,1998,0.127217997,199004.5743,6178.801995,0.063608998,2066,CBA
Thunnus_maccoyii-Pacific_Southwest,Thunnus maccoyii,Southern bluefin tuna,"Tunas, bonitos, billfishes",Pacific Southwest,0.118598085,0.17053458,0.228093949,0.306560279,0.491136871,0.101005669,0.249160167,145291.0426,1999,0.127217997,199004.5743,6178.801995,0.063608998,2763,CBA
Thunnus_maccoyii-Pacific_Southwest,Thunnus maccoyii,Southern bluefin tuna,"Tunas, bonitos, billfishes",Pacific Southwest,0.120029457,0.174592504,0.236269404,0.316517584,0.505860135,0.104917235,0.25656996,145291.0426,2000,0.127217997,199004.5743,6178.801995,0.063608998,1704,CBA
Thunnus_maccoyii-Pacific_Southwest,Thunnus maccoyii,Southern bluefin tuna,"Tunas, bonitos, billfishes",Pacific Southwest,0.114573523,0.171056683,0.239151036,0.324229132,0.521589797,0.108720337,0.258726394,145291.0426,2001,0.127217997,199004.5743,6178.801995,0.063608998,2252,CBA
Thunnus_maccoyii-Pacific_Southwest,Thunnus maccoyii,Southern bluefin tuna,"Tunas, bonitos, billfishes",Pacific Southwest,0.107098395,0.169890121,0.240147629,0.330820611,0.532123737,0.113597082,0.260323156,145291.0426,2002,0.127217997,199004.5743,6178.801995,0.063608998,2268,CBA
Thunnus_maccoyii-Pacific_Southwest,Thunnus maccoyii,Southern bluefin tuna,"Tunas, bonitos, billfishes",Pacific Southwest,0.097516583,0.164066305,0.243000684,0.334864476,0.538583716,0.118887723,0.26144542,145291.0426,2003,0.127217997,199004.5743,6178.801995,0.063608998,2367,CBA
Thunnus_maccoyii-Pacific_Southwest,Thunnus maccoyii,Southern bluefin tuna,"Tunas, bonitos, billfishes",Pacific Southwest,0.09453415,0.170216482,0.254169583,0.35035783,0.556840454,0.124504107,0.270738331,145291.0426,2004,0.127217997,199004.5743,6178.801995,0.063608998,1579,CBA
Thunnus_maccoyii-Pacific_Southwest,Thunnus maccoyii,Southern bluefin tuna,"Tunas, bonitos, billfishes",Pacific Southwest,0.095862904,0.175212062,0.26836426,0.370554038,0.585489272,0.131019317,0.283867507,145291.0426,2005,0.127217997,199004.5743,6178.801995,0.063608998,1298,CBA
Thunnus_maccoyii-Pacific_Southwest,Thunnus maccoyii,Southern bluefin tuna,"Tunas, bonitos, billfishes",Pacific Southwest,0.100984728,0.189505844,0.287697018,0.393231946,0.606037655,0.137473931,0.302410611,145291.0426,2006,0.127217997,199004.5743,6178.801995,0.063608998,838,CBA
Thunnus_maccoyii-Pacific_Southwest,Thunnus maccoyii,Southern bluefin tuna,"Tunas, bonitos, billfishes",Pacific Southwest,0.108140216,0.206944713,0.311333258,0.419691956,0.62526635,0.143644208,0.323485304,145291.0426,2007,0.127217997,199004.5743,6178.801995,0.063608998,781,CBA
Thunnus_maccoyii-Pacific_Southwest,Thunnus maccoyii,Southern bluefin tuna,"Tunas, bonitos, billfishes",Pacific Southwest,0.112259164,0.219940419,0.336200103,0.449789024,0.653385818,0.150317835,0.345375676,145291.0426,2008,0.127217997,199004.5743,6178.801995,0.063608998,902,CBA
Thunnus_maccoyii-Pacific_Southwest,Thunnus maccoyii,Southern bluefin tuna,"Tunas, bonitos, billfishes",Pacific Southwest,0.114386835,0.230119063,0.356896499,0.47458787,0.671389753,0.158089811,0.363975808,145291.0426,2009,0.127217997,199004.5743,6178.801995,0.063608998,1356,CBA
Thunnus_maccoyii-Pacific_Southwest,Thunnus maccoyii,Southern bluefin tuna,"Tunas, bonitos, billfishes",Pacific Southwest,0.115317945,0.239231854,0.381512057,0.504690244,0.696819126,0.166360148,0.382791968,145291.0426,2010,0.127217997,199004.5743,6178.801995,0.063608998,1471,CBA
Thunnus_maccoyii-Pacific_Southwest,Thunnus maccoyii,Southern bluefin tuna,"Tunas, bonitos, billfishes",Pacific Southwest,0.116944622,0.251252346,0.409090865,0.531691024,0.723115163,0.174445438,0.402299223,145291.0426,2011,0.127217997,199004.5743,6178.801995,0.063608998,1533,CBA
Thunnus_maccoyii-Pacific_Southwest,Thunnus maccoyii,Southern bluefin tuna,"Tunas, bonitos, billfishes",Pacific Southwest,0.112835179,0.263127472,0.429375022,0.560310329,0.745458265,0.182971811,0.420807301,145291.0426,2012,0.127217997,199004.5743,6178.801995,0.063608998,1701,CBA
Thunnus_maccoyii-Pacific_Southwest,Thunnus maccoyii,Southern bluefin tuna,"Tunas, bonitos, billfishes",Pacific Southwest,0.105835144,0.272936697,0.446166906,0.592401728,0.768795892,0.192323793,0.43761722,145291.0426,2013,0.127217997,199004.5743,6178.801995,0.063608998,2054,CBA
Thunnus_maccoyii-Pacific_Southwest,Thunnus maccoyii,Southern bluefin tuna,"Tunas, bonitos, billfishes",Pacific Southwest,0.095016679,0.278531237,0.464235113,0.621999544,0.78795662,0.202551104,0.451331012,145291.0426,2014,0.127217997,199004.5743,6178.801995,0.063608998,2347,CBA
Thunnus_maccoyii-Pacific_Southwest,Thunnus maccoyii,Southern bluefin tuna,"Tunas, bonitos, billfishes",Pacific Southwest,0.076277558,0.274487564,0.478232348,0.643015953,0.787452485,0.213403984,0.459427043,145291.0426,2015,0.127217997,199004.5743,6178.801995,0.063608998,3041,CBA
Thunnus_maccoyii-Pacific_Southwest,Thunnus maccoyii,Southern bluefin tuna,"Tunas, bonitos, billfishes",Pacific Southwest,0.053349567,0.275211673,0.492545371,0.671750556,0.790315715,0.226485512,0.467083156,145291.0426,2016,0.127217997,199004.5743,6178.801995,0.063608998,3165,CBA
Thunnus_orientalis-Pacific_Eastern Central,Thunnus orientalis,Pacific bluefin tuna,"Tunas, bonitos, billfishes",Pacific Eastern Central,1.088920778,1.39962676,1.57043248,1.737574604,1.926980849,0.229102517,1.55414384,82188.39314,1950,0.249747127,111651.6081,6964.285006,0.124873564,1242,CBA
Thunnus_orientalis-Pacific_Eastern Central,Thunnus orientalis,Pacific bluefin tuna,"Tunas, bonitos, billfishes",Pacific Eastern Central,1.160865715,1.468014567,1.626425491,1.760274072,1.930836957,0.200453738,1.605493975,82188.39314,1951,0.249747127,111651.6081,6964.285006,0.124873564,1752,CBA
Thunnus_orientalis-Pacific_Eastern Central,Thunnus orientalis,Pacific bluefin tuna,"Tunas, bonitos, billfishes",Pacific Eastern Central,1.243368979,1.528704878,1.676859691,1.777118311,1.93965549,0.178120598,1.648543117,82188.39314,1952,0.249747127,111651.6081,6964.285006,0.124873564,2079,CBA
Thunnus_orientalis-Pacific_Eastern Central,Thunnus orientalis,Pacific bluefin tuna,"Tunas, bonitos, billfishes",Pacific Eastern Central,1.305641874,1.542920424,1.668578806,1.774932426,1.923591152,0.16244995,1.649858447,82188.39314,1953,0.249747127,111651.6081,6964.285006,0.124873564,4448,CBA
Thunnus_orientalis-Pacific_Eastern Central,Thunnus orientalis,Pacific bluefin tuna,"Tunas, bonitos, billfishes",Pacific Eastern Central,1.248966036,1.473382452,1.569500966,1.666881183,1.830122237,0.153167788,1.561953051,82188.39314,1954,0.249747127,111651.6081,6964.285006,0.124873564,9554,CBA
Thunnus_orientalis-Pacific_Eastern Central,Thunnus orientalis,Pacific bluefin tuna,"Tunas, bonitos, billfishes",Pacific Eastern Central,1.236687092,1.457400483,1.548683573,1.645364362,1.845147625,0.14907351,1.549041357,82188.39314,1955,0.249747127,111651.6081,6964.285006,0.124873564,6177,CBA
Thunnus_orientalis-Pacific_Eastern Central,Thunnus orientalis,Pacific bluefin tuna,"Tunas, bonitos, billfishes",Pacific Eastern Central,1.279798463,1.443372529,1.541266433,1.644186866,1.83733263,0.146641898,1.543004017,82188.39314,1956,0.249747127,111651.6081,6964.285006,0.124873564,5735,CBA
Thunnus_orientalis-Pacific_Eastern Central,Thunnus orientalis,Pacific bluefin tuna,"Tunas, bonitos, billfishes",Pacific Eastern Central,1.219774878,1.386874141,1.476944564,1.574270442,1.756631576,0.140451156,1.483276851,82188.39314,1957,0.249747127,111651.6081,6964.285006,0.124873564,9219,CBA
Thunnus_orientalis-Pacific_Eastern Central,Thunnus orientalis,Pacific bluefin tuna,"Tunas, bonitos, billfishes",Pacific Eastern Central,1.064538664,1.256515355,1.341006232,1.435438862,1.621408781,0.140363385,1.347170553,82188.39314,1958,0.249747127,111651.6081,6964.285006,0.124873564,13941,CBA
Thunnus_orientalis-Pacific_Eastern Central,Thunnus orientalis,Pacific bluefin tuna,"Tunas, bonitos, billfishes",Pacific Eastern Central,1.077015067,1.255725792,1.335998631,1.428645326,1.622795092,0.135765627,1.344138235,82188.39314,1959,0.249747127,111651.6081,6964.285006,0.124873564,7508,CBA
Thunnus_orientalis-Pacific_Eastern Central,Thunnus orientalis,Pacific bluefin tuna,"Tunas, bonitos, billfishes",Pacific Eastern Central,1.117521729,1.272057016,1.350941629,1.430337825,1.610301039,0.126701742,1.357209421,82188.39314,1960,0.249747127,111651.6081,6964.285006,0.124873564,6026,CBA
Thunnus_orientalis-Pacific_Eastern Central,Thunnus orientalis,Pacific bluefin tuna,"Tunas, bonitos, billfishes",Pacific Eastern Central,1.090062156,1.229803957,1.296894887,1.367146463,1.545445481,0.116965403,1.301204487,82188.39314,1961,0.249747127,111651.6081,6964.285006,0.124873564,10086,CBA
Thunnus_orientalis-Pacific_Eastern Central,Thunnus orientalis,Pacific bluefin tuna,"Tunas, bonitos, billfishes",Pacific Eastern Central,0.969770979,1.074950751,1.153228573,1.220371415,1.37667218,0.110962491,1.154760265,82188.39314,1962,0.249747127,111651.6081,6964.285006,0.124873564,15075,CBA
Thunnus_orientalis-Pacific_Eastern Central,Thunnus orientalis,Pacific bluefin tuna,"Tunas, bonitos, billfishes",Pacific Eastern Central,0.842002982,0.955206527,1.022972519,1.095341516,1.230452106,0.104174488,1.026991832,82188.39314,1963,0.249747127,111651.6081,6964.285006,0.124873564,14368,CBA
Thunnus_orientalis-Pacific_Eastern Central,Thunnus orientalis,Pacific bluefin tuna,"Tunas, bonitos, billfishes",Pacific Eastern Central,0.781095234,0.896505737,0.960895496,1.030314054,1.151315473,0.09758479,0.965255887,82188.39314,1964,0.249747127,111651.6081,6964.285006,0.124873564,10904,CBA
Thunnus_orientalis-Pacific_Eastern Central,Thunnus orientalis,Pacific bluefin tuna,"Tunas, bonitos, billfishes",Pacific Eastern Central,0.782543022,0.893374482,0.950691887,1.023174574,1.148092562,0.094375353,0.958510276,82188.39314,1965,0.249747127,111651.6081,6964.285006,0.124873564,7625,CBA
Thunnus_orientalis-Pacific_Eastern Central,Thunnus orientalis,Pacific bluefin tuna,"Tunas, bonitos, billfishes",Pacific Eastern Central,0.640388972,0.735019499,0.789428729,0.859317534,1.001042571,0.09123922,0.799028982,82188.39314,1966,0.249747127,111651.6081,6964.285006,0.124873564,16146,CBA
Thunnus_orientalis-Pacific_Eastern Central,Thunnus orientalis,Pacific bluefin tuna,"Tunas, bonitos, billfishes",Pacific Eastern Central,0.644544401,0.744771979,0.79841728,0.861295038,0.998190163,0.089928604,0.803928645,82188.39314,1967,0.249747127,111651.6081,6964.285006,0.124873564,6528,CBA
Thunnus_orientalis-Pacific_Eastern Central,Thunnus orientalis,Pacific bluefin tuna,"Tunas, bonitos, billfishes",Pacific Eastern Central,0.662882786,0.757765948,0.816851544,0.879199054,1.008691442,0.088197423,0.820842322,82188.39314,1968,0.249747127,111651.6081,6964.285006,0.124873564,6126,CBA
Thunnus_orientalis-Pacific_Eastern Central,Thunnus orientalis,Pacific bluefin tuna,"Tunas, bonitos, billfishes",Pacific Eastern Central,0.677735783,0.751858212,0.809043653,0.864928795,0.977948779,0.082001041,0.812742671,82188.39314,1969,0.249747127,111651.6081,6964.285006,0.124873564,7242,CBA
Thunnus_orientalis-Pacific_Eastern Central,Thunnus orientalis,Pacific bluefin tuna,"Tunas, bonitos, billfishes",Pacific Eastern Central,0.682276246,0.76907656,0.826864978,0.871319386,0.983762797,0.076136338,0.824625977,82188.39314,1970,0.249747127,111651.6081,6964.285006,0.124873564,6114,CBA
Thunnus_orientalis-Pacific_Eastern Central,Thunnus orientalis,Pacific bluefin tuna,"Tunas, bonitos, billfishes",Pacific Eastern Central,0.660404512,0.723023654,0.763030909,0.805137831,0.888739289,0.062925186,0.765133497,82188.39314,1971,0.249747127,111651.6081,6964.285006,0.124873564,10020,CBA
Thunnus_orientalis-Pacific_Eastern Central,Thunnus orientalis,Pacific bluefin tuna,"Tunas, bonitos, billfishes",Pacific Eastern Central,0.549274257,0.605876879,0.636422692,0.677723607,0.759079039,0.054530694,0.642020289,82188.39314,1972,0.249747127,111651.6081,6964.285006,0.124873564,13508,CBA
Thunnus_orientalis-Pacific_Eastern Central,Thunnus orientalis,Pacific bluefin tuna,"Tunas, bonitos, billfishes",Pacific Eastern Central,0.46941141,0.516330388,0.548958798,0.582093382,0.65649955,0.049049453,0.552232967,82188.39314,1973,0.249747127,111651.6081,6964.285006,0.124873564,11008,CBA
Thunnus_orientalis-Pacific_Eastern Central,Thunnus orientalis,Pacific bluefin tuna,"Tunas, bonitos, billfishes",Pacific Eastern Central,0.466522308,0.519550625,0.546393271,0.575150136,0.636377824,0.043256224,0.54874676,82188.39314,1974,0.249747127,111651.6081,6964.285006,0.124873564,5685,CBA
Thunnus_orientalis-Pacific_Eastern Central,Thunnus orientalis,Pacific bluefin tuna,"Tunas, bonitos, billfishes",Pacific Eastern Central,0.41065391,0.447064865,0.470451416,0.49652214,0.554095342,0.037160696,0.47320151,82188.39314,1975,0.249747127,111651.6081,6964.285006,0.124873564,9677,CBA
Thunnus_orientalis-Pacific_Eastern Central,Thunnus orientalis,Pacific bluefin tuna,"Tunas, bonitos, billfishes",Pacific Eastern Central,0.314097561,0.345342335,0.363840157,0.386281924,0.442089025,0.032425978,0.367785973,82188.39314,1976,0.249747127,111651.6081,6964.285006,0.124873564,10831,CBA
Thunnus_orientalis-Pacific_Eastern Central,Thunnus orientalis,Pacific bluefin tuna,"Tunas, bonitos, billfishes",Pacific Eastern Central,0.23563334,0.26187471,0.277040357,0.296410515,0.343858589,0.027449069,0.281030994,82188.39314,1977,0.249747127,111651.6081,6964.285006,0.124873564,8897,CBA
Thunnus_orientalis-Pacific_Eastern Central,Thunnus orientalis,Pacific bluefin tuna,"Tunas, bonitos, billfishes",Pacific Eastern Central,0.19609877,0.221998375,0.23739514,0.255066312,0.297555976,0.026284202,0.240231008,82188.39314,1978,0.249747127,111651.6081,6964.285006,0.124873564,5555,CBA
Thunnus_orientalis-Pacific_Eastern Central,Thunnus orientalis,Pacific bluefin tuna,"Tunas, bonitos, billfishes",Pacific Eastern Central,0.150292575,0.17160324,0.187471752,0.204888344,0.248796379,0.025667124,0.190474637,82188.39314,1979,0.249747127,111651.6081,6964.285006,0.124873564,5681,CBA
Thunnus_orientalis-Pacific_Eastern Central,Thunnus orientalis,Pacific bluefin tuna,"Tunas, bonitos, billfishes",Pacific Eastern Central,0.139958018,0.161293049,0.176867483,0.195698344,0.244972068,0.026466717,0.181215236,82188.39314,1980,0.249747127,111651.6081,6964.285006,0.124873564,2845,CBA
Thunnus_orientalis-Pacific_Eastern Central,Thunnus orientalis,Pacific bluefin tuna,"Tunas, bonitos, billfishes",Pacific Eastern Central,0.14157011,0.164602249,0.180898303,0.200545318,0.249894358,0.027220865,0.184678924,82188.39314,1981,0.249747127,111651.6081,6964.285006,0.124873564,2099,CBA
Thunnus_orientalis-Pacific_Eastern Central,Thunnus orientalis,Pacific bluefin tuna,"Tunas, bonitos, billfishes",Pacific Eastern Central,0.127725085,0.150815028,0.16693713,0.187810881,0.23805365,0.02858158,0.17137073,82188.39314,1982,0.249747127,111651.6081,6964.285006,0.124873564,3007,CBA
Thunnus_orientalis-Pacific_Eastern Central,Thunnus orientalis,Pacific bluefin tuna,"Tunas, bonitos, billfishes",Pacific Eastern Central,0.14642592,0.17096386,0.186242632,0.206491258,0.26113853,0.029580298,0.1911885,82188.39314,1983,0.249747127,111651.6081,6964.285006,0.124873564,993,CBA
Thunnus_orientalis-Pacific_Eastern Central,Thunnus orientalis,Pacific bluefin tuna,"Tunas, bonitos, billfishes",Pacific Eastern Central,0.163973807,0.188634401,0.204020953,0.224890085,0.282981562,0.030459148,0.20918815,82188.39314,1984,0.249747127,111651.6081,6964.285006,0.124873564,1342,CBA
Thunnus_orientalis-Pacific_Eastern Central,Thunnus orientalis,Pacific bluefin tuna,"Tunas, bonitos, billfishes",Pacific Eastern Central,0.134063309,0.157340229,0.174127662,0.194985805,0.260293243,0.031433625,0.179247703,82188.39314,1985,0.249747127,111651.6081,6964.285006,0.124873564,4216,CBA
Thunnus_orientalis-Pacific_Eastern Central,Thunnus orientalis,Pacific bluefin tuna,"Tunas, bonitos, billfishes",Pacific Eastern Central,0.08760287,0.112361435,0.12887624,0.150741462,0.219807334,0.033305742,0.135207432,82188.39314,1986,0.249747127,111651.6081,6964.285006,0.124873564,4653,CBA
Thunnus_orientalis-Pacific_Eastern Central,Thunnus orientalis,Pacific bluefin tuna,"Tunas, bonitos, billfishes",Pacific Eastern Central,0.099346543,0.126379239,0.144044195,0.165536399,0.251324793,0.037372782,0.150180216,82188.39314,1987,0.249747127,111651.6081,6964.285006,0.124873564,860,CBA
Thunnus_orientalis-Pacific_Eastern Central,Thunnus orientalis,Pacific bluefin tuna,"Tunas, bonitos, billfishes",Pacific Eastern Central,0.104151482,0.133609032,0.154878925,0.178950996,0.270993668,0.041671997,0.16222274,82188.39314,1988,0.249747127,111651.6081,6964.285006,0.124873564,1235,CBA
Thunnus_orientalis-Pacific_Eastern Central,Thunnus orientalis,Pacific bluefin tuna,"Tunas, bonitos, billfishes",Pacific Eastern Central,0.114987579,0.146959099,0.171402156,0.200354022,0.294283107,0.045460517,0.179441492,82188.39314,1989,0.249747127,111651.6081,6964.285006,0.124873564,1018,CBA
Thunnus_orientalis-Pacific_Eastern Central,Thunnus orientalis,Pacific bluefin tuna,"Tunas, bonitos, billfishes",Pacific Eastern Central,0.122925111,0.158123304,0.186295323,0.217721512,0.328055976,0.051113018,0.193809556,82188.39314,1990,0.249747127,111651.6081,6964.285006,0.124873564,1408,CBA
Thunnus_orientalis-Pacific_Eastern Central,Thunnus orientalis,Pacific bluefin tuna,"Tunas, bonitos, billfishes",Pacific Eastern Central,0.148577822,0.189158655,0.219940299,0.255195007,0.37606717,0.056002953,0.228518274,82188.39314,1991,0.249747127,111651.6081,6964.285006,0.124873564,456,CBA
Thunnus_orientalis-Pacific_Eastern Central,Thunnus orientalis,Pacific bluefin tuna,"Tunas, bonitos, billfishes",Pacific Eastern Central,0.164142486,0.210647028,0.242552369,0.282628457,0.408880133,0.060665381,0.254199242,82188.39314,1992,0.249747127,111651.6081,6964.285006,0.124873564,1191,CBA
Thunnus_orientalis-Pacific_Eastern Central,Thunnus orientalis,Pacific bluefin tuna,"Tunas, bonitos, billfishes",Pacific Eastern Central,0.201462467,0.251061663,0.286436458,0.328272307,0.465788826,0.065227298,0.296010504,82188.39314,1993,0.249747127,111651.6081,6964.285006,0.124873564,631,CBA
Thunnus_orientalis-Pacific_Eastern Central,Thunnus orientalis,Pacific bluefin tuna,"Tunas, bonitos, billfishes",Pacific Eastern Central,0.237785274,0.288361297,0.326687726,0.373572683,0.501647363,0.068899323,0.337088123,82188.39314,1994,0.249747127,111651.6081,6964.285006,0.124873564,991,CBA
Thunnus_orientalis-Pacific_Eastern Central,Thunnus orientalis,Pacific bluefin tuna,"Tunas, bonitos, billfishes",Pacific Eastern Central,0.286846117,0.338379614,0.377599927,0.427769244,0.573479703,0.071463021,0.390428802,82188.39314,1995,0.249747127,111651.6081,6964.285006,0.124873564,739,CBA
Thunnus_orientalis-Pacific_Eastern Central,Thunnus orientalis,Pacific bluefin tuna,"Tunas, bonitos, billfishes",Pacific Eastern Central,0.210376926,0.259766054,0.303746778,0.353532051,0.497676569,0.073551169,0.314760157,82188.39314,1996,0.249747127,111651.6081,6964.285006,0.124873564,8479,CBA
Thunnus_orientalis-Pacific_Eastern Central,Thunnus orientalis,Pacific bluefin tuna,"Tunas, bonitos, billfishes",Pacific Eastern Central,0.221799638,0.273737111,0.317249091,0.370771722,0.528416822,0.078376339,0.330709425,82188.39314,1997,0.249747127,111651.6081,6964.285006,0.124873564,2641,CBA
Thunnus_orientalis-Pacific_Eastern Central,Thunnus orientalis,Pacific bluefin tuna,"Tunas, bonitos, billfishes",Pacific Eastern Central,0.245080708,0.299146532,0.3457414,0.404843042,0.591775974,0.082948455,0.360156309,82188.39314,1998,0.249747127,111651.6081,6964.285006,0.124873564,1993,CBA
Thunnus_orientalis-Pacific_Eastern Central,Thunnus orientalis,Pacific bluefin tuna,"Tunas, bonitos, billfishes",Pacific Eastern Central,0.26668046,0.322059156,0.372140016,0.42964942,0.598392346,0.08645197,0.385033784,82188.39314,1999,0.249747127,111651.6081,6964.285006,0.124873564,2549,CBA
Thunnus_orientalis-Pacific_Eastern Central,Thunnus orientalis,Pacific bluefin tuna,"Tunas, bonitos, billfishes",Pacific Eastern Central,0.2715797,0.335015584,0.384926943,0.443376747,0.611456924,0.089275537,0.398625527,82188.39314,2000,0.249747127,111651.6081,6964.285006,0.124873564,3346,CBA
Thunnus_orientalis-Pacific_Eastern Central,Thunnus orientalis,Pacific bluefin tuna,"Tunas, bonitos, billfishes",Pacific Eastern Central,0.313575681,0.385299544,0.438328865,0.498065055,0.648409013,0.091993276,0.450908262,82188.39314,2001,0.249747127,111651.6081,6964.285006,0.124873564,1179,CBA
Thunnus_orientalis-Pacific_Eastern Central,Thunnus orientalis,Pacific bluefin tuna,"Tunas, bonitos, billfishes",Pacific Eastern Central,0.369078388,0.441895311,0.494141761,0.558569208,0.711654079,0.092108861,0.507299826,82188.39314,2002,0.249747127,111651.6081,6964.285006,0.124873564,1371,CBA
Thunnus_orientalis-Pacific_Eastern Central,Thunnus orientalis,Pacific bluefin tuna,"Tunas, bonitos, billfishes",Pacific Eastern Central,0.43332777,0.508984894,0.559651318,0.623215657,0.773531839,0.090469787,0.572035755,82188.39314,2003,0.249747127,111651.6081,6964.285006,0.124873564,1265,CBA
Thunnus_orientalis-Pacific_Eastern Central,Thunnus orientalis,Pacific bluefin tuna,"Tunas, bonitos, billfishes",Pacific Eastern Central,0.38238796,0.450483129,0.497550055,0.5551539,0.719604597,0.089381018,0.511126384,82188.39314,2004,0.249747127,111651.6081,6964.285006,0.124873564,8699,CBA
Thunnus_orientalis-Pacific_Eastern Central,Thunnus orientalis,Pacific bluefin tuna,"Tunas, bonitos, billfishes",Pacific Eastern Central,0.388933575,0.456483534,0.504913903,0.572608725,0.719322721,0.089348198,0.521126697,82188.39314,2005,0.249747127,111651.6081,6964.285006,0.124873564,4595,CBA
Thunnus_orientalis-Pacific_Eastern Central,Thunnus orientalis,Pacific bluefin tuna,"Tunas, bonitos, billfishes",Pacific Eastern Central,0.311110646,0.381770825,0.427311857,0.504518405,0.649231593,0.091211185,0.445595083,82188.39314,2006,0.249747127,111651.6081,6964.285006,0.124873564,9337,CBA
Thunnus_orientalis-Pacific_Eastern Central,Thunnus orientalis,Pacific bluefin tuna,"Tunas, bonitos, billfishes",Pacific Eastern Central,0.309736325,0.379014562,0.435716134,0.500926004,0.658938318,0.09486756,0.447776463,82188.39314,2007,0.249747127,111651.6081,6964.285006,0.124873564,4378,CBA
Thunnus_orientalis-Pacific_Eastern Central,Thunnus orientalis,Pacific bluefin tuna,"Tunas, bonitos, billfishes",Pacific Eastern Central,0.318761456,0.391667426,0.461976024,0.526960985,0.683480218,0.101441885,0.469483588,82188.39314,2008,0.249747127,111651.6081,6964.285006,0.124873564,3445,CBA
Thunnus_orientalis-Pacific_Eastern Central,Thunnus orientalis,Pacific bluefin tuna,"Tunas, bonitos, billfishes",Pacific Eastern Central,0.319252923,0.405410485,0.486008472,0.555030808,0.725075944,0.110057236,0.49196685,82188.39314,2009,0.249747127,111651.6081,6964.285006,0.124873564,3481,CBA
Thunnus_orientalis-Pacific_Eastern Central,Thunnus orientalis,Pacific bluefin tuna,"Tunas, bonitos, billfishes",Pacific Eastern Central,0.253100397,0.346425218,0.440129234,0.516949056,0.680240696,0.117051156,0.441470565,82188.39314,2010,0.249747127,111651.6081,6964.285006,0.124873564,7681,CBA
Thunnus_orientalis-Pacific_Eastern Central,Thunnus orientalis,Pacific bluefin tuna,"Tunas, bonitos, billfishes",Pacific Eastern Central,0.25113551,0.368520068,0.474367395,0.563566924,0.729226904,0.129169314,0.471460075,82188.39314,2011,0.249747127,111651.6081,6964.285006,0.124873564,2850,CBA
Thunnus_orientalis-Pacific_Eastern Central,Thunnus orientalis,Pacific bluefin tuna,"Tunas, bonitos, billfishes",Pacific Eastern Central,0.189872153,0.3254606,0.442289739,0.53849195,0.709990397,0.139869647,0.436656393,82188.39314,2012,0.249747127,111651.6081,6964.285006,0.124873564,6692,CBA
Thunnus_orientalis-Pacific_Eastern Central,Thunnus orientalis,Pacific bluefin tuna,"Tunas, bonitos, billfishes",Pacific Eastern Central,0.177677898,0.341600735,0.47262651,0.576302669,0.744901527,0.155234468,0.461695828,82188.39314,2013,0.249747127,111651.6081,6964.285006,0.124873564,3166,CBA
Thunnus_orientalis-Pacific_Eastern Central,Thunnus orientalis,Pacific bluefin tuna,"Tunas, bonitos, billfishes",Pacific Eastern Central,0.124366789,0.311148398,0.470405691,0.583864327,0.73888308,0.172995383,0.451090338,82188.39314,2014,0.249747127,111651.6081,6964.285006,0.124873564,5279,CBA
Thunnus_orientalis-Pacific_Eastern Central,Thunnus orientalis,Pacific bluefin tuna,"Tunas, bonitos, billfishes",Pacific Eastern Central,0.097021806,0.320775542,0.499589343,0.630721583,0.757968945,0.192068463,0.473223391,82188.39314,2015,0.249747127,111651.6081,6964.285006,0.124873564,3186,CBA
Thunnus_orientalis-Pacific_Eastern Central,Thunnus orientalis,Pacific bluefin tuna,"Tunas, bonitos, billfishes",Pacific Eastern Central,0.063946025,0.332745556,0.537669323,0.683383927,0.796770599,0.214662801,0.499804538,82188.39314,2016,0.249747127,111651.6081,6964.285006,0.124873564,3174,CBA
Thunnus_orientalis-Pacific_Northwest,Thunnus orientalis,Pacific bluefin tuna,"Tunas, bonitos, billfishes",Pacific Northwest,1.140317399,1.407425996,1.587332362,1.729368857,1.929041628,0.216895048,1.566687717,153380.9536,1950,0.303437339,212109.2927,15762.42328,0.15171867,200,CBA
Thunnus_orientalis-Pacific_Northwest,Thunnus orientalis,Pacific bluefin tuna,"Tunas, bonitos, billfishes",Pacific Northwest,1.26888664,1.537223059,1.681486587,1.812003961,1.969346066,0.189747385,1.666520167,153380.9536,1951,0.303437339,212109.2927,15762.42328,0.15171867,200,CBA
Thunnus_orientalis-Pacific_Northwest,Thunnus orientalis,Pacific bluefin tuna,"Tunas, bonitos, billfishes",Pacific Northwest,1.240919189,1.487028721,1.598960003,1.716086693,1.885285055,0.166937647,1.592624258,153380.9536,1952,0.303437339,212109.2927,15762.42328,0.15171867,17355,CBA
Thunnus_orientalis-Pacific_Northwest,Thunnus orientalis,Pacific bluefin tuna,"Tunas, bonitos, billfishes",Pacific Northwest,1.246704548,1.452302452,1.55846619,1.657855752,1.857353287,0.153584292,1.55390696,153380.9536,1953,0.303437339,212109.2927,15762.42328,0.15171867,15884,CBA
Thunnus_orientalis-Pacific_Northwest,Thunnus orientalis,Pacific bluefin tuna,"Tunas, bonitos, billfishes",Pacific Northwest,1.20831659,1.40203793,1.500363363,1.589654581,1.772309049,0.140374089,1.495221096,153380.9536,1954,0.303437339,212109.2927,15762.42328,0.15171867,18967,CBA
Thunnus_orientalis-Pacific_Northwest,Thunnus orientalis,Pacific bluefin tuna,"Tunas, bonitos, billfishes",Pacific Northwest,1.118922164,1.285020582,1.376834605,1.461546657,1.627298477,0.130187653,1.374259325,153380.9536,1955,0.303437339,212109.2927,15762.42328,0.15171867,25905,CBA
Thunnus_orientalis-Pacific_Northwest,Thunnus orientalis,Pacific bluefin tuna,"Tunas, bonitos, billfishes",Pacific Northwest,0.966227004,1.099894628,1.185135934,1.276242063,1.450532973,0.126195305,1.191309333,153380.9536,1956,0.303437339,212109.2927,15762.42328,0.15171867,34097,CBA
Thunnus_orientalis-Pacific_Northwest,Thunnus orientalis,Pacific bluefin tuna,"Tunas, bonitos, billfishes",Pacific Northwest,0.860407242,0.994389222,1.075151988,1.168608263,1.353889695,0.128696559,1.08490802,153380.9536,1957,0.303437339,212109.2927,15762.42328,0.15171867,27330,CBA
Thunnus_orientalis-Pacific_Northwest,Thunnus orientalis,Pacific bluefin tuna,"Tunas, bonitos, billfishes",Pacific Northwest,0.882957822,1.011429692,1.094536197,1.188031194,1.371198843,0.128483718,1.103891661,153380.9536,1958,0.303437339,212109.2927,15762.42328,0.15171867,14697,CBA
Thunnus_orientalis-Pacific_Northwest,Thunnus orientalis,Pacific bluefin tuna,"Tunas, bonitos, billfishes",Pacific Northwest,0.887155314,1.016700889,1.098573883,1.184527986,1.390622019,0.128072988,1.106625782,153380.9536,1959,0.303437339,212109.2927,15762.42328,0.15171867,16437,CBA
Thunnus_orientalis-Pacific_Northwest,Thunnus orientalis,Pacific bluefin tuna,"Tunas, bonitos, billfishes",Pacific Northwest,0.833543032,0.967807556,1.048214416,1.136991648,1.339888473,0.12758864,1.057402688,153380.9536,1960,0.303437339,212109.2927,15762.42328,0.15171867,21414,CBA
Thunnus_orientalis-Pacific_Northwest,Thunnus orientalis,Pacific bluefin tuna,"Tunas, bonitos, billfishes",Pacific Northwest,0.777031904,0.91010668,0.985628156,1.070650791,1.278885791,0.126355999,0.995659914,153380.9536,1961,0.303437339,212109.2927,15762.42328,0.15171867,22917,CBA
Thunnus_orientalis-Pacific_Northwest,Thunnus orientalis,Pacific bluefin tuna,"Tunas, bonitos, billfishes",Pacific Northwest,0.722444975,0.858250362,0.943621411,1.032152539,1.241239216,0.129724651,0.950121002,153380.9536,1962,0.303437339,212109.2927,15762.42328,0.15171867,21356,CBA
Thunnus_orientalis-Pacific_Northwest,Thunnus orientalis,Pacific bluefin tuna,"Tunas, bonitos, billfishes",Pacific Northwest,0.663191112,0.794457354,0.88074407,0.972220174,1.200154399,0.134232638,0.891124173,153380.9536,1963,0.303437339,212109.2927,15762.42328,0.15171867,22497,CBA
Thunnus_orientalis-Pacific_Northwest,Thunnus orientalis,Pacific bluefin tuna,"Tunas, bonitos, billfishes",Pacific Northwest,0.597502675,0.733428804,0.821203177,0.919908614,1.151911294,0.13919884,0.834214884,153380.9536,1964,0.303437339,212109.2927,15762.42328,0.15171867,21742,CBA
Thunnus_orientalis-Pacific_Northwest,Thunnus orientalis,Pacific bluefin tuna,"Tunas, bonitos, billfishes",Pacific Northwest,0.547288654,0.68479569,0.777794345,0.884379417,1.130992291,0.148595095,0.793224249,153380.9536,1965,0.303437339,212109.2927,15762.42328,0.15171867,19882,CBA
Thunnus_orientalis-Pacific_Northwest,Thunnus orientalis,Pacific bluefin tuna,"Tunas, bonitos, billfishes",Pacific Northwest,0.525787953,0.685837401,0.782074865,0.895138349,1.134646278,0.155939634,0.79565237,153380.9536,1966,0.303437339,212109.2927,15762.42328,0.15171867,14883,CBA
Thunnus_orientalis-Pacific_Northwest,Thunnus orientalis,Pacific bluefin tuna,"Tunas, bonitos, billfishes",Pacific Northwest,0.52137323,0.680312483,0.78477494,0.899763331,1.153907541,0.163748836,0.798971434,153380.9536,1967,0.303437339,212109.2927,15762.42328,0.15171867,14654,CBA
Thunnus_orientalis-Pacific_Northwest,Thunnus orientalis,Pacific bluefin tuna,"Tunas, bonitos, billfishes",Pacific Northwest,0.49217266,0.668506656,0.78732553,0.906975898,1.167397804,0.172683768,0.794278237,153380.9536,1968,0.303437339,212109.2927,15762.42328,0.15171867,15562,CBA
Thunnus_orientalis-Pacific_Northwest,Thunnus orientalis,Pacific bluefin tuna,"Tunas, bonitos, billfishes",Pacific Northwest,0.52403762,0.720829061,0.84204892,0.967750815,1.236610045,0.182423241,0.850794832,153380.9536,1969,0.303437339,212109.2927,15762.42328,0.15171867,9414,CBA
Thunnus_orientalis-Pacific_Northwest,Thunnus orientalis,Pacific bluefin tuna,"Tunas, bonitos, billfishes",Pacific Northwest,0.588160564,0.787422601,0.920312597,1.044046996,1.313031478,0.188003212,0.923383435,153380.9536,1970,0.303437339,212109.2927,15762.42328,0.15171867,7420,CBA
Thunnus_orientalis-Pacific_Northwest,Thunnus orientalis,Pacific bluefin tuna,"Tunas, bonitos, billfishes",Pacific Northwest,0.636381247,0.843735851,0.978540432,1.110710626,1.37262686,0.190944872,0.985729989,153380.9536,1971,0.303437339,212109.2927,15762.42328,0.15171867,8700,CBA
Thunnus_orientalis-Pacific_Northwest,Thunnus orientalis,Pacific bluefin tuna,"Tunas, bonitos, billfishes",Pacific Northwest,0.704000441,0.923536138,1.050261975,1.1967956,1.433799399,0.191765914,1.060080581,153380.9536,1972,0.303437339,212109.2927,15762.42328,0.15171867,7815,CBA
Thunnus_orientalis-Pacific_Northwest,Thunnus orientalis,Pacific bluefin tuna,"Tunas, bonitos, billfishes",Pacific Northwest,0.777761715,0.991648832,1.116151054,1.259759874,1.503793363,0.188691647,1.12609924,153380.9536,1973,0.303437339,212109.2927,15762.42328,0.15171867,8714,CBA
Thunnus_orientalis-Pacific_Northwest,Thunnus orientalis,Pacific bluefin tuna,"Tunas, bonitos, billfishes",Pacific Northwest,0.786892823,1.001758876,1.120593537,1.256791359,1.474572084,0.181007263,1.12806124,153380.9536,1974,0.303437339,212109.2927,15762.42328,0.15171867,14904,CBA
Thunnus_orientalis-Pacific_Northwest,Thunnus orientalis,Pacific bluefin tuna,"Tunas, bonitos, billfishes",Pacific Northwest,0.841943902,1.046890581,1.159741005,1.284999295,1.52090311,0.17357286,1.165550393,153380.9536,1975,0.303437339,212109.2927,15762.42328,0.15171867,11281,CBA
Thunnus_orientalis-Pacific_Northwest,Thunnus orientalis,Pacific bluefin tuna,"Tunas, bonitos, billfishes",Pacific Northwest,0.913802989,1.115580233,1.217651831,1.337263095,1.570257152,0.166253067,1.229919907,153380.9536,1976,0.303437339,212109.2927,15762.42328,0.15171867,8617,CBA
Thunnus_orientalis-Pacific_Northwest,Thunnus orientalis,Pacific bluefin tuna,"Tunas, bonitos, billfishes",Pacific Northwest,0.960614675,1.136295374,1.24234292,1.343796661,1.555531523,0.155510545,1.242749428,153380.9536,1977,0.303437339,212109.2927,15762.42328,0.15171867,13323,CBA
Thunnus_orientalis-Pacific_Northwest,Thunnus orientalis,Pacific bluefin tuna,"Tunas, bonitos, billfishes",Pacific Northwest,0.913089468,1.074614989,1.169000338,1.269052688,1.474239966,0.141978973,1.17570253,153380.9536,1978,0.303437339,212109.2927,15762.42328,0.15171867,21630,CBA
Thunnus_orientalis-Pacific_Northwest,Thunnus orientalis,Pacific bluefin tuna,"Tunas, bonitos, billfishes",Pacific Northwest,0.848807149,0.97982644,1.068726382,1.153240923,1.360149423,0.13064069,1.074628629,153380.9536,1979,0.303437339,212109.2927,15762.42328,0.15171867,25549,CBA
Thunnus_orientalis-Pacific_Northwest,Thunnus orientalis,Pacific bluefin tuna,"Tunas, bonitos, billfishes",Pacific Northwest,0.819931448,0.950731919,1.024179382,1.118610079,1.310228446,0.124893807,1.036760362,153380.9536,1980,0.303437339,212109.2927,15762.42328,0.15171867,19615,CBA
Thunnus_orientalis-Pacific_Northwest,Thunnus orientalis,Pacific bluefin tuna,"Tunas, bonitos, billfishes",Pacific Northwest,0.657233178,0.779139922,0.855134409,0.938263057,1.130890109,0.121084245,0.864950648,153380.9536,1981,0.303437339,212109.2927,15762.42328,0.15171867,33482,CBA
Thunnus_orientalis-Pacific_Northwest,Thunnus orientalis,Pacific bluefin tuna,"Tunas, bonitos, billfishes",Pacific Northwest,0.553755379,0.673628587,0.749866265,0.838045368,1.030495307,0.124497758,0.761275236,153380.9536,1982,0.303437339,212109.2927,15762.42328,0.15171867,26171,CBA
Thunnus_orientalis-Pacific_Northwest,Thunnus orientalis,Pacific bluefin tuna,"Tunas, bonitos, billfishes",Pacific Northwest,0.493753517,0.617362968,0.702120698,0.794023737,0.990954536,0.131075142,0.712181438,153380.9536,1983,0.303437339,212109.2927,15762.42328,0.15171867,19635,CBA
Thunnus_orientalis-Pacific_Northwest,Thunnus orientalis,Pacific bluefin tuna,"Tunas, bonitos, billfishes",Pacific Northwest,0.522061172,0.646125593,0.736167518,0.828171035,1.06011166,0.137769308,0.746713769,153380.9536,1984,0.303437339,212109.2927,15762.42328,0.15171867,10609,CBA
Thunnus_orientalis-Pacific_Northwest,Thunnus orientalis,Pacific bluefin tuna,"Tunas, bonitos, billfishes",Pacific Northwest,0.533991343,0.667971999,0.756693727,0.854041777,1.072319547,0.142144765,0.768524655,153380.9536,1985,0.303437339,212109.2927,15762.42328,0.15171867,12146,CBA
Thunnus_orientalis-Pacific_Northwest,Thunnus orientalis,Pacific bluefin tuna,"Tunas, bonitos, billfishes",Pacific Northwest,0.520254902,0.663634945,0.758666251,0.861011829,1.097513774,0.149518193,0.770574827,153380.9536,1986,0.303437339,212109.2927,15762.42328,0.15171867,14166,CBA
Thunnus_orientalis-Pacific_Northwest,Thunnus orientalis,Pacific bluefin tuna,"Tunas, bonitos, billfishes",Pacific Northwest,0.510207395,0.662306172,0.752457594,0.864719624,1.112925063,0.154539843,0.770325341,153380.9536,1987,0.303437339,212109.2927,15762.42328,0.15171867,14474,CBA
Thunnus_orientalis-Pacific_Northwest,Thunnus orientalis,Pacific bluefin tuna,"Tunas, bonitos, billfishes",Pacific Northwest,0.573426986,0.718288254,0.817155136,0.927798597,1.180795311,0.156665182,0.83163601,153380.9536,1988,0.303437339,212109.2927,15762.42328,0.15171867,7705,CBA
Thunnus_orientalis-Pacific_Northwest,Thunnus orientalis,Pacific bluefin tuna,"Tunas, bonitos, billfishes",Pacific Northwest,0.608338694,0.762021767,0.861586589,0.970295027,1.221407664,0.156731999,0.873250092,153380.9536,1989,0.303437339,212109.2927,15762.42328,0.15171867,10392,CBA
Thunnus_orientalis-Pacific_Northwest,Thunnus orientalis,Pacific bluefin tuna,"Tunas, bonitos, billfishes",Pacific Northwest,0.683427664,0.83396626,0.931524209,1.035399345,1.296807593,0.15460966,0.943614825,153380.9536,1990,0.303437339,212109.2927,15762.42328,0.15171867,7344,CBA
Thunnus_orientalis-Pacific_Northwest,Thunnus orientalis,Pacific bluefin tuna,"Tunas, bonitos, billfishes",Pacific Northwest,0.687917059,0.831635191,0.928734932,1.029109083,1.276366799,0.150940456,0.93976817,153380.9536,1991,0.303437339,212109.2927,15762.42328,0.15171867,15348,CBA
Thunnus_orientalis-Pacific_Northwest,Thunnus orientalis,Pacific bluefin tuna,"Tunas, bonitos, billfishes",Pacific Northwest,0.718278747,0.859855852,0.956592974,1.056709687,1.271951705,0.144921188,0.967510287,153380.9536,1992,0.303437339,212109.2927,15762.42328,0.15171867,12069,CBA
Thunnus_orientalis-Pacific_Northwest,Thunnus orientalis,Pacific bluefin tuna,"Tunas, bonitos, billfishes",Pacific Northwest,0.770344667,0.911264892,0.998892762,1.099397798,1.308459521,0.138217055,1.009898455,153380.9536,1993,0.303437339,212109.2927,15762.42328,0.15171867,10359,CBA
Thunnus_orientalis-Pacific_Northwest,Thunnus orientalis,Pacific bluefin tuna,"Tunas, bonitos, billfishes",Pacific Northwest,0.770299744,0.910056939,0.986158715,1.083969685,1.273013267,0.129063521,0.999537332,153380.9536,1994,0.303437339,212109.2927,15762.42328,0.15171867,15693,CBA
Thunnus_orientalis-Pacific_Northwest,Thunnus orientalis,Pacific bluefin tuna,"Tunas, bonitos, billfishes",Pacific Northwest,0.674228944,0.797225392,0.873613461,0.956707328,1.128352109,0.117808023,0.882339233,153380.9536,1995,0.303437339,212109.2927,15762.42328,0.15171867,27100,CBA
Thunnus_orientalis-Pacific_Northwest,Thunnus orientalis,Pacific bluefin tuna,"Tunas, bonitos, billfishes",Pacific Northwest,0.690107171,0.806896672,0.879401959,0.959976626,1.128044258,0.112814964,0.88722129,153380.9536,1996,0.303437339,212109.2927,15762.42328,0.15171867,14144,CBA
Thunnus_orientalis-Pacific_Northwest,Thunnus orientalis,Pacific bluefin tuna,"Tunas, bonitos, billfishes",Pacific Northwest,0.659859825,0.766625132,0.838407754,0.909693363,1.047467662,0.103880472,0.842948085,153380.9536,1997,0.303437339,212109.2927,15762.42328,0.15171867,19341,CBA
Thunnus_orientalis-Pacific_Northwest,Thunnus orientalis,Pacific bluefin tuna,"Tunas, bonitos, billfishes",Pacific Northwest,0.694545003,0.797177455,0.863111669,0.936798101,1.075792033,0.099598666,0.868872387,153380.9536,1998,0.303437339,212109.2927,15762.42328,0.15171867,11855,CBA
Thunnus_orientalis-Pacific_Northwest,Thunnus orientalis,Pacific bluefin tuna,"Tunas, bonitos, billfishes",Pacific Northwest,0.635720981,0.729726462,0.789471982,0.853720615,0.994302923,0.092484889,0.795431584,153380.9536,1999,0.303437339,212109.2927,15762.42328,0.15171867,22546,CBA
Thunnus_orientalis-Pacific_Northwest,Thunnus orientalis,Pacific bluefin tuna,"Tunas, bonitos, billfishes",Pacific Northwest,0.542458695,0.625547146,0.681890167,0.745007068,0.878242203,0.088484571,0.690141511,153380.9536,2000,0.303437339,212109.2927,15762.42328,0.15171867,25448,CBA
Thunnus_orientalis-Pacific_Northwest,Thunnus orientalis,Pacific bluefin tuna,"Tunas, bonitos, billfishes",Pacific Northwest,0.535974993,0.619752395,0.672521492,0.73742607,0.873164818,0.086079264,0.6813031,153380.9536,2001,0.303437339,212109.2927,15762.42328,0.15171867,14643,CBA
Thunnus_orientalis-Pacific_Northwest,Thunnus orientalis,Pacific bluefin tuna,"Tunas, bonitos, billfishes",Pacific Northwest,0.529355329,0.608802949,0.660989383,0.72007414,0.857716561,0.085617374,0.669293907,153380.9536,2002,0.303437339,212109.2927,15762.42328,0.15171867,14857,CBA
Thunnus_orientalis-Pacific_Northwest,Thunnus orientalis,Pacific bluefin tuna,"Tunas, bonitos, billfishes",Pacific Northwest,0.546965394,0.629340289,0.682725644,0.740405855,0.867803031,0.082668549,0.688693273,153380.9536,2003,0.303437339,212109.2927,15762.42328,0.15171867,11329,CBA
Thunnus_orientalis-Pacific_Northwest,Thunnus orientalis,Pacific bluefin tuna,"Tunas, bonitos, billfishes",Pacific Northwest,0.538458753,0.623295618,0.671150839,0.727887264,0.859980592,0.079978135,0.679215901,153380.9536,2004,0.303437339,212109.2927,15762.42328,0.15171867,14576,CBA
Thunnus_orientalis-Pacific_Northwest,Thunnus orientalis,Pacific bluefin tuna,"Tunas, bonitos, billfishes",Pacific Northwest,0.475536807,0.548802499,0.597573578,0.653959998,0.784028296,0.078349388,0.604747408,153380.9536,2005,0.303437339,212109.2927,15762.42328,0.15171867,21357,CBA
Thunnus_orientalis-Pacific_Northwest,Thunnus orientalis,Pacific bluefin tuna,"Tunas, bonitos, billfishes",Pacific Northwest,0.468846569,0.542443564,0.59442414,0.649351489,0.777381355,0.079004933,0.599902924,153380.9536,2006,0.303437339,212109.2927,15762.42328,0.15171867,13357,CBA
Thunnus_orientalis-Pacific_Northwest,Thunnus orientalis,Pacific bluefin tuna,"Tunas, bonitos, billfishes",Pacific Northwest,0.442034061,0.519115356,0.574350895,0.629746563,0.755692316,0.080832508,0.578837161,153380.9536,2007,0.303437339,212109.2927,15762.42328,0.15171867,14926,CBA
Thunnus_orientalis-Pacific_Northwest,Thunnus orientalis,Pacific bluefin tuna,"Tunas, bonitos, billfishes",Pacific Northwest,0.385533199,0.464706539,0.520717542,0.581353048,0.704852131,0.083252915,0.526059148,153380.9536,2008,0.303437339,212109.2927,15762.42328,0.15171867,17938,CBA
Thunnus_orientalis-Pacific_Northwest,Thunnus orientalis,Pacific bluefin tuna,"Tunas, bonitos, billfishes",Pacific Northwest,0.335998571,0.419931347,0.482118763,0.549800374,0.670043626,0.088960758,0.48821207,153380.9536,2009,0.303437339,212109.2927,15762.42328,0.15171867,15708,CBA
Thunnus_orientalis-Pacific_Northwest,Thunnus orientalis,Pacific bluefin tuna,"Tunas, bonitos, billfishes",Pacific Northwest,0.297678642,0.38727479,0.460750468,0.53257893,0.661619882,0.097496453,0.462282788,153380.9536,2010,0.303437339,212109.2927,15762.42328,0.15171867,13936,CBA
Thunnus_orientalis-Pacific_Northwest,Thunnus orientalis,Pacific bluefin tuna,"Tunas, bonitos, billfishes",Pacific Northwest,0.202259822,0.300586935,0.389050087,0.4701743,0.607352618,0.111698417,0.38975325,153380.9536,2011,0.303437339,212109.2927,15762.42328,0.15171867,18472,CBA
Thunnus_orientalis-Pacific_Northwest,Thunnus orientalis,Pacific bluefin tuna,"Tunas, bonitos, billfishes",Pacific Northwest,0.199208347,0.317243998,0.42605729,0.516896262,0.644167713,0.127072421,0.417787234,153380.9536,2012,0.303437339,212109.2927,15762.42328,0.15171867,6518,CBA
Thunnus_orientalis-Pacific_Northwest,Thunnus orientalis,Pacific bluefin tuna,"Tunas, bonitos, billfishes",Pacific Northwest,0.179964486,0.328462995,0.456791352,0.558422071,0.686624677,0.14433077,0.441135767,153380.9536,2013,0.303437339,212109.2927,15762.42328,0.15171867,7348,CBA
Thunnus_orientalis-Pacific_Northwest,Thunnus orientalis,Pacific bluefin tuna,"Tunas, bonitos, billfishes",Pacific Northwest,0.13065415,0.311903698,0.457103682,0.580046044,0.702667308,0.165428353,0.439537281,153380.9536,2014,0.303437339,212109.2927,15762.42328,0.15171867,10321,CBA
Thunnus_orientalis-Pacific_Northwest,Thunnus orientalis,Pacific bluefin tuna,"Tunas, bonitos, billfishes",Pacific Northwest,0.103877352,0.321080561,0.500762304,0.637787361,0.747245232,0.191256991,0.470791324,153380.9536,2015,0.303437339,212109.2927,15762.42328,0.15171867,6757,CBA
Thunnus_orientalis-Pacific_Northwest,Thunnus orientalis,Pacific bluefin tuna,"Tunas, bonitos, billfishes",Pacific Northwest,0.058616959,0.330833661,0.537191795,0.690142055,0.790743386,0.221408633,0.496944671,153380.9536,2016,0.303437339,212109.2927,15762.42328,0.15171867,7754,CBA
Thunnus_thynnus-Atlantic_Eastern Central,Thunnus thynnus,Atlantic bluefin tuna,"Tunas, bonitos, billfishes",Atlantic Eastern Central,0.774942879,0.997826299,1.106245368,1.210790196,1.428415505,0.166518031,1.103781219,56513.12217,1950,0.120388507,102394.3238,3018.921518,0.060194254,4800,CBA
Thunnus_thynnus-Atlantic_Eastern Central,Thunnus thynnus,Atlantic bluefin tuna,"Tunas, bonitos, billfishes",Atlantic Eastern Central,0.752482586,0.972208735,1.080507622,1.18161842,1.406456486,0.165507983,1.080436867,56513.12217,1951,0.120388507,102394.3238,3018.921518,0.060194254,4800,CBA
Thunnus_thynnus-Atlantic_Eastern Central,Thunnus thynnus,Atlantic bluefin tuna,"Tunas, bonitos, billfishes",Atlantic Eastern Central,0.758403561,0.973875176,1.083463197,1.188247317,1.398202447,0.169522446,1.082726055,56513.12217,1952,0.120388507,102394.3238,3018.921518,0.060194254,3400,CBA
Thunnus_thynnus-Atlantic_Eastern Central,Thunnus thynnus,Atlantic bluefin tuna,"Tunas, bonitos, billfishes",Atlantic Eastern Central,0.725917811,0.947415444,1.054440114,1.163894384,1.388915059,0.167893875,1.057201133,56513.12217,1953,0.120388507,102394.3238,3018.921518,0.060194254,4900,CBA
Thunnus_thynnus-Atlantic_Eastern Central,Thunnus thynnus,Atlantic bluefin tuna,"Tunas, bonitos, billfishes",Atlantic Eastern Central,0.767624762,0.971698403,1.082597441,1.199290714,1.40965756,0.16533322,1.084241474,56513.12217,1954,0.120388507,102394.3238,3018.921518,0.060194254,2300,CBA
Thunnus_thynnus-Atlantic_Eastern Central,Thunnus thynnus,Atlantic bluefin tuna,"Tunas, bonitos, billfishes",Atlantic Eastern Central,0.758351445,0.948937586,1.055882192,1.155855244,1.385393864,0.159534372,1.057692709,56513.12217,1955,0.120388507,102394.3238,3018.921518,0.060194254,4800,CBA
Thunnus_thynnus-Atlantic_Eastern Central,Thunnus thynnus,Atlantic bluefin tuna,"Tunas, bonitos, billfishes",Atlantic Eastern Central,0.777247075,0.951451104,1.06066772,1.156020292,1.384932889,0.154110359,1.060363883,56513.12217,1956,0.120388507,102394.3238,3018.921518,0.060194254,3300,CBA
Thunnus_thynnus-Atlantic_Eastern Central,Thunnus thynnus,Atlantic bluefin tuna,"Tunas, bonitos, billfishes",Atlantic Eastern Central,0.73533848,0.909050431,1.002777049,1.110240427,1.323647169,0.149373524,1.01147973,56513.12217,1957,0.120388507,102394.3238,3018.921518,0.060194254,5833,CBA
Thunnus_thynnus-Atlantic_Eastern Central,Thunnus thynnus,Atlantic bluefin tuna,"Tunas, bonitos, billfishes",Atlantic Eastern Central,0.603753313,0.77186099,0.860234572,0.954810983,1.153751797,0.137806592,0.866349876,56513.12217,1958,0.120388507,102394.3238,3018.921518,0.060194254,10502,CBA
Thunnus_thynnus-Atlantic_Eastern Central,Thunnus thynnus,Atlantic bluefin tuna,"Tunas, bonitos, billfishes",Atlantic Eastern Central,0.583690517,0.73350129,0.811085357,0.902156861,1.106228306,0.13080146,0.821061941,56513.12217,1959,0.120388507,102394.3238,3018.921518,0.060194254,5456,CBA
Thunnus_thynnus-Atlantic_Eastern Central,Thunnus thynnus,Atlantic bluefin tuna,"Tunas, bonitos, billfishes",Atlantic Eastern Central,0.521301031,0.663590919,0.742094691,0.827309504,1.020269132,0.127751528,0.751756616,56513.12217,1960,0.120388507,102394.3238,3018.921518,0.060194254,6481,CBA
Thunnus_thynnus-Atlantic_Eastern Central,Thunnus thynnus,Atlantic bluefin tuna,"Tunas, bonitos, billfishes",Atlantic Eastern Central,0.497462019,0.636406315,0.708324274,0.79510569,0.960163774,0.12020544,0.717251844,56513.12217,1961,0.120388507,102394.3238,3018.921518,0.060194254,4623,CBA
Thunnus_thynnus-Atlantic_Eastern Central,Thunnus thynnus,Atlantic bluefin tuna,"Tunas, bonitos, billfishes",Atlantic Eastern Central,0.418155001,0.534789874,0.602579699,0.688626352,0.886583254,0.118034459,0.617766678,56513.12217,1962,0.120388507,102394.3238,3018.921518,0.060194254,7784,CBA
Thunnus_thynnus-Atlantic_Eastern Central,Thunnus thynnus,Atlantic bluefin tuna,"Tunas, bonitos, billfishes",Atlantic Eastern Central,0.369496364,0.479348161,0.549013818,0.631750172,0.833514843,0.118598598,0.562991638,56513.12217,1963,0.120388507,102394.3238,3018.921518,0.060194254,5318,CBA
Thunnus_thynnus-Atlantic_Eastern Central,Thunnus thynnus,Atlantic bluefin tuna,"Tunas, bonitos, billfishes",Atlantic Eastern Central,0.328176213,0.433751936,0.495227994,0.583260175,0.783719978,0.118422652,0.515336258,56513.12217,1964,0.120388507,102394.3238,3018.921518,0.060194254,4885,CBA
Thunnus_thynnus-Atlantic_Eastern Central,Thunnus thynnus,Atlantic bluefin tuna,"Tunas, bonitos, billfishes",Atlantic Eastern Central,0.310014295,0.409642852,0.473960171,0.560099845,0.757241369,0.11811561,0.493339525,56513.12217,1965,0.120388507,102394.3238,3018.921518,0.060194254,3431,CBA
Thunnus_thynnus-Atlantic_Eastern Central,Thunnus thynnus,Atlantic bluefin tuna,"Tunas, bonitos, billfishes",Atlantic Eastern Central,0.281176447,0.376651752,0.444864107,0.532799209,0.737751782,0.119064844,0.463213359,56513.12217,1966,0.120388507,102394.3238,3018.921518,0.060194254,3703,CBA
Thunnus_thynnus-Atlantic_Eastern Central,Thunnus thynnus,Atlantic bluefin tuna,"Tunas, bonitos, billfishes",Atlantic Eastern Central,0.247211234,0.341285352,0.409314763,0.499080841,0.711134475,0.121103105,0.430262805,56513.12217,1967,0.120388507,102394.3238,3018.921518,0.060194254,3788,CBA
Thunnus_thynnus-Atlantic_Eastern Central,Thunnus thynnus,Atlantic bluefin tuna,"Tunas, bonitos, billfishes",Atlantic Eastern Central,0.256315691,0.352485758,0.417608073,0.508210901,0.730187047,0.122669674,0.440593576,56513.12217,1968,0.120388507,102394.3238,3018.921518,0.060194254,1441,CBA
Thunnus_thynnus-Atlantic_Eastern Central,Thunnus thynnus,Atlantic bluefin tuna,"Tunas, bonitos, billfishes",Atlantic Eastern Central,0.275241834,0.370988116,0.435707937,0.521455286,0.759296385,0.123282767,0.457233948,56513.12217,1969,0.120388507,102394.3238,3018.921518,0.060194254,1083,CBA
Thunnus_thynnus-Atlantic_Eastern Central,Thunnus thynnus,Atlantic bluefin tuna,"Tunas, bonitos, billfishes",Atlantic Eastern Central,0.282543602,0.377238414,0.444305323,0.526201897,0.769453115,0.123969781,0.465602704,56513.12217,1970,0.120388507,102394.3238,3018.921518,0.060194254,1595,CBA
Thunnus_thynnus-Atlantic_Eastern Central,Thunnus thynnus,Atlantic bluefin tuna,"Tunas, bonitos, billfishes",Atlantic Eastern Central,0.298073119,0.394887791,0.46416813,0.547743773,0.792438567,0.123324756,0.482913811,56513.12217,1971,0.120388507,102394.3238,3018.921518,0.060194254,1190,CBA
Thunnus_thynnus-Atlantic_Eastern Central,Thunnus thynnus,Atlantic bluefin tuna,"Tunas, bonitos, billfishes",Atlantic Eastern Central,0.300227466,0.399284564,0.461136465,0.54268763,0.787352488,0.123093198,0.481828182,56513.12217,1972,0.120388507,102394.3238,3018.921518,0.060194254,2200,CBA
Thunnus_thynnus-Atlantic_Eastern Central,Thunnus thynnus,Atlantic bluefin tuna,"Tunas, bonitos, billfishes",Atlantic Eastern Central,0.307781412,0.404557458,0.467648476,0.547431627,0.784737088,0.122238455,0.487226198,56513.12217,1973,0.120388507,102394.3238,3018.921518,0.060194254,1858,CBA
Thunnus_thynnus-Atlantic_Eastern Central,Thunnus thynnus,Atlantic bluefin tuna,"Tunas, bonitos, billfishes",Atlantic Eastern Central,0.315625911,0.404400364,0.464447451,0.543293513,0.81151262,0.121206056,0.487053523,56513.12217,1974,0.120388507,102394.3238,3018.921518,0.060194254,2089,CBA
Thunnus_thynnus-Atlantic_Eastern Central,Thunnus thynnus,Atlantic bluefin tuna,"Tunas, bonitos, billfishes",Atlantic Eastern Central,0.242379386,0.320106638,0.384362312,0.464412347,0.725145747,0.121512845,0.406055564,56513.12217,1975,0.120388507,102394.3238,3018.921518,0.060194254,6132,CBA
Thunnus_thynnus-Atlantic_Eastern Central,Thunnus thynnus,Atlantic bluefin tuna,"Tunas, bonitos, billfishes",Atlantic Eastern Central,0.216570095,0.297279762,0.355924801,0.432034928,0.694271351,0.122820945,0.379213761,56513.12217,1976,0.120388507,102394.3238,3018.921518,0.060194254,3120,CBA
Thunnus_thynnus-Atlantic_Eastern Central,Thunnus thynnus,Atlantic bluefin tuna,"Tunas, bonitos, billfishes",Atlantic Eastern Central,0.177707227,0.259678687,0.321353634,0.410359336,0.658520412,0.125900692,0.34868584,56513.12217,1977,0.120388507,102394.3238,3018.921518,0.060194254,3259,CBA
Thunnus_thynnus-Atlantic_Eastern Central,Thunnus thynnus,Atlantic bluefin tuna,"Tunas, bonitos, billfishes",Atlantic Eastern Central,0.164042266,0.247306222,0.317873285,0.400803161,0.670432909,0.12993263,0.340184089,56513.12217,1978,0.120388507,102394.3238,3018.921518,0.060194254,1980,CBA
Thunnus_thynnus-Atlantic_Eastern Central,Thunnus thynnus,Atlantic bluefin tuna,"Tunas, bonitos, billfishes",Atlantic Eastern Central,0.163764448,0.248072155,0.319840181,0.407304273,0.686846402,0.132261601,0.342955478,56513.12217,1979,0.120388507,102394.3238,3018.921518,0.060194254,1400,CBA
Thunnus_thynnus-Atlantic_Eastern Central,Thunnus thynnus,Atlantic bluefin tuna,"Tunas, bonitos, billfishes",Atlantic Eastern Central,0.155325721,0.246918126,0.319207577,0.406854765,0.687690356,0.134953356,0.343899586,56513.12217,1980,0.120388507,102394.3238,3018.921518,0.060194254,1434,CBA
Thunnus_thynnus-Atlantic_Eastern Central,Thunnus thynnus,Atlantic bluefin tuna,"Tunas, bonitos, billfishes",Atlantic Eastern Central,0.163137975,0.257634804,0.329688388,0.42766763,0.716051524,0.139853383,0.356700855,56513.12217,1981,0.120388507,102394.3238,3018.921518,0.060194254,981,CBA
Thunnus_thynnus-Atlantic_Eastern Central,Thunnus thynnus,Atlantic bluefin tuna,"Tunas, bonitos, billfishes",Atlantic Eastern Central,0.160867024,0.265196216,0.334677006,0.437635552,0.708027977,0.142650494,0.363218377,56513.12217,1982,0.120388507,102394.3238,3018.921518,0.060194254,1216,CBA
Thunnus_thynnus-Atlantic_Eastern Central,Thunnus thynnus,Atlantic bluefin tuna,"Tunas, bonitos, billfishes",Atlantic Eastern Central,0.165645523,0.273450467,0.34523785,0.453362628,0.736644247,0.145647047,0.374314669,56513.12217,1983,0.120388507,102394.3238,3018.921518,0.060194254,1044,CBA
Thunnus_thynnus-Atlantic_Eastern Central,Thunnus thynnus,Atlantic bluefin tuna,"Tunas, bonitos, billfishes",Atlantic Eastern Central,0.179768988,0.296786268,0.367606363,0.471812415,0.741077378,0.149258046,0.39740372,56513.12217,1984,0.120388507,102394.3238,3018.921518,0.060194254,492,CBA
Thunnus_thynnus-Atlantic_Eastern Central,Thunnus thynnus,Atlantic bluefin tuna,"Tunas, bonitos, billfishes",Atlantic Eastern Central,0.199836107,0.318043844,0.394346032,0.502197887,0.77460563,0.15223285,0.423226116,56513.12217,1985,0.120388507,102394.3238,3018.921518,0.060194254,407,CBA
Thunnus_thynnus-Atlantic_Eastern Central,Thunnus thynnus,Atlantic bluefin tuna,"Tunas, bonitos, billfishes",Atlantic Eastern Central,0.216532193,0.334354591,0.417369478,0.524164357,0.828531596,0.155019558,0.445064885,56513.12217,1986,0.120388507,102394.3238,3018.921518,0.060194254,700,CBA
Thunnus_thynnus-Atlantic_Eastern Central,Thunnus thynnus,Atlantic bluefin tuna,"Tunas, bonitos, billfishes",Atlantic Eastern Central,0.232852043,0.348678463,0.432012927,0.533813008,0.823933615,0.155556699,0.459013993,56513.12217,1987,0.120388507,102394.3238,3018.921518,0.060194254,1158,CBA
Thunnus_thynnus-Atlantic_Eastern Central,Thunnus thynnus,Atlantic bluefin tuna,"Tunas, bonitos, billfishes",Atlantic Eastern Central,0.234350958,0.364390381,0.453052244,0.555433448,0.835874494,0.155816115,0.475314681,56513.12217,1988,0.120388507,102394.3238,3018.921518,0.060194254,1114,CBA
Thunnus_thynnus-Atlantic_Eastern Central,Thunnus thynnus,Atlantic bluefin tuna,"Tunas, bonitos, billfishes",Atlantic Eastern Central,0.255546471,0.384239111,0.468970859,0.57541249,0.856250769,0.15611784,0.494462157,56513.12217,1989,0.120388507,102394.3238,3018.921518,0.060194254,1063,CBA
Thunnus_thynnus-Atlantic_Eastern Central,Thunnus thynnus,Atlantic bluefin tuna,"Tunas, bonitos, billfishes",Atlantic Eastern Central,0.280767331,0.405531441,0.487514262,0.597627039,0.886800161,0.157911703,0.517351131,56513.12217,1990,0.120388507,102394.3238,3018.921518,0.060194254,931,CBA
Thunnus_thynnus-Atlantic_Eastern Central,Thunnus thynnus,Atlantic bluefin tuna,"Tunas, bonitos, billfishes",Atlantic Eastern Central,0.296121709,0.427829967,0.5144567,0.618551292,0.892248248,0.154693015,0.537853761,56513.12217,1991,0.120388507,102394.3238,3018.921518,0.060194254,1015,CBA
Thunnus_thynnus-Atlantic_Eastern Central,Thunnus thynnus,Atlantic bluefin tuna,"Tunas, bonitos, billfishes",Atlantic Eastern Central,0.321190705,0.451896342,0.539424689,0.641988845,0.895478011,0.151989141,0.56028215,56513.12217,1992,0.120388507,102394.3238,3018.921518,0.060194254,970,CBA
Thunnus_thynnus-Atlantic_Eastern Central,Thunnus thynnus,Atlantic bluefin tuna,"Tunas, bonitos, billfishes",Atlantic Eastern Central,0.350413793,0.478158954,0.560754292,0.659800317,0.922330473,0.151705912,0.582287416,56513.12217,1993,0.120388507,102394.3238,3018.921518,0.060194254,1160,CBA
Thunnus_thynnus-Atlantic_Eastern Central,Thunnus thynnus,Atlantic bluefin tuna,"Tunas, bonitos, billfishes",Atlantic Eastern Central,0.352893716,0.480845231,0.5548088,0.662506895,0.927706999,0.150658542,0.57995364,56513.12217,1994,0.120388507,102394.3238,3018.921518,0.060194254,2466,CBA
Thunnus_thynnus-Atlantic_Eastern Central,Thunnus thynnus,Atlantic bluefin tuna,"Tunas, bonitos, billfishes",Atlantic Eastern Central,0.369411887,0.496250282,0.574326074,0.666998908,0.936311302,0.147021388,0.59502581,56513.12217,1995,0.120388507,102394.3238,3018.921518,0.060194254,1393,CBA
Thunnus_thynnus-Atlantic_Eastern Central,Thunnus thynnus,Atlantic bluefin tuna,"Tunas, bonitos, billfishes",Atlantic Eastern Central,0.371499245,0.492178936,0.565742303,0.663454691,0.91659748,0.144293776,0.590929683,56513.12217,1996,0.120388507,102394.3238,3018.921518,0.060194254,2459,CBA
Thunnus_thynnus-Atlantic_Eastern Central,Thunnus thynnus,Atlantic bluefin tuna,"Tunas, bonitos, billfishes",Atlantic Eastern Central,0.347386523,0.466622745,0.5425262,0.644775184,0.879439626,0.14104395,0.565087802,56513.12217,1997,0.120388507,102394.3238,3018.921518,0.060194254,3553,CBA
Thunnus_thynnus-Atlantic_Eastern Central,Thunnus thynnus,Atlantic bluefin tuna,"Tunas, bonitos, billfishes",Atlantic Eastern Central,0.326861921,0.437238156,0.51574892,0.606541897,0.848110427,0.139896029,0.538470705,56513.12217,1998,0.120388507,102394.3238,3018.921518,0.060194254,3608,CBA
Thunnus_thynnus-Atlantic_Eastern Central,Thunnus thynnus,Atlantic bluefin tuna,"Tunas, bonitos, billfishes",Atlantic Eastern Central,0.330560719,0.439022811,0.517882425,0.608487456,0.850598909,0.138062881,0.538403425,56513.12217,1999,0.120388507,102394.3238,3018.921518,0.060194254,2130,CBA
Thunnus_thynnus-Atlantic_Eastern Central,Thunnus thynnus,Atlantic bluefin tuna,"Tunas, bonitos, billfishes",Atlantic Eastern Central,0.317566299,0.423814493,0.504106594,0.596819413,0.840837512,0.137308732,0.522929837,56513.12217,2000,0.120388507,102394.3238,3018.921518,0.060194254,2921,CBA
Thunnus_thynnus-Atlantic_Eastern Central,Thunnus thynnus,Atlantic bluefin tuna,"Tunas, bonitos, billfishes",Atlantic Eastern Central,0.296814021,0.408485002,0.488125847,0.577545348,0.809159896,0.135908318,0.504485399,56513.12217,2001,0.120388507,102394.3238,3018.921518,0.060194254,3052,CBA
Thunnus_thynnus-Atlantic_Eastern Central,Thunnus thynnus,Atlantic bluefin tuna,"Tunas, bonitos, billfishes",Atlantic Eastern Central,0.275064056,0.37976696,0.466763248,0.552665029,0.780565923,0.136226431,0.481922993,56513.12217,2002,0.120388507,102394.3238,3018.921518,0.060194254,3192,CBA
Thunnus_thynnus-Atlantic_Eastern Central,Thunnus thynnus,Atlantic bluefin tuna,"Tunas, bonitos, billfishes",Atlantic Eastern Central,0.269093838,0.372980423,0.456005521,0.553227043,0.813035496,0.137928217,0.475036972,56513.12217,2003,0.120388507,102394.3238,3018.921518,0.060194254,2333,CBA
Thunnus_thynnus-Atlantic_Eastern Central,Thunnus thynnus,Atlantic bluefin tuna,"Tunas, bonitos, billfishes",Atlantic Eastern Central,0.267599223,0.372215538,0.461746998,0.55758344,0.777419903,0.137187353,0.473815087,56513.12217,2004,0.120388507,102394.3238,3018.921518,0.060194254,2066,CBA
Thunnus_thynnus-Atlantic_Eastern Central,Thunnus thynnus,Atlantic bluefin tuna,"Tunas, bonitos, billfishes",Atlantic Eastern Central,0.247306929,0.351848134,0.449091962,0.548777551,0.761797765,0.138234119,0.45881505,56513.12217,2005,0.120388507,102394.3238,3018.921518,0.060194254,2768,CBA
Thunnus_thynnus-Atlantic_Eastern Central,Thunnus thynnus,Atlantic bluefin tuna,"Tunas, bonitos, billfishes",Atlantic Eastern Central,0.215422954,0.326273802,0.42586276,0.529609274,0.739023313,0.141665165,0.435988378,56513.12217,2006,0.120388507,102394.3238,3018.921518,0.060194254,3140,CBA
Thunnus_thynnus-Atlantic_Eastern Central,Thunnus thynnus,Atlantic bluefin tuna,"Tunas, bonitos, billfishes",Atlantic Eastern Central,0.189896681,0.304310608,0.411219937,0.52020463,0.71411601,0.144457378,0.417417979,56513.12217,2007,0.120388507,102394.3238,3018.921518,0.060194254,2756,CBA
Thunnus_thynnus-Atlantic_Eastern Central,Thunnus thynnus,Atlantic bluefin tuna,"Tunas, bonitos, billfishes",Atlantic Eastern Central,0.162245977,0.280814396,0.398315294,0.508908077,0.707324305,0.150306498,0.403821136,56513.12217,2008,0.120388507,102394.3238,3018.921518,0.060194254,2499,CBA
Thunnus_thynnus-Atlantic_Eastern Central,Thunnus thynnus,Atlantic bluefin tuna,"Tunas, bonitos, billfishes",Atlantic Eastern Central,0.144062194,0.267627984,0.400889884,0.513589654,0.706351515,0.158595602,0.400375209,56513.12217,2009,0.120388507,102394.3238,3018.921518,0.060194254,1930,CBA
Thunnus_thynnus-Atlantic_Eastern Central,Thunnus thynnus,Atlantic bluefin tuna,"Tunas, bonitos, billfishes",Atlantic Eastern Central,0.13156897,0.269661535,0.412514666,0.535097754,0.726456911,0.167814947,0.408867831,56513.12217,2010,0.120388507,102394.3238,3018.921518,0.060194254,1377,CBA
Thunnus_thynnus-Atlantic_Eastern Central,Thunnus thynnus,Atlantic bluefin tuna,"Tunas, bonitos, billfishes",Atlantic Eastern Central,0.122896898,0.273976764,0.427426026,0.559286318,0.746489219,0.176681212,0.421530962,56513.12217,2011,0.120388507,102394.3238,3018.921518,0.060194254,1108,CBA
Thunnus_thynnus-Atlantic_Eastern Central,Thunnus thynnus,Atlantic bluefin tuna,"Tunas, bonitos, billfishes",Atlantic Eastern Central,0.115835806,0.28184679,0.442120201,0.578703637,0.773158746,0.184942615,0.43653642,56513.12217,2012,0.120388507,102394.3238,3018.921518,0.060194254,1028,CBA
Thunnus_thynnus-Atlantic_Eastern Central,Thunnus thynnus,Atlantic bluefin tuna,"Tunas, bonitos, billfishes",Atlantic Eastern Central,0.10635641,0.292553083,0.461247852,0.605008229,0.78373682,0.191774398,0.450413233,56513.12217,2013,0.120388507,102394.3238,3018.921518,0.060194254,1099,CBA
Thunnus_thynnus-Atlantic_Eastern Central,Thunnus thynnus,Atlantic bluefin tuna,"Tunas, bonitos, billfishes",Atlantic Eastern Central,0.100461919,0.298776815,0.480297739,0.632832102,0.799546012,0.201132122,0.466431877,56513.12217,2014,0.120388507,102394.3238,3018.921518,0.060194254,1026,CBA
Thunnus_thynnus-Atlantic_Eastern Central,Thunnus thynnus,Atlantic bluefin tuna,"Tunas, bonitos, billfishes",Atlantic Eastern Central,0.086399702,0.305575863,0.506453901,0.662220884,0.802456243,0.211269642,0.478354791,56513.12217,2015,0.120388507,102394.3238,3018.921518,0.060194254,1306,CBA
Thunnus_thynnus-Atlantic_Eastern Central,Thunnus thynnus,Atlantic bluefin tuna,"Tunas, bonitos, billfishes",Atlantic Eastern Central,0.059149062,0.299807777,0.50318254,0.67564016,0.787956203,0.220612878,0.478836612,56513.12217,2016,0.120388507,102394.3238,3018.921518,0.060194254,1829,CBA
Thunnus_thynnus-Atlantic_Northeast,Thunnus thynnus,Atlantic bluefin tuna,"Tunas, bonitos, billfishes",Atlantic Northeast,0.836058739,1.04287859,1.142673045,1.235273164,1.417459755,0.147950846,1.139241716,195562.5556,1950,0.105145046,344765.6811,8940.319371,0.052572523,14484,CBA
Thunnus_thynnus-Atlantic_Northeast,Thunnus thynnus,Atlantic bluefin tuna,"Tunas, bonitos, billfishes",Atlantic Northeast,0.81650239,1.004250444,1.099562714,1.197877788,1.396199151,0.145693662,1.101123639,195562.5556,1951,0.105145046,344765.6811,8940.319371,0.052572523,17718,CBA
Thunnus_thynnus-Atlantic_Northeast,Thunnus thynnus,Atlantic bluefin tuna,"Tunas, bonitos, billfishes",Atlantic Northeast,0.746628826,0.908314539,1.000367597,1.093811542,1.287343459,0.138344114,1.003334207,195562.5556,1952,0.105145046,344765.6811,8940.319371,0.052572523,27106,CBA
Thunnus_thynnus-Atlantic_Northeast,Thunnus thynnus,Atlantic bluefin tuna,"Tunas, bonitos, billfishes",Atlantic Northeast,0.669584053,0.828361405,0.915803443,1.005166095,1.20859778,0.133156103,0.919812117,195562.5556,1953,0.105145046,344765.6811,8940.319371,0.052572523,24644,CBA
Thunnus_thynnus-Atlantic_Northeast,Thunnus thynnus,Atlantic bluefin tuna,"Tunas, bonitos, billfishes",Atlantic Northeast,0.597636472,0.74405853,0.82435757,0.911064561,1.109242538,0.127227306,0.830619313,195562.5556,1954,0.105145046,344765.6811,8940.319371,0.052572523,24981,CBA
Thunnus_thynnus-Atlantic_Northeast,Thunnus thynnus,Atlantic bluefin tuna,"Tunas, bonitos, billfishes",Atlantic Northeast,0.518344896,0.643694452,0.715441504,0.798681478,0.989378018,0.120221874,0.724606638,195562.5556,1955,0.105145046,344765.6811,8940.319371,0.052572523,27579,CBA
Thunnus_thynnus-Atlantic_Northeast,Thunnus thynnus,Atlantic bluefin tuna,"Tunas, bonitos, billfishes",Atlantic Northeast,0.46283994,0.584542521,0.65563882,0.735690183,0.933008772,0.1180367,0.665747589,195562.5556,1956,0.105145046,344765.6811,8940.319371,0.052572523,18877,CBA
Thunnus_thynnus-Atlantic_Northeast,Thunnus thynnus,Atlantic bluefin tuna,"Tunas, bonitos, billfishes",Atlantic Northeast,0.399510622,0.509811323,0.579272068,0.654772056,0.853963686,0.114585873,0.589951417,195562.5556,1957,0.105145046,344765.6811,8940.319371,0.052572523,21205,CBA
Thunnus_thynnus-Atlantic_Northeast,Thunnus thynnus,Atlantic bluefin tuna,"Tunas, bonitos, billfishes",Atlantic Northeast,0.360948744,0.461342955,0.529312685,0.604508443,0.791958826,0.112210402,0.541456955,195562.5556,1958,0.105145046,344765.6811,8940.319371,0.052572523,15895,CBA
Thunnus_thynnus-Atlantic_Northeast,Thunnus thynnus,Atlantic bluefin tuna,"Tunas, bonitos, billfishes",Atlantic Northeast,0.325414076,0.422739699,0.492122679,0.565156483,0.758500775,0.110199495,0.502077611,195562.5556,1959,0.105145046,344765.6811,8940.319371,0.052572523,13561,CBA
Thunnus_thynnus-Atlantic_Northeast,Thunnus thynnus,Atlantic bluefin tuna,"Tunas, bonitos, billfishes",Atlantic Northeast,0.302846873,0.390927713,0.453718189,0.530648266,0.719324676,0.109530725,0.469166417,195562.5556,1960,0.105145046,344765.6811,8940.319371,0.052572523,12339,CBA
Thunnus_thynnus-Atlantic_Northeast,Thunnus thynnus,Atlantic bluefin tuna,"Tunas, bonitos, billfishes",Atlantic Northeast,0.24864023,0.332687505,0.395136269,0.473828555,0.653175185,0.108887376,0.411690956,195562.5556,1961,0.105145046,344765.6811,8940.319371,0.052572523,16125,CBA
Thunnus_thynnus-Atlantic_Northeast,Thunnus thynnus,Atlantic bluefin tuna,"Tunas, bonitos, billfishes",Atlantic Northeast,0.195275393,0.272363177,0.336133453,0.416327674,0.600106223,0.109095939,0.354168082,195562.5556,1962,0.105145046,344765.6811,8940.319371,0.052572523,15458,CBA
Thunnus_thynnus-Atlantic_Northeast,Thunnus thynnus,Atlantic bluefin tuna,"Tunas, bonitos, billfishes",Atlantic Northeast,0.199627705,0.279079477,0.344568912,0.42706648,0.612902391,0.110803591,0.361909453,195562.5556,1963,0.105145046,344765.6811,8940.319371,0.052572523,3665,CBA
Thunnus_thynnus-Atlantic_Northeast,Thunnus thynnus,Atlantic bluefin tuna,"Tunas, bonitos, billfishes",Atlantic Northeast,0.197129195,0.27683266,0.33914856,0.422364267,0.604548499,0.110223925,0.358454632,195562.5556,1964,0.105145046,344765.6811,8940.319371,0.052572523,5401,CBA
Thunnus_thynnus-Atlantic_Northeast,Thunnus thynnus,Atlantic bluefin tuna,"Tunas, bonitos, billfishes",Atlantic Northeast,0.178152929,0.259509394,0.322873307,0.41170919,0.596737378,0.112320358,0.343505168,195562.5556,1965,0.105145046,344765.6811,8940.319371,0.052572523,7419,CBA
Thunnus_thynnus-Atlantic_Northeast,Thunnus thynnus,Atlantic bluefin tuna,"Tunas, bonitos, billfishes",Atlantic Northeast,0.171817883,0.254430451,0.317940987,0.40647405,0.611565016,0.114918197,0.338677511,195562.5556,1966,0.105145046,344765.6811,8940.319371,0.052572523,5618,CBA
Thunnus_thynnus-Atlantic_Northeast,Thunnus thynnus,Atlantic bluefin tuna,"Tunas, bonitos, billfishes",Atlantic Northeast,0.155632235,0.239935476,0.30708489,0.396241683,0.607741018,0.117574008,0.326625308,195562.5556,1967,0.105145046,344765.6811,8940.319371,0.052572523,6756,CBA
Thunnus_thynnus-Atlantic_Northeast,Thunnus thynnus,Atlantic bluefin tuna,"Tunas, bonitos, billfishes",Atlantic Northeast,0.161990724,0.245575702,0.315127774,0.404182889,0.610573974,0.119763181,0.334948899,195562.5556,1968,0.105145046,344765.6811,8940.319371,0.052572523,3062,CBA
Thunnus_thynnus-Atlantic_Northeast,Thunnus thynnus,Atlantic bluefin tuna,"Tunas, bonitos, billfishes",Atlantic Northeast,0.159939452,0.245232102,0.315805546,0.407406576,0.611066219,0.120864971,0.335125236,195562.5556,1969,0.105145046,344765.6811,8940.319371,0.052572523,4449,CBA
Thunnus_thynnus-Atlantic_Northeast,Thunnus thynnus,Atlantic bluefin tuna,"Tunas, bonitos, billfishes",Atlantic Northeast,0.158332747,0.245804806,0.318066886,0.409279905,0.612713278,0.123267853,0.337273845,195562.5556,1970,0.105145046,344765.6811,8940.319371,0.052572523,4148,CBA
Thunnus_thynnus-Atlantic_Northeast,Thunnus thynnus,Atlantic bluefin tuna,"Tunas, bonitos, billfishes",Atlantic Northeast,0.159271486,0.248066042,0.325325163,0.418395552,0.638556341,0.126319214,0.343615836,195562.5556,1971,0.105145046,344765.6811,8940.319371,0.052572523,3528,CBA
Thunnus_thynnus-Atlantic_Northeast,Thunnus thynnus,Atlantic bluefin tuna,"Tunas, bonitos, billfishes",Atlantic Northeast,0.167752529,0.260749788,0.336191138,0.432323915,0.656324142,0.129062964,0.356424377,195562.5556,1972,0.105145046,344765.6811,8940.319371,0.052572523,2552,CBA
Thunnus_thynnus-Atlantic_Northeast,Thunnus thynnus,Atlantic bluefin tuna,"Tunas, bonitos, billfishes",Atlantic Northeast,0.169866693,0.270423491,0.345038529,0.444112738,0.663862286,0.130733713,0.366697962,195562.5556,1973,0.105145046,344765.6811,8940.319371,0.052572523,2921,CBA
Thunnus_thynnus-Atlantic_Northeast,Thunnus thynnus,Atlantic bluefin tuna,"Tunas, bonitos, billfishes",Atlantic Northeast,0.17152108,0.277964122,0.352452516,0.450456373,0.670602716,0.132371933,0.373440369,195562.5556,1974,0.105145046,344765.6811,8940.319371,0.052572523,3766,CBA
Thunnus_thynnus-Atlantic_Northeast,Thunnus thynnus,Atlantic bluefin tuna,"Tunas, bonitos, billfishes",Atlantic Northeast,0.174217892,0.281367248,0.357102173,0.46053873,0.680802412,0.134353468,0.378063706,195562.5556,1975,0.105145046,344765.6811,8940.319371,0.052572523,4136,CBA
Thunnus_thynnus-Atlantic_Northeast,Thunnus thynnus,Atlantic bluefin tuna,"Tunas, bonitos, billfishes",Atlantic Northeast,0.188671539,0.294077508,0.373955685,0.475148182,0.70859872,0.136541515,0.394145022,195562.5556,1976,0.105145046,344765.6811,8940.319371,0.052572523,2339,CBA
Thunnus_thynnus-Atlantic_Northeast,Thunnus thynnus,Atlantic bluefin tuna,"Tunas, bonitos, billfishes",Atlantic Northeast,0.192796029,0.301956741,0.383462846,0.481879068,0.725546104,0.138135414,0.40270202,195562.5556,1977,0.105145046,344765.6811,8940.319371,0.052572523,3718,CBA
Thunnus_thynnus-Atlantic_Northeast,Thunnus thynnus,Atlantic bluefin tuna,"Tunas, bonitos, billfishes",Atlantic Northeast,0.199858438,0.308382591,0.39397409,0.488398429,0.725221406,0.139655165,0.410672358,195562.5556,1978,0.105145046,344765.6811,8940.319371,0.052572523,3842,CBA
Thunnus_thynnus-Atlantic_Northeast,Thunnus thynnus,Atlantic bluefin tuna,"Tunas, bonitos, billfishes",Atlantic Northeast,0.208199245,0.317899205,0.405711328,0.501575206,0.743103355,0.14057259,0.421613368,195562.5556,1979,0.105145046,344765.6811,8940.319371,0.052572523,3365,CBA
Thunnus_thynnus-Atlantic_Northeast,Thunnus thynnus,Atlantic bluefin tuna,"Tunas, bonitos, billfishes",Atlantic Northeast,0.224292081,0.337470705,0.417397113,0.519437527,0.768456705,0.141266307,0.437875128,195562.5556,1980,0.105145046,344765.6811,8940.319371,0.052572523,2590,CBA
Thunnus_thynnus-Atlantic_Northeast,Thunnus thynnus,Atlantic bluefin tuna,"Tunas, bonitos, billfishes",Atlantic Northeast,0.244983045,0.355212005,0.434844712,0.536668753,0.787660475,0.142725781,0.456878891,195562.5556,1981,0.105145046,344765.6811,8940.319371,0.052572523,2349,CBA
Thunnus_thynnus-Atlantic_Northeast,Thunnus thynnus,Atlantic bluefin tuna,"Tunas, bonitos, billfishes",Atlantic Northeast,0.245448154,0.354954489,0.438785871,0.53789733,0.788949508,0.141075196,0.457700402,195562.5556,1982,0.105145046,344765.6811,8940.319371,0.052572523,5444,CBA
Thunnus_thynnus-Atlantic_Northeast,Thunnus thynnus,Atlantic bluefin tuna,"Tunas, bonitos, billfishes",Atlantic Northeast,0.238198225,0.349294708,0.435606184,0.535526722,0.775572066,0.141802395,0.452393522,195562.5556,1983,0.105145046,344765.6811,8940.319371,0.052572523,6967,CBA
Thunnus_thynnus-Atlantic_Northeast,Thunnus thynnus,Atlantic bluefin tuna,"Tunas, bonitos, billfishes",Atlantic Northeast,0.231561737,0.340468397,0.425772586,0.52714234,0.777205687,0.141864674,0.444406147,195562.5556,1984,0.105145046,344765.6811,8940.319371,0.052572523,6901,CBA
Thunnus_thynnus-Atlantic_Northeast,Thunnus thynnus,Atlantic bluefin tuna,"Tunas, bonitos, billfishes",Atlantic Northeast,0.233668667,0.348026811,0.433186936,0.529698601,0.784872091,0.141038521,0.450923854,195562.5556,1985,0.105145046,344765.6811,8940.319371,0.052572523,4258,CBA
Thunnus_thynnus-Atlantic_Northeast,Thunnus thynnus,Atlantic bluefin tuna,"Tunas, bonitos, billfishes",Atlantic Northeast,0.247934846,0.359744269,0.442531014,0.537263535,0.795687771,0.140191741,0.461021107,195562.5556,1986,0.105145046,344765.6811,8940.319371,0.052572523,3743,CBA
Thunnus_thynnus-Atlantic_Northeast,Thunnus thynnus,Atlantic bluefin tuna,"Tunas, bonitos, billfishes",Atlantic Northeast,0.261285798,0.375735393,0.454287899,0.552187485,0.815171591,0.138623339,0.474648358,195562.5556,1987,0.105145046,344765.6811,8940.319371,0.052572523,3378,CBA
Thunnus_thynnus-Atlantic_Northeast,Thunnus thynnus,Atlantic bluefin tuna,"Tunas, bonitos, billfishes",Atlantic Northeast,0.266148172,0.376875267,0.45475038,0.550350297,0.810442128,0.138501961,0.475023621,195562.5556,1988,0.105145046,344765.6811,8940.319371,0.052572523,5828,CBA
Thunnus_thynnus-Atlantic_Northeast,Thunnus thynnus,Atlantic bluefin tuna,"Tunas, bonitos, billfishes",Atlantic Northeast,0.275995707,0.384859412,0.463096468,0.559504602,0.817229552,0.136917707,0.48348466,195562.5556,1989,0.105145046,344765.6811,8940.319371,0.052572523,4330,CBA
Thunnus_thynnus-Atlantic_Northeast,Thunnus thynnus,Atlantic bluefin tuna,"Tunas, bonitos, billfishes",Atlantic Northeast,0.280080411,0.389476241,0.471240164,0.570634111,0.815014036,0.136388977,0.489637777,195562.5556,1990,0.105145046,344765.6811,8940.319371,0.052572523,4924,CBA
Thunnus_thynnus-Atlantic_Northeast,Thunnus thynnus,Atlantic bluefin tuna,"Tunas, bonitos, billfishes",Atlantic Northeast,0.292037426,0.401373111,0.479630908,0.57322081,0.826285152,0.135800306,0.498267318,195562.5556,1991,0.105145046,344765.6811,8940.319371,0.052572523,4519,CBA
Thunnus_thynnus-Atlantic_Northeast,Thunnus thynnus,Atlantic bluefin tuna,"Tunas, bonitos, billfishes",Atlantic Northeast,0.296383519,0.405882893,0.478613278,0.577896247,0.819731078,0.136365001,0.500706051,195562.5556,1992,0.105145046,344765.6811,8940.319371,0.052572523,5916,CBA
Thunnus_thynnus-Atlantic_Northeast,Thunnus thynnus,Atlantic bluefin tuna,"Tunas, bonitos, billfishes",Atlantic Northeast,0.28990145,0.396360252,0.469509998,0.568683371,0.803142186,0.134196828,0.49095413,195562.5556,1993,0.105145046,344765.6811,8940.319371,0.052572523,7513,CBA
Thunnus_thynnus-Atlantic_Northeast,Thunnus thynnus,Atlantic bluefin tuna,"Tunas, bonitos, billfishes",Atlantic Northeast,0.299088526,0.404790306,0.477131928,0.574907108,0.813986068,0.131895222,0.497425893,195562.5556,1994,0.105145046,344765.6811,8940.319371,0.052572523,4717,CBA
Thunnus_thynnus-Atlantic_Northeast,Thunnus thynnus,Atlantic bluefin tuna,"Tunas, bonitos, billfishes",Atlantic Northeast,0.291855447,0.394747784,0.462691667,0.564174693,0.789446906,0.130175839,0.486724134,195562.5556,1995,0.105145046,344765.6811,8940.319371,0.052572523,7950,CBA
Thunnus_thynnus-Atlantic_Northeast,Thunnus thynnus,Atlantic bluefin tuna,"Tunas, bonitos, billfishes",Atlantic Northeast,0.2734877,0.369258422,0.442955539,0.544225318,0.773751676,0.13058149,0.465226116,195562.5556,1996,0.105145046,344765.6811,8940.319371,0.052572523,9839,CBA
Thunnus_thynnus-Atlantic_Northeast,Thunnus thynnus,Atlantic bluefin tuna,"Tunas, bonitos, billfishes",Atlantic Northeast,0.25862147,0.346223248,0.42475501,0.520759033,0.739616292,0.129703926,0.444758887,195562.5556,1997,0.105145046,344765.6811,8940.319371,0.052572523,9219,CBA
Thunnus_thynnus-Atlantic_Northeast,Thunnus thynnus,Atlantic bluefin tuna,"Tunas, bonitos, billfishes",Atlantic Northeast,0.247996897,0.335696735,0.415438002,0.512194406,0.732961338,0.128539185,0.434641668,195562.5556,1998,0.105145046,344765.6811,8940.319371,0.052572523,7283,CBA
Thunnus_thynnus-Atlantic_Northeast,Thunnus thynnus,Atlantic bluefin tuna,"Tunas, bonitos, billfishes",Atlantic Northeast,0.235200323,0.327323862,0.404748805,0.506839277,0.716876746,0.128401116,0.424941044,195562.5556,1999,0.105145046,344765.6811,8940.319371,0.052572523,7108,CBA
Thunnus_thynnus-Atlantic_Northeast,Thunnus thynnus,Atlantic bluefin tuna,"Tunas, bonitos, billfishes",Atlantic Northeast,0.223696766,0.314004584,0.396487442,0.499522115,0.70779101,0.130245546,0.415305841,195562.5556,2000,0.105145046,344765.6811,8940.319371,0.052572523,7027,CBA
Thunnus_thynnus-Atlantic_Northeast,Thunnus thynnus,Atlantic bluefin tuna,"Tunas, bonitos, billfishes",Atlantic Northeast,0.215775702,0.30887099,0.393996396,0.495485154,0.70015134,0.132291423,0.411324126,195562.5556,2001,0.105145046,344765.6811,8940.319371,0.052572523,6078,CBA
Thunnus_thynnus-Atlantic_Northeast,Thunnus thynnus,Atlantic bluefin tuna,"Tunas, bonitos, billfishes",Atlantic Northeast,0.198995424,0.294357946,0.382014638,0.486578373,0.686024926,0.133966877,0.399446668,195562.5556,2002,0.105145046,344765.6811,8940.319371,0.052572523,7209,CBA
Thunnus_thynnus-Atlantic_Northeast,Thunnus thynnus,Atlantic bluefin tuna,"Tunas, bonitos, billfishes",Atlantic Northeast,0.191149558,0.291868963,0.380851983,0.487354476,0.703885037,0.137218612,0.398791612,195562.5556,2003,0.105145046,344765.6811,8940.319371,0.052572523,5316,CBA
Thunnus_thynnus-Atlantic_Northeast,Thunnus thynnus,Atlantic bluefin tuna,"Tunas, bonitos, billfishes",Atlantic Northeast,0.182308017,0.283997388,0.377821303,0.490697898,0.697827593,0.140404581,0.395153894,195562.5556,2004,0.105145046,344765.6811,8940.319371,0.052572523,5707,CBA
Thunnus_thynnus-Atlantic_Northeast,Thunnus thynnus,Atlantic bluefin tuna,"Tunas, bonitos, billfishes",Atlantic Northeast,0.163944632,0.274258183,0.373327934,0.484118233,0.699378326,0.143530002,0.388222633,195562.5556,2005,0.105145046,344765.6811,8940.319371,0.052572523,6261,CBA
Thunnus_thynnus-Atlantic_Northeast,Thunnus thynnus,Atlantic bluefin tuna,"Tunas, bonitos, billfishes",Atlantic Northeast,0.156076465,0.274546948,0.378851466,0.494025528,0.704360977,0.148324871,0.39209172,195562.5556,2006,0.105145046,344765.6811,8940.319371,0.052572523,4376,CBA
Thunnus_thynnus-Atlantic_Northeast,Thunnus thynnus,Atlantic bluefin tuna,"Tunas, bonitos, billfishes",Atlantic Northeast,0.145586808,0.268995429,0.381093328,0.496411124,0.708253708,0.152372252,0.389319982,195562.5556,2007,0.105145046,344765.6811,8940.319371,0.052572523,5281,CBA
Thunnus_thynnus-Atlantic_Northeast,Thunnus thynnus,Atlantic bluefin tuna,"Tunas, bonitos, billfishes",Atlantic Northeast,0.130449031,0.266562087,0.386227303,0.497225768,0.717517814,0.157379922,0.388746072,195562.5556,2008,0.105145046,344765.6811,8940.319371,0.052572523,5145,CBA
Thunnus_thynnus-Atlantic_Northeast,Thunnus thynnus,Atlantic bluefin tuna,"Tunas, bonitos, billfishes",Atlantic Northeast,0.116340609,0.266139813,0.389321616,0.510068693,0.71043607,0.16290083,0.390242831,195562.5556,2009,0.105145046,344765.6811,8940.319371,0.052572523,4747,CBA
Thunnus_thynnus-Atlantic_Northeast,Thunnus thynnus,Atlantic bluefin tuna,"Tunas, bonitos, billfishes",Atlantic Northeast,0.110773306,0.272416869,0.405893707,0.530094399,0.722252738,0.169736957,0.402511605,195562.5556,2010,0.105145046,344765.6811,8940.319371,0.052572523,3007,CBA
Thunnus_thynnus-Atlantic_Northeast,Thunnus thynnus,Atlantic bluefin tuna,"Tunas, bonitos, billfishes",Atlantic Northeast,0.105956125,0.28029876,0.421291493,0.552269501,0.747642871,0.177089529,0.41620292,195562.5556,2011,0.105145046,344765.6811,8940.319371,0.052572523,2880,CBA
Thunnus_thynnus-Atlantic_Northeast,Thunnus thynnus,Atlantic bluefin tuna,"Tunas, bonitos, billfishes",Atlantic Northeast,0.100109879,0.287845275,0.44179849,0.570409024,0.751611805,0.184686701,0.430591139,195562.5556,2012,0.105145046,344765.6811,8940.319371,0.052572523,2806,CBA
Thunnus_thynnus-Atlantic_Northeast,Thunnus thynnus,Atlantic bluefin tuna,"Tunas, bonitos, billfishes",Atlantic Northeast,0.093796347,0.292970693,0.455858514,0.599842514,0.766692686,0.192868462,0.443852661,195562.5556,2013,0.105145046,344765.6811,8940.319371,0.052572523,3059,CBA
Thunnus_thynnus-Atlantic_Northeast,Thunnus thynnus,Atlantic bluefin tuna,"Tunas, bonitos, billfishes",Atlantic Northeast,0.08588625,0.302628673,0.474910203,0.627056163,0.779340179,0.201125351,0.457887182,195562.5556,2014,0.105145046,344765.6811,8940.319371,0.052572523,2880,CBA
Thunnus_thynnus-Atlantic_Northeast,Thunnus thynnus,Atlantic bluefin tuna,"Tunas, bonitos, billfishes",Atlantic Northeast,0.06931911,0.304104366,0.491144957,0.645364201,0.79849695,0.210274001,0.470201136,195562.5556,2015,0.105145046,344765.6811,8940.319371,0.052572523,3544,CBA
Thunnus_thynnus-Atlantic_Northeast,Thunnus thynnus,Atlantic bluefin tuna,"Tunas, bonitos, billfishes",Atlantic Northeast,0.044917992,0.295637772,0.497278634,0.657866311,0.789508868,0.219349451,0.470851259,195562.5556,2016,0.105145046,344765.6811,8940.319371,0.052572523,5337,CBA
Thunnus_thynnus-Atlantic_Northwest,Thunnus thynnus,Atlantic bluefin tuna,"Tunas, bonitos, billfishes",Atlantic Northwest,0.956487845,1.179371437,1.362350236,1.560725117,1.862053697,0.246779965,1.375501319,37153.1003,1950,0.156777528,55251.91935,2022.435782,0.078388764,1007,CBA
Thunnus_thynnus-Atlantic_Northwest,Thunnus thynnus,Atlantic bluefin tuna,"Tunas, bonitos, billfishes",Atlantic Northwest,0.97553941,1.212874539,1.389187497,1.568861478,1.844002153,0.235434721,1.395394963,37153.1003,1951,0.156777528,55251.91935,2022.435782,0.078388764,1098,CBA
Thunnus_thynnus-Atlantic_Northwest,Thunnus thynnus,Atlantic bluefin tuna,"Tunas, bonitos, billfishes",Atlantic Northwest,1.019596086,1.266226137,1.434830868,1.59982977,1.859032074,0.226588092,1.434199116,37153.1003,1952,0.156777528,55251.91935,2022.435782,0.078388764,624,CBA
Thunnus_thynnus-Atlantic_Northwest,Thunnus thynnus,Atlantic bluefin tuna,"Tunas, bonitos, billfishes",Atlantic Northwest,1.041482881,1.29584715,1.453875542,1.613036821,1.861038054,0.218647815,1.452663318,37153.1003,1953,0.156777528,55251.91935,2022.435782,0.078388764,1083,CBA
Thunnus_thynnus-Atlantic_Northwest,Thunnus thynnus,Atlantic bluefin tuna,"Tunas, bonitos, billfishes",Atlantic Northwest,1.076749193,1.328287597,1.481586606,1.632028931,1.874437919,0.209597102,1.480123386,37153.1003,1954,0.156777528,55251.91935,2022.435782,0.078388764,823,CBA
Thunnus_thynnus-Atlantic_Northwest,Thunnus thynnus,Atlantic bluefin tuna,"Tunas, bonitos, billfishes",Atlantic Northwest,1.122301152,1.373472997,1.522258365,1.668892893,1.883403038,0.205077281,1.517007849,37153.1003,1955,0.156777528,55251.91935,2022.435782,0.078388764,539,CBA
Thunnus_thynnus-Atlantic_Northwest,Thunnus thynnus,Atlantic bluefin tuna,"Tunas, bonitos, billfishes",Atlantic Northwest,1.166852734,1.429752812,1.571916734,1.708480412,1.912671545,0.199310814,1.561532076,37153.1003,1956,0.156777528,55251.91935,2022.435782,0.078388764,248,CBA
Thunnus_thynnus-Atlantic_Northwest,Thunnus thynnus,Atlantic bluefin tuna,"Tunas, bonitos, billfishes",Atlantic Northwest,1.200495953,1.46057187,1.605400282,1.730727577,1.925234059,0.191599951,1.592541678,37153.1003,1957,0.156777528,55251.91935,2022.435782,0.078388764,501,CBA
Thunnus_thynnus-Atlantic_Northwest,Thunnus thynnus,Atlantic bluefin tuna,"Tunas, bonitos, billfishes",Atlantic Northwest,1.212664107,1.471344642,1.613823556,1.73186164,1.929021871,0.186334259,1.598443269,37153.1003,1958,0.156777528,55251.91935,2022.435782,0.078388764,1161,CBA
Thunnus_thynnus-Atlantic_Northwest,Thunnus thynnus,Atlantic bluefin tuna,"Tunas, bonitos, billfishes",Atlantic Northwest,1.228714427,1.474827702,1.609894388,1.729707595,1.92092601,0.181295411,1.597942494,37153.1003,1959,0.156777528,55251.91935,2022.435782,0.078388764,1371,CBA
Thunnus_thynnus-Atlantic_Northwest,Thunnus thynnus,Atlantic bluefin tuna,"Tunas, bonitos, billfishes",Atlantic Northwest,1.264223283,1.508270199,1.631856741,1.752464694,1.934913385,0.177530397,1.624001384,37153.1003,1960,0.156777528,55251.91935,2022.435782,0.078388764,674,CBA
Thunnus_thynnus-Atlantic_Northwest,Thunnus thynnus,Atlantic bluefin tuna,"Tunas, bonitos, billfishes",Atlantic Northwest,1.264949881,1.513421099,1.636594845,1.756179646,1.93086876,0.174516835,1.628357152,37153.1003,1961,0.156777528,55251.91935,2022.435782,0.078388764,1194,CBA
Thunnus_thynnus-Atlantic_Northwest,Thunnus thynnus,Atlantic bluefin tuna,"Tunas, bonitos, billfishes",Atlantic Northwest,1.205830863,1.441556715,1.553294422,1.671251944,1.867685822,0.169687915,1.552377755,37153.1003,1962,0.156777528,55251.91935,2022.435782,0.078388764,3386,CBA
Thunnus_thynnus-Atlantic_Northwest,Thunnus thynnus,Atlantic bluefin tuna,"Tunas, bonitos, billfishes",Atlantic Northwest,1.092084097,1.303545044,1.417482249,1.525238549,1.75051687,0.167062792,1.416694595,37153.1003,1963,0.156777528,55251.91935,2022.435782,0.078388764,5183,CBA
Thunnus_thynnus-Atlantic_Northwest,Thunnus thynnus,Atlantic bluefin tuna,"Tunas, bonitos, billfishes",Atlantic Northwest,1.023713608,1.223151002,1.331527396,1.44522673,1.695372242,0.168976057,1.337245028,37153.1003,1964,0.156777528,55251.91935,2022.435782,0.078388764,4003,CBA
Thunnus_thynnus-Atlantic_Northwest,Thunnus thynnus,Atlantic bluefin tuna,"Tunas, bonitos, billfishes",Atlantic Northwest,0.984021884,1.173365283,1.285484186,1.403300085,1.648432997,0.170574028,1.292565349,37153.1003,1965,0.156777528,55251.91935,2022.435782,0.078388764,3129,CBA
Thunnus_thynnus-Atlantic_Northwest,Thunnus thynnus,Atlantic bluefin tuna,"Tunas, bonitos, billfishes",Atlantic Northwest,1.003125603,1.201274696,1.310148619,1.427410115,1.669958846,0.169125582,1.317427026,37153.1003,1966,0.156777528,55251.91935,2022.435782,0.078388764,1417,CBA
Thunnus_thynnus-Atlantic_Northwest,Thunnus thynnus,Atlantic bluefin tuna,"Tunas, bonitos, billfishes",Atlantic Northwest,0.998630407,1.196239125,1.302156961,1.414626759,1.657017569,0.165725013,1.308870982,37153.1003,1967,0.156777528,55251.91935,2022.435782,0.078388764,2170,CBA
Thunnus_thynnus-Atlantic_Northwest,Thunnus thynnus,Atlantic bluefin tuna,"Tunas, bonitos, billfishes",Atlantic Northwest,1.034711714,1.23412393,1.340194748,1.451847508,1.681610121,0.164687755,1.346156239,37153.1003,1968,0.156777528,55251.91935,2022.435782,0.078388764,1088,CBA
Thunnus_thynnus-Atlantic_Northwest,Thunnus thynnus,Atlantic bluefin tuna,"Tunas, bonitos, billfishes",Atlantic Northwest,1.055024376,1.245581672,1.357442883,1.468328848,1.698572503,0.163933819,1.360191536,37153.1003,1969,0.156777528,55251.91935,2022.435782,0.078388764,1589,CBA
Thunnus_thynnus-Atlantic_Northwest,Thunnus thynnus,Atlantic bluefin tuna,"Tunas, bonitos, billfishes",Atlantic Northwest,0.975502919,1.1592649,1.263648639,1.371143331,1.599156632,0.158573086,1.268012631,37153.1003,1970,0.156777528,55251.91935,2022.435782,0.078388764,4342,CBA
Thunnus_thynnus-Atlantic_Northwest,Thunnus thynnus,Atlantic bluefin tuna,"Tunas, bonitos, billfishes",Atlantic Northwest,0.888779589,1.061761397,1.161557152,1.270057333,1.50532454,0.157176601,1.170809181,37153.1003,1971,0.156777528,55251.91935,2022.435782,0.078388764,4584,CBA
Thunnus_thynnus-Atlantic_Northwest,Thunnus thynnus,Atlantic bluefin tuna,"Tunas, bonitos, billfishes",Atlantic Northwest,0.876526944,1.040858393,1.138134427,1.245274691,1.491074915,0.156277485,1.149472684,37153.1003,1972,0.156777528,55251.91935,2022.435782,0.078388764,2684,CBA
Thunnus_thynnus-Atlantic_Northwest,Thunnus thynnus,Atlantic bluefin tuna,"Tunas, bonitos, billfishes",Atlantic Northwest,0.832028082,0.991213868,1.085229831,1.193322021,1.449935715,0.156211431,1.09985824,37153.1003,1973,0.156777528,55251.91935,2022.435782,0.078388764,3420,CBA
Thunnus_thynnus-Atlantic_Northwest,Thunnus thynnus,Atlantic bluefin tuna,"Tunas, bonitos, billfishes",Atlantic Northwest,0.808568342,0.967302096,1.061902939,1.16772116,1.409240581,0.154344812,1.075383935,37153.1003,1974,0.156777528,55251.91935,2022.435782,0.078388764,2769,CBA
Thunnus_thynnus-Atlantic_Northwest,Thunnus thynnus,Atlantic bluefin tuna,"Tunas, bonitos, billfishes",Atlantic Northwest,0.774718951,0.934413539,1.025323236,1.133867047,1.380277368,0.154185709,1.041818224,37153.1003,1975,0.156777528,55251.91935,2022.435782,0.078388764,3032,CBA
Thunnus_thynnus-Atlantic_Northwest,Thunnus thynnus,Atlantic bluefin tuna,"Tunas, bonitos, billfishes",Atlantic Northwest,0.731598594,0.884990455,0.97599812,1.081768165,1.333224088,0.152355981,0.991802373,37153.1003,1976,0.156777528,55251.91935,2022.435782,0.078388764,3409,CBA
Thunnus_thynnus-Atlantic_Northwest,Thunnus thynnus,Atlantic bluefin tuna,"Tunas, bonitos, billfishes",Atlantic Northwest,0.674590434,0.818306646,0.908980019,1.015258309,1.262037248,0.15154993,0.925760429,37153.1003,1977,0.156777528,55251.91935,2022.435782,0.078388764,3813,CBA
Thunnus_thynnus-Atlantic_Northwest,Thunnus thynnus,Atlantic bluefin tuna,"Tunas, bonitos, billfishes",Atlantic Northwest,0.649563468,0.783632373,0.878328305,0.983708117,1.224542994,0.151416272,0.893567275,37153.1003,1978,0.156777528,55251.91935,2022.435782,0.078388764,2914,CBA
Thunnus_thynnus-Atlantic_Northwest,Thunnus thynnus,Atlantic bluefin tuna,"Tunas, bonitos, billfishes",Atlantic Northwest,0.623056147,0.76025954,0.85188561,0.955173787,1.207003273,0.150299349,0.868001428,37153.1003,1979,0.156777528,55251.91935,2022.435782,0.078388764,2739,CBA
Thunnus_thynnus-Atlantic_Northwest,Thunnus thynnus,Atlantic bluefin tuna,"Tunas, bonitos, billfishes",Atlantic Northwest,0.581823141,0.71616751,0.807813076,0.916021206,1.15992763,0.150299098,0.825055392,37153.1003,1980,0.156777528,55251.91935,2022.435782,0.078388764,3105,CBA
Thunnus_thynnus-Atlantic_Northwest,Thunnus thynnus,Atlantic bluefin tuna,"Tunas, bonitos, billfishes",Atlantic Northwest,0.524314813,0.658590379,0.752674017,0.863314718,1.118628197,0.152207692,0.769800794,37153.1003,1981,0.156777528,55251.91935,2022.435782,0.078388764,3374,CBA
Thunnus_thynnus-Atlantic_Northwest,Thunnus thynnus,Atlantic bluefin tuna,"Tunas, bonitos, billfishes",Atlantic Northwest,0.562891316,0.692325197,0.783083832,0.888175539,1.127714153,0.148389091,0.799517712,37153.1003,1982,0.156777528,55251.91935,2022.435782,0.078388764,1109,CBA
Thunnus_thynnus-Atlantic_Northwest,Thunnus thynnus,Atlantic bluefin tuna,"Tunas, bonitos, billfishes",Atlantic Northwest,0.544700674,0.675811534,0.766202408,0.872953078,1.110416702,0.148026569,0.783281467,37153.1003,1983,0.156777528,55251.91935,2022.435782,0.078388764,2355,CBA
Thunnus_thynnus-Atlantic_Northwest,Thunnus thynnus,Atlantic bluefin tuna,"Tunas, bonitos, billfishes",Atlantic Northwest,0.538012492,0.668729588,0.7582042,0.867336862,1.107153409,0.147983033,0.776113138,37153.1003,1984,0.156777528,55251.91935,2022.435782,0.078388764,2098,CBA
Thunnus_thynnus-Atlantic_Northwest,Thunnus thynnus,Atlantic bluefin tuna,"Tunas, bonitos, billfishes",Atlantic Northwest,0.521568543,0.654937395,0.741697203,0.849117568,1.09321238,0.147189863,0.760829964,37153.1003,1985,0.156777528,55251.91935,2022.435782,0.078388764,2267,CBA
Thunnus_thynnus-Atlantic_Northwest,Thunnus thynnus,Atlantic bluefin tuna,"Tunas, bonitos, billfishes",Atlantic Northwest,0.564191188,0.690633731,0.777648926,0.880380158,1.121841394,0.143000069,0.794225762,37153.1003,1986,0.156777528,55251.91935,2022.435782,0.078388764,937,CBA
Thunnus_thynnus-Atlantic_Northwest,Thunnus thynnus,Atlantic bluefin tuna,"Tunas, bonitos, billfishes",Atlantic Northwest,0.561061571,0.689454702,0.77184994,0.871069282,1.10528358,0.139375075,0.78798607,37153.1003,1987,0.156777528,55251.91935,2022.435782,0.078388764,2041,CBA
Thunnus_thynnus-Atlantic_Northwest,Thunnus thynnus,Atlantic bluefin tuna,"Tunas, bonitos, billfishes",Atlantic Northwest,0.577978235,0.702636814,0.783069496,0.879120028,1.120655487,0.136091407,0.799542716,37153.1003,1988,0.156777528,55251.91935,2022.435782,0.078388764,1605,CBA
Thunnus_thynnus-Atlantic_Northwest,Thunnus thynnus,Atlantic bluefin tuna,"Tunas, bonitos, billfishes",Atlantic Northwest,0.57160387,0.695596792,0.773237716,0.866587326,1.101869879,0.133753064,0.789436342,37153.1003,1989,0.156777528,55251.91935,2022.435782,0.078388764,2189,CBA
Thunnus_thynnus-Atlantic_Northwest,Thunnus thynnus,Atlantic bluefin tuna,"Tunas, bonitos, billfishes",Atlantic Northwest,0.562255658,0.679815582,0.756215522,0.843952247,1.083874888,0.130177905,0.771619161,37153.1003,1990,0.156777528,55251.91935,2022.435782,0.078388764,2335,CBA
Thunnus_thynnus-Atlantic_Northwest,Thunnus thynnus,Atlantic bluefin tuna,"Tunas, bonitos, billfishes",Atlantic Northwest,0.555424129,0.665945035,0.73778781,0.825037604,1.044779,0.126111103,0.754904862,37153.1003,1991,0.156777528,55251.91935,2022.435782,0.078388764,2283,CBA
Thunnus_thynnus-Atlantic_Northwest,Thunnus thynnus,Atlantic bluefin tuna,"Tunas, bonitos, billfishes",Atlantic Northwest,0.534225158,0.642781657,0.713209114,0.798997071,1.008104771,0.12247392,0.729213755,37153.1003,1992,0.156777528,55251.91935,2022.435782,0.078388764,2512,CBA
Thunnus_thynnus-Atlantic_Northwest,Thunnus thynnus,Atlantic bluefin tuna,"Tunas, bonitos, billfishes",Atlantic Northwest,0.511557629,0.613309647,0.682175396,0.767898652,0.979515268,0.120213316,0.698953354,37153.1003,1993,0.156777528,55251.91935,2022.435782,0.078388764,2610,CBA
Thunnus_thynnus-Atlantic_Northwest,Thunnus thynnus,Atlantic bluefin tuna,"Tunas, bonitos, billfishes",Atlantic Northwest,0.498404284,0.600992432,0.669334911,0.748203891,0.959966714,0.117503821,0.684380905,37153.1003,1994,0.156777528,55251.91935,2022.435782,0.078388764,2163,CBA
Thunnus_thynnus-Atlantic_Northwest,Thunnus thynnus,Atlantic bluefin tuna,"Tunas, bonitos, billfishes",Atlantic Northwest,0.495171601,0.592016975,0.655687403,0.73540123,0.941608465,0.114338709,0.671667213,37153.1003,1995,0.156777528,55251.91935,2022.435782,0.078388764,2110,CBA
Thunnus_thynnus-Atlantic_Northwest,Thunnus thynnus,Atlantic bluefin tuna,"Tunas, bonitos, billfishes",Atlantic Northwest,0.47782705,0.575867449,0.638308108,0.714633749,0.919968088,0.111411013,0.653362986,37153.1003,1996,0.156777528,55251.91935,2022.435782,0.078388764,2230,CBA
Thunnus_thynnus-Atlantic_Northwest,Thunnus thynnus,Atlantic bluefin tuna,"Tunas, bonitos, billfishes",Atlantic Northwest,0.469606692,0.560988033,0.626108727,0.697869714,0.900854506,0.108717195,0.639787371,37153.1003,1997,0.156777528,55251.91935,2022.435782,0.078388764,2109,CBA
Thunnus_thynnus-Atlantic_Northwest,Thunnus thynnus,Atlantic bluefin tuna,"Tunas, bonitos, billfishes",Atlantic Northwest,0.448512863,0.53631165,0.59552565,0.66974087,0.877099938,0.10838341,0.611163086,37153.1003,1998,0.156777528,55251.91935,2022.435782,0.078388764,2442,CBA
Thunnus_thynnus-Atlantic_Northwest,Thunnus thynnus,Atlantic bluefin tuna,"Tunas, bonitos, billfishes",Atlantic Northwest,0.407303405,0.493338985,0.553800428,0.624339011,0.835738123,0.108594925,0.569689947,37153.1003,1999,0.156777528,55251.91935,2022.435782,0.078388764,2741,CBA
Thunnus_thynnus-Atlantic_Northwest,Thunnus thynnus,Atlantic bluefin tuna,"Tunas, bonitos, billfishes",Atlantic Northwest,0.37473185,0.452180355,0.51178339,0.589936354,0.798869261,0.110051627,0.532003968,37153.1003,2000,0.156777528,55251.91935,2022.435782,0.078388764,2567,CBA
Thunnus_thynnus-Atlantic_Northwest,Thunnus thynnus,Atlantic bluefin tuna,"Tunas, bonitos, billfishes",Atlantic Northwest,0.327204829,0.401718835,0.463183534,0.545835771,0.757566542,0.112715678,0.48423145,37153.1003,2001,0.156777528,55251.91935,2022.435782,0.078388764,2768,CBA
Thunnus_thynnus-Atlantic_Northwest,Thunnus thynnus,Atlantic bluefin tuna,"Tunas, bonitos, billfishes",Atlantic Northwest,0.28665664,0.359827801,0.430380084,0.513078924,0.729568311,0.117053495,0.44899556,37153.1003,2002,0.156777528,55251.91935,2022.435782,0.078388764,2360,CBA
Thunnus_thynnus-Atlantic_Northwest,Thunnus thynnus,Atlantic bluefin tuna,"Tunas, bonitos, billfishes",Atlantic Northwest,0.269844805,0.345721468,0.421332572,0.508826733,0.718690474,0.120948505,0.438918667,37153.1003,2003,0.156777528,55251.91935,2022.435782,0.078388764,1590,CBA
Thunnus_thynnus-Atlantic_Northwest,Thunnus thynnus,Atlantic bluefin tuna,"Tunas, bonitos, billfishes",Atlantic Northwest,0.257457637,0.337088192,0.41555548,0.509171157,0.71475378,0.124407191,0.434081964,37153.1003,2004,0.156777528,55251.91935,2022.435782,0.078388764,1418,CBA
Thunnus_thynnus-Atlantic_Northwest,Thunnus thynnus,Atlantic bluefin tuna,"Tunas, bonitos, billfishes",Atlantic Northwest,0.248075815,0.330650672,0.416682774,0.515425335,0.720776353,0.127946512,0.432728182,37153.1003,2005,0.156777528,55251.91935,2022.435782,0.078388764,1295,CBA
Thunnus_thynnus-Atlantic_Northwest,Thunnus thynnus,Atlantic bluefin tuna,"Tunas, bonitos, billfishes",Atlantic Northwest,0.245457465,0.337817608,0.423342868,0.526740309,0.73216831,0.132292079,0.440173486,37153.1003,2006,0.156777528,55251.91935,2022.435782,0.078388764,1074,CBA
Thunnus_thynnus-Atlantic_Northwest,Thunnus thynnus,Atlantic bluefin tuna,"Tunas, bonitos, billfishes",Atlantic Northwest,0.24936516,0.347436278,0.442988684,0.549269289,0.754794738,0.136843944,0.457431253,37153.1003,2007,0.156777528,55251.91935,2022.435782,0.078388764,848,CBA
Thunnus_thynnus-Atlantic_Northwest,Thunnus thynnus,Atlantic bluefin tuna,"Tunas, bonitos, billfishes",Atlantic Northwest,0.242821313,0.347549999,0.449887085,0.558523752,0.763896675,0.142072689,0.461528317,37153.1003,2008,0.156777528,55251.91935,2022.435782,0.078388764,1211,CBA
Thunnus_thynnus-Atlantic_Northwest,Thunnus thynnus,Atlantic bluefin tuna,"Tunas, bonitos, billfishes",Atlantic Northwest,0.239066999,0.356751073,0.466686901,0.579710162,0.775629985,0.148053726,0.476166713,37153.1003,2009,0.156777528,55251.91935,2022.435782,0.078388764,970,CBA
Thunnus_thynnus-Atlantic_Northwest,Thunnus thynnus,Atlantic bluefin tuna,"Tunas, bonitos, billfishes",Atlantic Northwest,0.226338276,0.356216986,0.476255721,0.597500692,0.783489577,0.155784534,0.481189887,37153.1003,2010,0.156777528,55251.91935,2022.435782,0.078388764,1242,CBA
Thunnus_thynnus-Atlantic_Northwest,Thunnus thynnus,Atlantic bluefin tuna,"Tunas, bonitos, billfishes",Atlantic Northwest,0.198666622,0.339804374,0.47706375,0.601210041,0.781617581,0.164352829,0.474719176,37153.1003,2011,0.156777528,55251.91935,2022.435782,0.078388764,1554,CBA
Thunnus_thynnus-Atlantic_Northwest,Thunnus thynnus,Atlantic bluefin tuna,"Tunas, bonitos, billfishes",Atlantic Northwest,0.178775375,0.339187383,0.482825001,0.614130394,0.792258403,0.174235865,0.478198892,37153.1003,2012,0.156777528,55251.91935,2022.435782,0.078388764,1287,CBA
Thunnus_thynnus-Atlantic_Northwest,Thunnus thynnus,Atlantic bluefin tuna,"Tunas, bonitos, billfishes",Atlantic Northwest,0.162062399,0.338094755,0.496195064,0.635187606,0.804531605,0.18450539,0.486825761,37153.1003,2013,0.156777528,55251.91935,2022.435782,0.078388764,1139,CBA
Thunnus_thynnus-Atlantic_Northwest,Thunnus thynnus,Atlantic bluefin tuna,"Tunas, bonitos, billfishes",Atlantic Northwest,0.137937353,0.33194693,0.506300705,0.651675351,0.81411151,0.196164789,0.491158279,37153.1003,2014,0.156777528,55251.91935,2022.435782,0.078388764,1251,CBA
Thunnus_thynnus-Atlantic_Northwest,Thunnus thynnus,Atlantic bluefin tuna,"Tunas, bonitos, billfishes",Atlantic Northwest,0.099385367,0.316861273,0.503353896,0.660848598,0.800686323,0.20831918,0.482724391,37153.1003,2015,0.156777528,55251.91935,2022.435782,0.078388764,1600,CBA
Thunnus_thynnus-Atlantic_Northwest,Thunnus thynnus,Atlantic bluefin tuna,"Tunas, bonitos, billfishes",Atlantic Northwest,0.048545968,0.29505546,0.499165633,0.667048607,0.788961669,0.223041524,0.471141468,37153.1003,2016,0.156777528,55251.91935,2022.435782,0.078388764,1658,CBA
Thunnus_thynnus-Atlantic_Western Central,Thunnus thynnus,Atlantic bluefin tuna,"Tunas, bonitos, billfishes",Atlantic Western Central,1.205237641,1.471532009,1.624459522,1.755872728,1.941600996,0.20133407,1.606781658,31694.73982,1957,0.130057424,40930.07645,1320.670153,0.065028712,30,CBA
Thunnus_thynnus-Atlantic_Western Central,Thunnus thynnus,Atlantic bluefin tuna,"Tunas, bonitos, billfishes",Atlantic Western Central,1.276204199,1.52512586,1.67139376,1.787714917,1.948611416,0.18103172,1.652500611,31694.73982,1958,0.130057424,40930.07645,1320.670153,0.065028712,32,CBA
Thunnus_thynnus-Atlantic_Western Central,Thunnus thynnus,Atlantic bluefin tuna,"Tunas, bonitos, billfishes",Atlantic Western Central,1.355261239,1.592830362,1.708941853,1.815025385,1.965164966,0.161590305,1.692930313,31694.73982,1959,0.130057424,40930.07645,1320.670153,0.065028712,200,CBA
Thunnus_thynnus-Atlantic_Western Central,Thunnus thynnus,Atlantic bluefin tuna,"Tunas, bonitos, billfishes",Atlantic Western Central,1.4067061,1.632290396,1.742107952,1.845303854,1.964933067,0.147608667,1.730530621,31694.73982,1960,0.130057424,40930.07645,1320.670153,0.065028712,339,CBA
Thunnus_thynnus-Atlantic_Western Central,Thunnus thynnus,Atlantic bluefin tuna,"Tunas, bonitos, billfishes",Atlantic Western Central,1.468797777,1.680887174,1.78850404,1.865999197,1.979968437,0.132791638,1.767564423,31694.73982,1961,0.130057424,40930.07645,1320.670153,0.065028712,373,CBA
Thunnus_thynnus-Atlantic_Western Central,Thunnus thynnus,Atlantic bluefin tuna,"Tunas, bonitos, billfishes",Atlantic Western Central,1.503681595,1.676703578,1.7793327,1.864633349,1.977223517,0.12685923,1.768033552,31694.73982,1962,0.130057424,40930.07645,1320.670153,0.065028712,1219,CBA
Thunnus_thynnus-Atlantic_Western Central,Thunnus thynnus,Atlantic bluefin tuna,"Tunas, bonitos, billfishes",Atlantic Western Central,1.296890041,1.444948273,1.524692871,1.61106804,1.784446289,0.124783801,1.526933939,31694.73982,1963,0.130057424,40930.07645,1320.670153,0.065028712,6191,CBA
Thunnus_thynnus-Atlantic_Western Central,Thunnus thynnus,Atlantic bluefin tuna,"Tunas, bonitos, billfishes",Atlantic Western Central,0.805085591,0.915752538,0.98994057,1.062795112,1.238189225,0.113118732,0.99727664,31694.73982,1964,0.130057424,40930.07645,1320.670153,0.065028712,12059,CBA
Thunnus_thynnus-Atlantic_Western Central,Thunnus thynnus,Atlantic bluefin tuna,"Tunas, bonitos, billfishes",Atlantic Western Central,0.428651352,0.535832811,0.601639126,0.679243079,0.855365753,0.106275524,0.611330503,31694.73982,1965,0.130057424,40930.07645,1320.670153,0.065028712,9274,CBA
Thunnus_thynnus-Atlantic_Western Central,Thunnus thynnus,Atlantic bluefin tuna,"Tunas, bonitos, billfishes",Atlantic Western Central,0.350358653,0.452395021,0.51287753,0.581553376,0.756591045,0.101066132,0.520834247,31694.73982,1966,0.130057424,40930.07645,1320.670153,0.065028712,2977,CBA
Thunnus_thynnus-Atlantic_Western Central,Thunnus thynnus,Atlantic bluefin tuna,"Tunas, bonitos, billfishes",Atlantic Western Central,0.247892573,0.350261576,0.408142657,0.480206557,0.634252466,0.098749635,0.418570192,31694.73982,1967,0.130057424,40930.07645,1320.670153,0.065028712,3094,CBA
Thunnus_thynnus-Atlantic_Western Central,Thunnus thynnus,Atlantic bluefin tuna,"Tunas, bonitos, billfishes",Atlantic Western Central,0.206059523,0.311442389,0.372490272,0.438668179,0.600512571,0.099359335,0.379775713,31694.73982,1968,0.130057424,40930.07645,1320.670153,0.065028712,1672,CBA
Thunnus_thynnus-Atlantic_Western Central,Thunnus thynnus,Atlantic bluefin tuna,"Tunas, bonitos, billfishes",Atlantic Western Central,0.215155659,0.321817981,0.383173954,0.449749243,0.60337623,0.098042029,0.389590319,31694.73982,1969,0.130057424,40930.07645,1320.670153,0.065028712,584,CBA
Thunnus_thynnus-Atlantic_Western Central,Thunnus thynnus,Atlantic bluefin tuna,"Tunas, bonitos, billfishes",Atlantic Western Central,0.240268656,0.34829055,0.410027049,0.47687165,0.633668089,0.097320165,0.415600628,31694.73982,1970,0.130057424,40930.07645,1320.670153,0.065028712,302,CBA
Thunnus_thynnus-Atlantic_Western Central,Thunnus thynnus,Atlantic bluefin tuna,"Tunas, bonitos, billfishes",Atlantic Western Central,0.271237582,0.378706193,0.435661094,0.504335765,0.652460753,0.094917304,0.442034903,31694.73982,1971,0.130057424,40930.07645,1320.670153,0.065028712,313,CBA
Thunnus_thynnus-Atlantic_Western Central,Thunnus thynnus,Atlantic bluefin tuna,"Tunas, bonitos, billfishes",Atlantic Western Central,0.326547882,0.421591542,0.478718144,0.543341402,0.684387392,0.092340763,0.485089121,31694.73982,1972,0.130057424,40930.07645,1320.670153,0.065028712,30,CBA
Thunnus_thynnus-Atlantic_Western Central,Thunnus thynnus,Atlantic bluefin tuna,"Tunas, bonitos, billfishes",Atlantic Western Central,0.377517916,0.466851166,0.519338419,0.582234265,0.715653325,0.087216933,0.526301313,31694.73982,1973,0.130057424,40930.07645,1320.670153,0.065028712,131,CBA
Thunnus_thynnus-Atlantic_Western Central,Thunnus thynnus,Atlantic bluefin tuna,"Tunas, bonitos, billfishes",Atlantic Western Central,0.426471691,0.506995612,0.554271081,0.610832736,0.727883178,0.081022267,0.56238355,31694.73982,1974,0.130057424,40930.07645,1320.670153,0.065028712,274,CBA
Thunnus_thynnus-Atlantic_Western Central,Thunnus thynnus,Atlantic bluefin tuna,"Tunas, bonitos, billfishes",Atlantic Western Central,0.445366258,0.511767747,0.554231532,0.6065704,0.723234883,0.071379766,0.561588454,31694.73982,1975,0.130057424,40930.07645,1320.670153,0.065028712,1079,CBA
Thunnus_thynnus-Atlantic_Western Central,Thunnus thynnus,Atlantic bluefin tuna,"Tunas, bonitos, billfishes",Atlantic Western Central,0.413500894,0.464566304,0.502891473,0.546173167,0.654396098,0.063279037,0.510266803,31694.73982,1976,0.130057424,40930.07645,1320.670153,0.065028712,2133,CBA
Thunnus_thynnus-Atlantic_Western Central,Thunnus thynnus,Atlantic bluefin tuna,"Tunas, bonitos, billfishes",Atlantic Western Central,0.340763162,0.384376745,0.417718966,0.453105596,0.546060495,0.05465518,0.424048619,31694.73982,1977,0.130057424,40930.07645,1320.670153,0.065028712,2734,CBA
Thunnus_thynnus-Atlantic_Western Central,Thunnus thynnus,Atlantic bluefin tuna,"Tunas, bonitos, billfishes",Atlantic Western Central,0.276162831,0.309707859,0.334804566,0.36805688,0.462862889,0.047996293,0.343394972,31694.73982,1978,0.130057424,40930.07645,1320.670153,0.065028712,2522,CBA
Thunnus_thynnus-Atlantic_Western Central,Thunnus thynnus,Atlantic bluefin tuna,"Tunas, bonitos, billfishes",Atlantic Western Central,0.204111958,0.231626951,0.252301305,0.281065612,0.366348935,0.043530155,0.26214447,31694.73982,1979,0.130057424,40930.07645,1320.670153,0.065028712,2386,CBA
Thunnus_thynnus-Atlantic_Western Central,Thunnus thynnus,Atlantic bluefin tuna,"Tunas, bonitos, billfishes",Atlantic Western Central,0.115249147,0.1350285,0.152773848,0.181432921,0.264613355,0.041195649,0.163883861,31694.73982,1980,0.130057424,40930.07645,1320.670153,0.065028712,2582,CBA
Thunnus_thynnus-Atlantic_Western Central,Thunnus thynnus,Atlantic bluefin tuna,"Tunas, bonitos, billfishes",Atlantic Western Central,0.027785156,0.047280217,0.066174321,0.094380191,0.179847638,0.042025657,0.076875623,31694.73982,1981,0.130057424,40930.07645,1320.670153,0.065028712,2150,CBA
Thunnus_thynnus-Atlantic_Western Central,Thunnus thynnus,Atlantic bluefin tuna,"Tunas, bonitos, billfishes",Atlantic Western Central,0.031145448,0.051790442,0.071021703,0.102213924,0.191756045,0.043975242,0.082748728,31694.73982,1982,0.130057424,40930.07645,1320.670153,0.065028712,46,CBA
Thunnus_thynnus-Atlantic_Western Central,Thunnus thynnus,Atlantic bluefin tuna,"Tunas, bonitos, billfishes",Atlantic Western Central,0.036911896,0.059255286,0.079831674,0.111007737,0.204300504,0.045724189,0.091453276,31694.73982,1983,0.130057424,40930.07645,1320.670153,0.065028712,3,CBA
Thunnus_thynnus-Atlantic_Western Central,Thunnus thynnus,Atlantic bluefin tuna,"Tunas, bonitos, billfishes",Atlantic Western Central,0.044309317,0.067933791,0.089298994,0.121781942,0.221325431,0.047534949,0.101050078,31694.73982,1984,0.130057424,40930.07645,1320.670153,0.065028712,2,CBA
Thunnus_thynnus-Atlantic_Western Central,Thunnus thynnus,Atlantic bluefin tuna,"Tunas, bonitos, billfishes",Atlantic Western Central,0.041834536,0.066125146,0.088575746,0.123123727,0.219244988,0.049478571,0.100709519,31694.73982,1985,0.130057424,40930.07645,1320.670153,0.065028712,227,CBA
Thunnus_thynnus-Atlantic_Western Central,Thunnus thynnus,Atlantic bluefin tuna,"Tunas, bonitos, billfishes",Atlantic Western Central,0.043604294,0.068135863,0.091402817,0.126724076,0.234621848,0.05136706,0.104761863,31694.73982,1986,0.130057424,40930.07645,1320.670153,0.065028712,136,CBA
Thunnus_thynnus-Atlantic_Western Central,Thunnus thynnus,Atlantic bluefin tuna,"Tunas, bonitos, billfishes",Atlantic Western Central,0.041976172,0.067370055,0.091879931,0.128664146,0.2438849,0.053312148,0.105737918,31694.73982,1987,0.130057424,40930.07645,1320.670153,0.065028712,210,CBA
Thunnus_thynnus-Atlantic_Western Central,Thunnus thynnus,Atlantic bluefin tuna,"Tunas, bonitos, billfishes",Atlantic Western Central,0.042526608,0.068984352,0.094232637,0.132118039,0.254348067,0.055722019,0.108577157,31694.73982,1988,0.130057424,40930.07645,1320.670153,0.065028712,174,CBA
Thunnus_thynnus-Atlantic_Western Central,Thunnus thynnus,Atlantic bluefin tuna,"Tunas, bonitos, billfishes",Atlantic Western Central,0.04371649,0.071523754,0.098377686,0.139203051,0.267991449,0.057700319,0.1131105,31694.73982,1989,0.130057424,40930.07645,1320.670153,0.065028712,139,CBA
Thunnus_thynnus-Atlantic_Western Central,Thunnus thynnus,Atlantic bluefin tuna,"Tunas, bonitos, billfishes",Atlantic Western Central,0.044260874,0.072865839,0.102369316,0.144990776,0.274790626,0.060454441,0.116875065,31694.73982,1990,0.130057424,40930.07645,1320.670153,0.065028712,172,CBA
Thunnus_thynnus-Atlantic_Western Central,Thunnus thynnus,Atlantic bluefin tuna,"Tunas, bonitos, billfishes",Atlantic Western Central,0.044911736,0.07537929,0.106389572,0.150063463,0.290892917,0.063515989,0.121313456,31694.73982,1991,0.130057424,40930.07645,1320.670153,0.065028712,165,CBA
Thunnus_thynnus-Atlantic_Western Central,Thunnus thynnus,Atlantic bluefin tuna,"Tunas, bonitos, billfishes",Atlantic Western Central,0.046939466,0.078149632,0.11243065,0.157115084,0.301974468,0.066564706,0.127729813,31694.73982,1992,0.130057424,40930.07645,1320.670153,0.065028712,129,CBA
Thunnus_thynnus-Atlantic_Western Central,Thunnus thynnus,Atlantic bluefin tuna,"Tunas, bonitos, billfishes",Atlantic Western Central,0.052503907,0.086956126,0.121140231,0.168787922,0.321120872,0.069887039,0.137847861,31694.73982,1993,0.130057424,40930.07645,1320.670153,0.065028712,68,CBA
Thunnus_thynnus-Atlantic_Western Central,Thunnus thynnus,Atlantic bluefin tuna,"Tunas, bonitos, billfishes",Atlantic Western Central,0.058749164,0.09543752,0.130219354,0.18132344,0.339235864,0.07298773,0.148042792,31694.73982,1994,0.130057424,40930.07645,1320.670153,0.065028712,92,CBA
Thunnus_thynnus-Atlantic_Western Central,Thunnus thynnus,Atlantic bluefin tuna,"Tunas, bonitos, billfishes",Atlantic Western Central,0.066442241,0.105848761,0.143671353,0.198705879,0.355996297,0.076157636,0.161677641,31694.73982,1995,0.130057424,40930.07645,1320.670153,0.065028712,43,CBA
Thunnus_thynnus-Atlantic_Western Central,Thunnus thynnus,Atlantic bluefin tuna,"Tunas, bonitos, billfishes",Atlantic Western Central,0.076094789,0.117457388,0.156931173,0.210072905,0.388585492,0.079161894,0.174940949,31694.73982,1996,0.130057424,40930.07645,1320.670153,0.065028712,75,CBA
Thunnus_thynnus-Atlantic_Western Central,Thunnus thynnus,Atlantic bluefin tuna,"Tunas, bonitos, billfishes",Atlantic Western Central,0.088919341,0.132480924,0.172503719,0.230601511,0.391996072,0.081669171,0.191758123,31694.73982,1997,0.130057424,40930.07645,1320.670153,0.065028712,27,CBA
Thunnus_thynnus-Atlantic_Western Central,Thunnus thynnus,Atlantic bluefin tuna,"Tunas, bonitos, billfishes",Atlantic Western Central,0.080833798,0.123924747,0.169450119,0.231758688,0.394330225,0.085507581,0.18809101,31694.73982,1998,0.130057424,40930.07645,1320.670153,0.065028712,490,CBA
Thunnus_thynnus-Atlantic_Western Central,Thunnus thynnus,Atlantic bluefin tuna,"Tunas, bonitos, billfishes",Atlantic Western Central,0.072576714,0.118477148,0.16601204,0.229665107,0.39988623,0.088593072,0.184715698,31694.73982,1999,0.130057424,40930.07645,1320.670153,0.065028712,456,CBA
Thunnus_thynnus-Atlantic_Western Central,Thunnus thynnus,Atlantic bluefin tuna,"Tunas, bonitos, billfishes",Atlantic Western Central,0.063855474,0.112839228,0.167030885,0.233690147,0.407507391,0.092079262,0.183973436,31694.73982,2000,0.130057424,40930.07645,1320.670153,0.065028712,395,CBA
Thunnus_thynnus-Atlantic_Western Central,Thunnus thynnus,Atlantic bluefin tuna,"Tunas, bonitos, billfishes",Atlantic Western Central,0.069130621,0.123160511,0.18006604,0.249632845,0.416261791,0.095392762,0.196664379,31694.73982,2001,0.130057424,40930.07645,1320.670153,0.065028712,117,CBA
Thunnus_thynnus-Atlantic_Western Central,Thunnus thynnus,Atlantic bluefin tuna,"Tunas, bonitos, billfishes",Atlantic Western Central,0.07220778,0.130644485,0.192276333,0.265473586,0.436267353,0.100101754,0.208833778,31694.73982,2002,0.130057424,40930.07645,1320.670153,0.065028712,161,CBA
Thunnus_thynnus-Atlantic_Western Central,Thunnus thynnus,Atlantic bluefin tuna,"Tunas, bonitos, billfishes",Atlantic Western Central,0.075929344,0.142164073,0.205450636,0.284387455,0.452576348,0.104723746,0.222217491,31694.73982,2003,0.130057424,40930.07645,1320.670153,0.065028712,156,CBA
Thunnus_thynnus-Atlantic_Western Central,Thunnus thynnus,Atlantic bluefin tuna,"Tunas, bonitos, billfishes",Atlantic Western Central,0.076238486,0.146376059,0.215925964,0.299493629,0.473023294,0.110058524,0.232354193,31694.73982,2004,0.130057424,40930.07645,1320.670153,0.065028712,262,CBA
Thunnus_thynnus-Atlantic_Western Central,Thunnus thynnus,Atlantic bluefin tuna,"Tunas, bonitos, billfishes",Atlantic Western Central,0.07321953,0.151530654,0.229406855,0.316344219,0.491779472,0.115196298,0.242084221,31694.73982,2005,0.130057424,40930.07645,1320.670153,0.065028712,276,CBA
Thunnus_thynnus-Atlantic_Western Central,Thunnus thynnus,Atlantic bluefin tuna,"Tunas, bonitos, billfishes",Atlantic Western Central,0.067691455,0.153738716,0.237468115,0.325322196,0.509839059,0.122099778,0.24965011,31694.73982,2006,0.130057424,40930.07645,1320.670153,0.065028712,343,CBA
Thunnus_thynnus-Atlantic_Western Central,Thunnus thynnus,Atlantic bluefin tuna,"Tunas, bonitos, billfishes",Atlantic Western Central,0.068421856,0.161199849,0.253235291,0.349993192,0.53131698,0.12868405,0.264747411,31694.73982,2007,0.130057424,40930.07645,1320.670153,0.065028712,195,CBA
Thunnus_thynnus-Atlantic_Western Central,Thunnus thynnus,Atlantic bluefin tuna,"Tunas, bonitos, billfishes",Atlantic Western Central,0.065276095,0.171189357,0.268582943,0.373014408,0.559131571,0.136099041,0.278598581,31694.73982,2008,0.130057424,40930.07645,1320.670153,0.065028712,250,CBA
Thunnus_thynnus-Atlantic_Western Central,Thunnus thynnus,Atlantic bluefin tuna,"Tunas, bonitos, billfishes",Atlantic Western Central,0.061689825,0.183512378,0.286029925,0.3984185,0.57591442,0.143382633,0.293461322,31694.73982,2009,0.130057424,40930.07645,1320.670153,0.065028712,256,CBA
Thunnus_thynnus-Atlantic_Western Central,Thunnus thynnus,Atlantic bluefin tuna,"Tunas, bonitos, billfishes",Atlantic Western Central,0.053983664,0.191091458,0.302044052,0.424165061,0.597561739,0.152519633,0.305771642,31694.73982,2010,0.130057424,40930.07645,1320.670153,0.065028712,348,CBA
Thunnus_thynnus-Atlantic_Western Central,Thunnus thynnus,Atlantic bluefin tuna,"Tunas, bonitos, billfishes",Atlantic Western Central,0.055883917,0.207837133,0.326875789,0.454109695,0.621707898,0.161251079,0.328777051,31694.73982,2011,0.130057424,40930.07645,1320.670153,0.065028712,124,CBA
Thunnus_thynnus-Atlantic_Western Central,Thunnus thynnus,Atlantic bluefin tuna,"Tunas, bonitos, billfishes",Atlantic Western Central,0.055086601,0.228947651,0.356065194,0.493970233,0.656194713,0.171781731,0.355808717,31694.73982,2012,0.130057424,40930.07645,1320.670153,0.065028712,116,CBA
Thunnus_thynnus-Atlantic_Western Central,Thunnus thynnus,Atlantic bluefin tuna,"Tunas, bonitos, billfishes",Atlantic Western Central,0.055885848,0.241678891,0.390605358,0.53213838,0.686915199,0.182968241,0.382503364,31694.73982,2013,0.130057424,40930.07645,1320.670153,0.065028712,144,CBA
Thunnus_thynnus-Atlantic_Western Central,Thunnus thynnus,Atlantic bluefin tuna,"Tunas, bonitos, billfishes",Atlantic Western Central,0.054088969,0.252103693,0.415625393,0.569623756,0.714164219,0.193994416,0.405390736,31694.73982,2014,0.130057424,40930.07645,1320.670153,0.065028712,253,CBA
Thunnus_thynnus-Atlantic_Western Central,Thunnus thynnus,Atlantic bluefin tuna,"Tunas, bonitos, billfishes",Atlantic Western Central,0.05120227,0.270817087,0.451008427,0.610201462,0.7498315,0.206678137,0.434998464,31694.73982,2015,0.130057424,40930.07645,1320.670153,0.065028712,158,CBA
Thunnus_thynnus-Atlantic_Western Central,Thunnus thynnus,Atlantic bluefin tuna,"Tunas, bonitos, billfishes",Atlantic Western Central,0.051135769,0.296365441,0.492518746,0.66315026,0.788651309,0.220543359,0.468702849,31694.73982,2016,0.130057424,40930.07645,1320.670153,0.065028712,104,CBA
Thunnus_thynnus-Mediterranean and Black Sea,Thunnus thynnus,Atlantic bluefin tuna,"Tunas, bonitos, billfishes",Mediterranean and Black Sea,0.928811147,1.119636709,1.277061081,1.487508584,1.833571106,0.246440624,1.312866573,245793.3684,1950,0.193800375,391231.6168,17124.48418,0.096900188,5797,CBA
Thunnus_thynnus-Mediterranean and Black Sea,Thunnus thynnus,Atlantic bluefin tuna,"Tunas, bonitos, billfishes",Mediterranean and Black Sea,0.962447285,1.176043878,1.338147387,1.533634862,1.849527445,0.240463711,1.36028401,245793.3684,1951,0.193800375,391231.6168,17124.48418,0.096900188,5608,CBA
Thunnus_thynnus-Mediterranean and Black Sea,Thunnus thynnus,Atlantic bluefin tuna,"Tunas, bonitos, billfishes",Mediterranean and Black Sea,0.988133777,1.222807948,1.397810978,1.580298613,1.85998527,0.236249227,1.405469335,245793.3684,1952,0.193800375,391231.6168,17124.48418,0.096900188,5354,CBA
Thunnus_thynnus-Mediterranean and Black Sea,Thunnus thynnus,Atlantic bluefin tuna,"Tunas, bonitos, billfishes",Mediterranean and Black Sea,1.010854683,1.261052716,1.431981605,1.613415051,1.877369686,0.231923851,1.437455496,245793.3684,1953,0.193800375,391231.6168,17124.48418,0.096900188,6842,CBA
Thunnus_thynnus-Mediterranean and Black Sea,Thunnus thynnus,Atlantic bluefin tuna,"Tunas, bonitos, billfishes",Mediterranean and Black Sea,1.031566486,1.299385745,1.469431047,1.635023754,1.878488849,0.227092441,1.464889067,245793.3684,1954,0.193800375,391231.6168,17124.48418,0.096900188,6710,CBA
Thunnus_thynnus-Mediterranean and Black Sea,Thunnus thynnus,Atlantic bluefin tuna,"Tunas, bonitos, billfishes",Mediterranean and Black Sea,1.041133192,1.329360427,1.498460561,1.662470489,1.884996581,0.224961632,1.492176217,245793.3684,1955,0.193800375,391231.6168,17124.48418,0.096900188,6232,CBA
Thunnus_thynnus-Mediterranean and Black Sea,Thunnus thynnus,Atlantic bluefin tuna,"Tunas, bonitos, billfishes",Mediterranean and Black Sea,1.072924485,1.358849193,1.538884732,1.692390966,1.909003564,0.221833109,1.522602916,245793.3684,1956,0.193800375,391231.6168,17124.48418,0.096900188,5150,CBA
Thunnus_thynnus-Mediterranean and Black Sea,Thunnus thynnus,Atlantic bluefin tuna,"Tunas, bonitos, billfishes",Mediterranean and Black Sea,1.095883241,1.384706193,1.559153661,1.70435079,1.907855116,0.21646512,1.540054661,245793.3684,1957,0.193800375,391231.6168,17124.48418,0.096900188,7004,CBA
Thunnus_thynnus-Mediterranean and Black Sea,Thunnus thynnus,Atlantic bluefin tuna,"Tunas, bonitos, billfishes",Mediterranean and Black Sea,1.116288115,1.405500887,1.576665645,1.715436728,1.912818993,0.212656304,1.556544299,245793.3684,1958,0.193800375,391231.6168,17124.48418,0.096900188,6545,CBA
Thunnus_thynnus-Mediterranean and Black Sea,Thunnus thynnus,Atlantic bluefin tuna,"Tunas, bonitos, billfishes",Mediterranean and Black Sea,1.134942395,1.432616539,1.595592265,1.736839617,1.923301375,0.209258371,1.576217941,245793.3684,1959,0.193800375,391231.6168,17124.48418,0.096900188,5454,CBA
Thunnus_thynnus-Mediterranean and Black Sea,Thunnus thynnus,Atlantic bluefin tuna,"Tunas, bonitos, billfishes",Mediterranean and Black Sea,1.153355191,1.459742956,1.617810763,1.750600729,1.927410136,0.204685838,1.595534407,245793.3684,1960,0.193800375,391231.6168,17124.48418,0.096900188,5065,CBA
Thunnus_thynnus-Mediterranean and Black Sea,Thunnus thynnus,Atlantic bluefin tuna,"Tunas, bonitos, billfishes",Mediterranean and Black Sea,1.176834769,1.479504745,1.62965118,1.758538763,1.929710828,0.198531499,1.608306239,245793.3684,1961,0.193800375,391231.6168,17124.48418,0.096900188,5864,CBA
Thunnus_thynnus-Mediterranean and Black Sea,Thunnus thynnus,Atlantic bluefin tuna,"Tunas, bonitos, billfishes",Mediterranean and Black Sea,1.201020067,1.501295191,1.646958827,1.770517828,1.93531872,0.193473683,1.625630753,245793.3684,1962,0.193800375,391231.6168,17124.48418,0.096900188,4794,CBA
Thunnus_thynnus-Mediterranean and Black Sea,Thunnus thynnus,Atlantic bluefin tuna,"Tunas, bonitos, billfishes",Mediterranean and Black Sea,1.211746463,1.512928172,1.656628477,1.770606817,1.934771419,0.188212285,1.632607662,245793.3684,1963,0.193800375,391231.6168,17124.48418,0.096900188,6660,CBA
Thunnus_thynnus-Mediterranean and Black Sea,Thunnus thynnus,Atlantic bluefin tuna,"Tunas, bonitos, billfishes",Mediterranean and Black Sea,1.228119973,1.528669265,1.661840762,1.771477328,1.937164128,0.182540729,1.638866983,245793.3684,1964,0.193800375,391231.6168,17124.48418,0.096900188,6295,CBA
Thunnus_thynnus-Mediterranean and Black Sea,Thunnus thynnus,Atlantic bluefin tuna,"Tunas, bonitos, billfishes",Mediterranean and Black Sea,1.240407222,1.537203203,1.667037265,1.779012624,1.940291702,0.179207348,1.648346044,245793.3684,1965,0.193800375,391231.6168,17124.48418,0.096900188,5997,CBA
Thunnus_thynnus-Mediterranean and Black Sea,Thunnus thynnus,Atlantic bluefin tuna,"Tunas, bonitos, billfishes",Mediterranean and Black Sea,1.25991032,1.553319606,1.680319996,1.788014922,1.944586024,0.175951287,1.659208938,245793.3684,1966,0.193800375,391231.6168,17124.48418,0.096900188,5326,CBA
Thunnus_thynnus-Mediterranean and Black Sea,Thunnus thynnus,Atlantic bluefin tuna,"Tunas, bonitos, billfishes",Mediterranean and Black Sea,1.267922476,1.543724097,1.667831584,1.777659106,1.938264161,0.171964825,1.651158709,245793.3684,1967,0.193800375,391231.6168,17124.48418,0.096900188,8744,CBA
Thunnus_thynnus-Mediterranean and Black Sea,Thunnus thynnus,Atlantic bluefin tuna,"Tunas, bonitos, billfishes",Mediterranean and Black Sea,1.272367443,1.545882459,1.665029005,1.771185072,1.934415787,0.169467124,1.650572084,245793.3684,1968,0.193800375,391231.6168,17124.48418,0.096900188,7933,CBA
Thunnus_thynnus-Mediterranean and Black Sea,Thunnus thynnus,Atlantic bluefin tuna,"Tunas, bonitos, billfishes",Mediterranean and Black Sea,1.276148348,1.543515445,1.663887638,1.766563578,1.926249017,0.166268321,1.646148688,245793.3684,1969,0.193800375,391231.6168,17124.48418,0.096900188,8690,CBA
Thunnus_thynnus-Mediterranean and Black Sea,Thunnus thynnus,Atlantic bluefin tuna,"Tunas, bonitos, billfishes",Mediterranean and Black Sea,1.291456189,1.562749351,1.683361881,1.788990104,1.946821194,0.166688485,1.66683394,245793.3684,1970,0.193800375,391231.6168,17124.48418,0.096900188,4694,CBA
Thunnus_thynnus-Mediterranean and Black Sea,Thunnus thynnus,Atlantic bluefin tuna,"Tunas, bonitos, billfishes",Mediterranean and Black Sea,1.302508149,1.572088923,1.688556283,1.789655349,1.94259989,0.164096957,1.67304131,245793.3684,1971,0.193800375,391231.6168,17124.48418,0.096900188,6195,CBA
Thunnus_thynnus-Mediterranean and Black Sea,Thunnus thynnus,Atlantic bluefin tuna,"Tunas, bonitos, billfishes",Mediterranean and Black Sea,1.314923597,1.579941319,1.698239108,1.80030203,1.948370917,0.161986369,1.682419158,245793.3684,1972,0.193800375,391231.6168,17124.48418,0.096900188,5954,CBA
Thunnus_thynnus-Mediterranean and Black Sea,Thunnus thynnus,Atlantic bluefin tuna,"Tunas, bonitos, billfishes",Mediterranean and Black Sea,1.33503538,1.594852654,1.706950159,1.808576551,1.951701279,0.15978097,1.690458269,245793.3684,1973,0.193800375,391231.6168,17124.48418,0.096900188,6051,CBA
Thunnus_thynnus-Mediterranean and Black Sea,Thunnus thynnus,Atlantic bluefin tuna,"Tunas, bonitos, billfishes",Mediterranean and Black Sea,1.319728212,1.561962335,1.674305959,1.775215713,1.932649362,0.1563524,1.662648014,245793.3684,1974,0.193800375,391231.6168,17124.48418,0.096900188,13056,CBA
Thunnus_thynnus-Mediterranean and Black Sea,Thunnus thynnus,Atlantic bluefin tuna,"Tunas, bonitos, billfishes",Mediterranean and Black Sea,1.317036572,1.553465979,1.659543551,1.761646614,1.930467187,0.155220782,1.651203255,245793.3684,1975,0.193800375,391231.6168,17124.48418,0.096900188,11266,CBA
Thunnus_thynnus-Mediterranean and Black Sea,Thunnus thynnus,Atlantic bluefin tuna,"Tunas, bonitos, billfishes",Mediterranean and Black Sea,1.286120079,1.510564671,1.618315667,1.715333257,1.889317559,0.152039018,1.608734248,245793.3684,1976,0.193800375,391231.6168,17124.48418,0.096900188,17306,CBA
Thunnus_thynnus-Mediterranean and Black Sea,Thunnus thynnus,Atlantic bluefin tuna,"Tunas, bonitos, billfishes",Mediterranean and Black Sea,1.286843953,1.500713914,1.610487455,1.712650754,1.89465402,0.154431196,1.604069676,245793.3684,1977,0.193800375,391231.6168,17124.48418,0.096900188,11797,CBA
Thunnus_thynnus-Mediterranean and Black Sea,Thunnus thynnus,Atlantic bluefin tuna,"Tunas, bonitos, billfishes",Mediterranean and Black Sea,1.292082371,1.511105918,1.618614594,1.724598575,1.900320655,0.15595586,1.613761829,245793.3684,1978,0.193800375,391231.6168,17124.48418,0.096900188,8846,CBA
Thunnus_thynnus-Mediterranean and Black Sea,Thunnus thynnus,Atlantic bluefin tuna,"Tunas, bonitos, billfishes",Mediterranean and Black Sea,1.305479361,1.522383002,1.638536374,1.742674477,1.914594676,0.157166243,1.630489925,245793.3684,1979,0.193800375,391231.6168,17124.48418,0.096900188,7456,CBA
Thunnus_thynnus-Mediterranean and Black Sea,Thunnus thynnus,Atlantic bluefin tuna,"Tunas, bonitos, billfishes",Mediterranean and Black Sea,1.300366071,1.527301821,1.64063991,1.744814634,1.909669202,0.156700287,1.631619558,245793.3684,1980,0.193800375,391231.6168,17124.48418,0.096900188,10039,CBA
Thunnus_thynnus-Mediterranean and Black Sea,Thunnus thynnus,Atlantic bluefin tuna,"Tunas, bonitos, billfishes",Mediterranean and Black Sea,1.306392048,1.526540547,1.639508013,1.744999975,1.915723451,0.1565345,1.631220048,245793.3684,1981,0.193800375,391231.6168,17124.48418,0.096900188,10515,CBA
Thunnus_thynnus-Mediterranean and Black Sea,Thunnus thynnus,Atlantic bluefin tuna,"Tunas, bonitos, billfishes",Mediterranean and Black Sea,1.281608173,1.500011722,1.608700183,1.715255917,1.892607712,0.1567348,1.603609036,245793.3684,1982,0.193800375,391231.6168,17124.48418,0.096900188,15706,CBA
Thunnus_thynnus-Mediterranean and Black Sea,Thunnus thynnus,Atlantic bluefin tuna,"Tunas, bonitos, billfishes",Mediterranean and Black Sea,1.2739653,1.485465552,1.594338667,1.700736332,1.887974102,0.156348566,1.590885138,245793.3684,1983,0.193800375,391231.6168,17124.48418,0.096900188,13650,CBA
Thunnus_thynnus-Mediterranean and Black Sea,Thunnus thynnus,Atlantic bluefin tuna,"Tunas, bonitos, billfishes",Mediterranean and Black Sea,1.243691318,1.456234104,1.567370084,1.672374319,1.863828964,0.156457292,1.563868071,245793.3684,1984,0.193800375,391231.6168,17124.48418,0.096900188,17032,CBA
Thunnus_thynnus-Mediterranean and Black Sea,Thunnus thynnus,Atlantic bluefin tuna,"Tunas, bonitos, billfishes",Mediterranean and Black Sea,1.225870397,1.420161523,1.529655123,1.635069093,1.829417861,0.155914767,1.527749285,245793.3684,1985,0.193800375,391231.6168,17124.48418,0.096900188,19296,CBA
Thunnus_thynnus-Mediterranean and Black Sea,Thunnus thynnus,Atlantic bluefin tuna,"Tunas, bonitos, billfishes",Mediterranean and Black Sea,1.210253369,1.405845808,1.516210332,1.621739651,1.825370316,0.15754446,1.514047716,245793.3684,1986,0.193800375,391231.6168,17124.48418,0.096900188,16015,CBA
Thunnus_thynnus-Mediterranean and Black Sea,Thunnus thynnus,Atlantic bluefin tuna,"Tunas, bonitos, billfishes",Mediterranean and Black Sea,1.204064722,1.402611688,1.515065761,1.621381905,1.825580399,0.158585831,1.513102061,245793.3684,1987,0.193800375,391231.6168,17124.48418,0.096900188,13794,CBA
Thunnus_thynnus-Mediterranean and Black Sea,Thunnus thynnus,Atlantic bluefin tuna,"Tunas, bonitos, billfishes",Mediterranean and Black Sea,1.184930246,1.382653801,1.494004587,1.600940154,1.801839194,0.157911227,1.492429408,245793.3684,1988,0.193800375,391231.6168,17124.48418,0.096900188,17151,CBA
Thunnus_thynnus-Mediterranean and Black Sea,Thunnus thynnus,Atlantic bluefin tuna,"Tunas, bonitos, billfishes",Mediterranean and Black Sea,1.185919581,1.377002454,1.484312407,1.595692584,1.790481275,0.156951347,1.485398307,245793.3684,1989,0.193800375,391231.6168,17124.48418,0.096900188,15621,CBA
Thunnus_thynnus-Mediterranean and Black Sea,Thunnus thynnus,Atlantic bluefin tuna,"Tunas, bonitos, billfishes",Mediterranean and Black Sea,1.171981834,1.365443497,1.467494177,1.574000199,1.773332138,0.1545485,1.469947017,245793.3684,1990,0.193800375,391231.6168,17124.48418,0.096900188,17245,CBA
Thunnus_thynnus-Mediterranean and Black Sea,Thunnus thynnus,Atlantic bluefin tuna,"Tunas, bonitos, billfishes",Mediterranean and Black Sea,1.153218835,1.335871594,1.43882416,1.541449954,1.748110988,0.1529238,1.441069583,245793.3684,1991,0.193800375,391231.6168,17124.48418,0.096900188,19868,CBA
Thunnus_thynnus-Mediterranean and Black Sea,Thunnus thynnus,Atlantic bluefin tuna,"Tunas, bonitos, billfishes",Mediterranean and Black Sea,1.121570041,1.290963929,1.387451187,1.485886634,1.693625623,0.145985377,1.391164553,245793.3684,1992,0.193800375,391231.6168,17124.48418,0.096900188,24294,CBA
Thunnus_thynnus-Mediterranean and Black Sea,Thunnus thynnus,Atlantic bluefin tuna,"Tunas, bonitos, billfishes",Mediterranean and Black Sea,1.079592443,1.241839128,1.338285999,1.431489237,1.633350707,0.14087164,1.341111435,245793.3684,1993,0.193800375,391231.6168,17124.48418,0.096900188,24716,CBA
Thunnus_thynnus-Mediterranean and Black Sea,Thunnus thynnus,Atlantic bluefin tuna,"Tunas, bonitos, billfishes",Mediterranean and Black Sea,0.981559803,1.120907774,1.207118726,1.291402386,1.492411024,0.131111999,1.211829165,245793.3684,1994,0.193800375,391231.6168,17124.48418,0.096900188,39799,CBA
Thunnus_thynnus-Mediterranean and Black Sea,Thunnus thynnus,Atlantic bluefin tuna,"Tunas, bonitos, billfishes",Mediterranean and Black Sea,0.887123498,1.014378284,1.092721756,1.17883918,1.373279248,0.124647973,1.102093133,245793.3684,1995,0.193800375,391231.6168,17124.48418,0.096900188,37560,CBA
Thunnus_thynnus-Mediterranean and Black Sea,Thunnus thynnus,Atlantic bluefin tuna,"Tunas, bonitos, billfishes",Mediterranean and Black Sea,0.793619483,0.906092354,0.981713485,1.066703873,1.257259739,0.121496,0.993101842,245793.3684,1996,0.193800375,391231.6168,17124.48418,0.096900188,38004,CBA
Thunnus_thynnus-Mediterranean and Black Sea,Thunnus thynnus,Atlantic bluefin tuna,"Tunas, bonitos, billfishes",Mediterranean and Black Sea,0.710405193,0.822033865,0.893902155,0.97889855,1.165235174,0.118527951,0.906944112,245793.3684,1997,0.193800375,391231.6168,17124.48418,0.096900188,33718,CBA
Thunnus_thynnus-Mediterranean and Black Sea,Thunnus thynnus,Atlantic bluefin tuna,"Tunas, bonitos, billfishes",Mediterranean and Black Sea,0.655662339,0.763510605,0.831700199,0.913981125,1.102546589,0.115495744,0.844742408,245793.3684,1998,0.193800375,391231.6168,17124.48418,0.096900188,28778,CBA
Thunnus_thynnus-Mediterranean and Black Sea,Thunnus thynnus,Atlantic bluefin tuna,"Tunas, bonitos, billfishes",Mediterranean and Black Sea,0.63187221,0.735400259,0.800252333,0.878261807,1.070534235,0.110899378,0.813029779,245793.3684,1999,0.193800375,391231.6168,17124.48418,0.096900188,22860,CBA
Thunnus_thynnus-Mediterranean and Black Sea,Thunnus thynnus,Atlantic bluefin tuna,"Tunas, bonitos, billfishes",Mediterranean and Black Sea,0.605928989,0.704307411,0.766014083,0.840123891,1.020540529,0.106426179,0.778211787,245793.3684,2000,0.193800375,391231.6168,17124.48418,0.096900188,23108,CBA
Thunnus_thynnus-Mediterranean and Black Sea,Thunnus thynnus,Atlantic bluefin tuna,"Tunas, bonitos, billfishes",Mediterranean and Black Sea,0.569790398,0.663134063,0.72271176,0.791592416,0.972326651,0.103227221,0.73511884,245793.3684,2001,0.193800375,391231.6168,17124.48418,0.096900188,24438,CBA
Thunnus_thynnus-Mediterranean and Black Sea,Thunnus thynnus,Atlantic bluefin tuna,"Tunas, bonitos, billfishes",Mediterranean and Black Sea,0.533837938,0.627173637,0.683189785,0.752290093,0.934332411,0.100560609,0.696739563,245793.3684,2002,0.193800375,391231.6168,17124.48418,0.096900188,23053,CBA
Thunnus_thynnus-Mediterranean and Black Sea,Thunnus thynnus,Atlantic bluefin tuna,"Tunas, bonitos, billfishes",Mediterranean and Black Sea,0.497754247,0.585108343,0.639655327,0.708482357,0.886253503,0.097900651,0.652949929,245793.3684,2003,0.193800375,391231.6168,17124.48418,0.096900188,23620,CBA
Thunnus_thynnus-Mediterranean and Black Sea,Thunnus thynnus,Atlantic bluefin tuna,"Tunas, bonitos, billfishes",Mediterranean and Black Sea,0.455239271,0.536924198,0.590327098,0.659106318,0.835129561,0.097508785,0.605808441,245793.3684,2004,0.193800375,391231.6168,17124.48418,0.096900188,23812,CBA
Thunnus_thynnus-Mediterranean and Black Sea,Thunnus thynnus,Atlantic bluefin tuna,"Tunas, bonitos, billfishes",Mediterranean and Black Sea,0.393882278,0.470323085,0.525148199,0.599361708,0.773736901,0.09942065,0.542657966,245793.3684,2005,0.193800375,391231.6168,17124.48418,0.096900188,26076,CBA
Thunnus_thynnus-Mediterranean and Black Sea,Thunnus thynnus,Atlantic bluefin tuna,"Tunas, bonitos, billfishes",Mediterranean and Black Sea,0.338935386,0.411011411,0.470777799,0.551300609,0.729371323,0.103786723,0.48938261,245793.3684,2006,0.193800375,391231.6168,17124.48418,0.096900188,23328,CBA
Thunnus_thynnus-Mediterranean and Black Sea,Thunnus thynnus,Atlantic bluefin tuna,"Tunas, bonitos, billfishes",Mediterranean and Black Sea,0.260740193,0.327335907,0.397481786,0.486728044,0.669565193,0.112526579,0.416839436,245793.3684,2007,0.193800375,391231.6168,17124.48418,0.096900188,25818,CBA
Thunnus_thynnus-Mediterranean and Black Sea,Thunnus thynnus,Atlantic bluefin tuna,"Tunas, bonitos, billfishes",Mediterranean and Black Sea,0.220310588,0.29358226,0.371561698,0.468253976,0.656914844,0.120380007,0.390341544,245793.3684,2008,0.193800375,391231.6168,17124.48418,0.096900188,15745,CBA
Thunnus_thynnus-Mediterranean and Black Sea,Thunnus thynnus,Atlantic bluefin tuna,"Tunas, bonitos, billfishes",Mediterranean and Black Sea,0.18761299,0.26830565,0.356565591,0.45945312,0.652083944,0.129317644,0.373722494,245793.3684,2009,0.193800375,391231.6168,17124.48418,0.096900188,13356,CBA
Thunnus_thynnus-Mediterranean and Black Sea,Thunnus thynnus,Atlantic bluefin tuna,"Tunas, bonitos, billfishes",Mediterranean and Black Sea,0.184277809,0.27648865,0.374644741,0.482335537,0.675177056,0.137326974,0.389142928,245793.3684,2010,0.193800375,391231.6168,17124.48418,0.096900188,6976,CBA
Thunnus_thynnus-Mediterranean and Black Sea,Thunnus thynnus,Atlantic bluefin tuna,"Tunas, bonitos, billfishes",Mediterranean and Black Sea,0.184149695,0.289781699,0.399598914,0.514685119,0.705653871,0.145963007,0.410581756,245793.3684,2011,0.193800375,391231.6168,17124.48418,0.096900188,6229,CBA
Thunnus_thynnus-Mediterranean and Black Sea,Thunnus thynnus,Atlantic bluefin tuna,"Tunas, bonitos, billfishes",Mediterranean and Black Sea,0.177568104,0.29880218,0.421718325,0.548696984,0.727619978,0.156201985,0.42897574,245793.3684,2012,0.193800375,391231.6168,17124.48418,0.096900188,7180,CBA
Thunnus_thynnus-Mediterranean and Black Sea,Thunnus thynnus,Atlantic bluefin tuna,"Tunas, bonitos, billfishes",Mediterranean and Black Sea,0.158655311,0.298333382,0.437530646,0.572276383,0.748685496,0.169290052,0.439887653,245793.3684,2013,0.193800375,391231.6168,17124.48418,0.096900188,9080,CBA
Thunnus_thynnus-Mediterranean and Black Sea,Thunnus thynnus,Atlantic bluefin tuna,"Tunas, bonitos, billfishes",Mediterranean and Black Sea,0.133734115,0.29734131,0.454959683,0.600937454,0.772459581,0.184675698,0.45150967,245793.3684,2014,0.193800375,391231.6168,17124.48418,0.096900188,9191,CBA
Thunnus_thynnus-Mediterranean and Black Sea,Thunnus thynnus,Atlantic bluefin tuna,"Tunas, bonitos, billfishes",Mediterranean and Black Sea,0.097112586,0.282670434,0.459306931,0.625077571,0.780465587,0.202693256,0.452735039,245793.3684,2015,0.193800375,391231.6168,17124.48418,0.096900188,11360,CBA
Thunnus_thynnus-Mediterranean and Black Sea,Thunnus thynnus,Atlantic bluefin tuna,"Tunas, bonitos, billfishes",Mediterranean and Black Sea,0.044854239,0.25469072,0.457847709,0.637511307,0.784984491,0.223272871,0.443297054,245793.3684,2016,0.193800375,391231.6168,17124.48418,0.096900188,13189,CBA
Trachurus_japonicus-Pacific_Northwest,Trachurus japonicus,Japanese jack mackerel,Miscellaneous pelagic fishes,Pacific Northwest,1.116560209,1.412626208,1.575657524,1.74433487,1.927976467,0.221928871,1.564873482,2972098.383,1950,0.275067106,3989133.601,272749.8662,0.137533553,71600,CBA
Trachurus_japonicus-Pacific_Northwest,Trachurus japonicus,Japanese jack mackerel,Miscellaneous pelagic fishes,Pacific Northwest,1.194515489,1.481778354,1.630187365,1.771931951,1.945469608,0.196806756,1.616814687,2972098.383,1951,0.275067106,3989133.601,272749.8662,0.137533553,90500,CBA
Trachurus_japonicus-Pacific_Northwest,Trachurus japonicus,Japanese jack mackerel,Miscellaneous pelagic fishes,Pacific Northwest,1.253482271,1.475214664,1.622456443,1.750274089,1.918139722,0.179857437,1.610817047,2972098.383,1952,0.275067106,3989133.601,272749.8662,0.137533553,191200,CBA
Trachurus_japonicus-Pacific_Northwest,Trachurus japonicus,Japanese jack mackerel,Miscellaneous pelagic fishes,Pacific Northwest,1.282109969,1.484529977,1.606134539,1.735849078,1.88933869,0.164612641,1.603355971,2972098.383,1953,0.275067106,3989133.601,272749.8662,0.137533553,218800,CBA
Trachurus_japonicus-Pacific_Northwest,Trachurus japonicus,Japanese jack mackerel,Miscellaneous pelagic fishes,Pacific Northwest,1.276774771,1.487886683,1.596151442,1.701218321,1.872411075,0.150775387,1.590566962,2972098.383,1954,0.275067106,3989133.601,272749.8662,0.137533553,229400,CBA
Trachurus_japonicus-Pacific_Northwest,Trachurus japonicus,Japanese jack mackerel,Miscellaneous pelagic fishes,Pacific Northwest,1.311953555,1.491932548,1.602563302,1.690600212,1.850763898,0.143835092,1.592418647,2972098.383,1955,0.275067106,3989133.601,272749.8662,0.137533553,221400,CBA
Trachurus_japonicus-Pacific_Northwest,Trachurus japonicus,Japanese jack mackerel,Miscellaneous pelagic fishes,Pacific Northwest,1.324570342,1.497103173,1.585758159,1.688293629,1.862873153,0.137820873,1.591045154,2972098.383,1956,0.275067106,3989133.601,272749.8662,0.137533553,227500,CBA
Trachurus_japonicus-Pacific_Northwest,Trachurus japonicus,Japanese jack mackerel,Miscellaneous pelagic fishes,Pacific Northwest,1.316063209,1.469761765,1.562649052,1.653926581,1.812804258,0.131204454,1.561705018,2972098.383,1957,0.275067106,3989133.601,272749.8662,0.137533553,288200,CBA
Trachurus_japonicus-Pacific_Northwest,Trachurus japonicus,Japanese jack mackerel,Miscellaneous pelagic fishes,Pacific Northwest,1.278739756,1.435052309,1.524683548,1.608049225,1.77436493,0.128334534,1.523454706,2972098.383,1958,0.275067106,3989133.601,272749.8662,0.137533553,333800,CBA
Trachurus_japonicus-Pacific_Northwest,Trachurus japonicus,Japanese jack mackerel,Miscellaneous pelagic fishes,Pacific Northwest,1.226766121,1.359296941,1.44289623,1.518756925,1.698427768,0.122589074,1.444676487,2972098.383,1959,0.275067106,3989133.601,272749.8662,0.137533553,413600,CBA
Trachurus_japonicus-Pacific_Northwest,Trachurus japonicus,Japanese jack mackerel,Miscellaneous pelagic fishes,Pacific Northwest,1.097186921,1.227921859,1.292878104,1.369572433,1.558993434,0.116016228,1.303738249,2972098.383,1960,0.275067106,3989133.601,272749.8662,0.137533553,549000,CBA
Trachurus_japonicus-Pacific_Northwest,Trachurus japonicus,Japanese jack mackerel,Miscellaneous pelagic fishes,Pacific Northwest,0.985069752,1.106639026,1.179204042,1.246295513,1.425973838,0.110823361,1.184659396,2972098.383,1961,0.275067106,3989133.601,272749.8662,0.137533553,534200,CBA
Trachurus_japonicus-Pacific_Northwest,Trachurus japonicus,Japanese jack mackerel,Miscellaneous pelagic fishes,Pacific Northwest,0.898696617,1.000977765,1.069511311,1.141381791,1.313960903,0.106243988,1.078091058,2972098.383,1962,0.275067106,3989133.601,272749.8662,0.137533553,519100,CBA
Trachurus_japonicus-Pacific_Northwest,Trachurus japonicus,Japanese jack mackerel,Miscellaneous pelagic fishes,Pacific Northwest,0.82795792,0.927352065,0.992187183,1.059087267,1.229152061,0.104048418,1.000004361,2972098.383,1963,0.275067106,3989133.601,272749.8662,0.137533553,460800,CBA
Trachurus_japonicus-Pacific_Northwest,Trachurus japonicus,Japanese jack mackerel,Miscellaneous pelagic fishes,Pacific Northwest,0.725894747,0.811805278,0.877183407,0.949311567,1.10739045,0.102460802,0.888400346,2972098.383,1964,0.275067106,3989133.601,272749.8662,0.137533553,516100,CBA
Trachurus_japonicus-Pacific_Northwest,Trachurus japonicus,Japanese jack mackerel,Miscellaneous pelagic fishes,Pacific Northwest,0.599507487,0.674186396,0.737831707,0.811632907,0.978797313,0.101797834,0.750846426,2972098.383,1965,0.275067106,3989133.601,272749.8662,0.137533553,553400,CBA
Trachurus_japonicus-Pacific_Northwest,Trachurus japonicus,Japanese jack mackerel,Miscellaneous pelagic fishes,Pacific Northwest,0.48357534,0.560700725,0.626376398,0.698473324,0.873278082,0.103945502,0.639182328,2972098.383,1966,0.275067106,3989133.601,272749.8662,0.137533553,487200,CBA
Trachurus_japonicus-Pacific_Northwest,Trachurus japonicus,Japanese jack mackerel,Miscellaneous pelagic fishes,Pacific Northwest,0.438050721,0.51005985,0.573826427,0.651417614,0.840154949,0.108846445,0.591235665,2972098.383,1967,0.275067106,3989133.601,272749.8662,0.137533553,334200,CBA
Trachurus_japonicus-Pacific_Northwest,Trachurus japonicus,Japanese jack mackerel,Miscellaneous pelagic fishes,Pacific Northwest,0.389272886,0.459026138,0.528109904,0.614446715,0.809227848,0.115887844,0.547763941,2972098.383,1968,0.275067106,3989133.601,272749.8662,0.137533553,314500,CBA
Trachurus_japonicus-Pacific_Northwest,Trachurus japonicus,Japanese jack mackerel,Miscellaneous pelagic fishes,Pacific Northwest,0.344813878,0.416948228,0.489275716,0.582748121,0.787517454,0.124819915,0.511482878,2972098.383,1969,0.275067106,3989133.601,272749.8662,0.137533553,285800,CBA
Trachurus_japonicus-Pacific_Northwest,Trachurus japonicus,Japanese jack mackerel,Miscellaneous pelagic fishes,Pacific Northwest,0.324438748,0.398716167,0.476287928,0.576795349,0.823344314,0.135634825,0.501669028,2972098.383,1970,0.275067106,3989133.601,272749.8662,0.137533553,222093,CBA
Trachurus_japonicus-Pacific_Northwest,Trachurus japonicus,Japanese jack mackerel,Miscellaneous pelagic fishes,Pacific Northwest,0.267703305,0.346387309,0.432638872,0.53789703,0.823927681,0.150058599,0.46140908,2972098.383,1971,0.275067106,3989133.601,272749.8662,0.137533553,283343,CBA
Trachurus_japonicus-Pacific_Northwest,Trachurus japonicus,Japanese jack mackerel,Miscellaneous pelagic fishes,Pacific Northwest,0.262357969,0.351030748,0.443061653,0.566830876,0.869829849,0.164975899,0.476534494,2972098.383,1972,0.275067106,3989133.601,272749.8662,0.137533553,156373,CBA
Trachurus_japonicus-Pacific_Northwest,Trachurus japonicus,Japanese jack mackerel,Miscellaneous pelagic fishes,Pacific Northwest,0.268732569,0.36573177,0.472726832,0.608257591,0.96100732,0.18191514,0.506924511,2972098.383,1973,0.275067106,3989133.601,272749.8662,0.137533553,130422,CBA
Trachurus_japonicus-Pacific_Northwest,Trachurus japonicus,Japanese jack mackerel,Miscellaneous pelagic fishes,Pacific Northwest,0.255119492,0.363026349,0.49021172,0.632259874,1.008342637,0.198962536,0.520491792,2972098.383,1974,0.275067106,3989133.601,272749.8662,0.137533553,167901,CBA
Trachurus_japonicus-Pacific_Northwest,Trachurus japonicus,Japanese jack mackerel,Miscellaneous pelagic fishes,Pacific Northwest,0.225097943,0.3528775,0.483904071,0.654733122,1.061307517,0.219302693,0.523673968,2972098.383,1975,0.275067106,3989133.601,272749.8662,0.137533553,192303,CBA
Trachurus_japonicus-Pacific_Northwest,Trachurus japonicus,Japanese jack mackerel,Miscellaneous pelagic fishes,Pacific Northwest,0.216167479,0.369365271,0.512729926,0.69861997,1.117631212,0.241467528,0.554769186,2972098.383,1976,0.275067106,3989133.601,272749.8662,0.137533553,135239,CBA
Trachurus_japonicus-Pacific_Northwest,Trachurus japonicus,Japanese jack mackerel,Miscellaneous pelagic fishes,Pacific Northwest,0.228440061,0.405333117,0.562625429,0.780400927,1.210668105,0.262504417,0.608229903,2972098.383,1977,0.275067106,3989133.601,272749.8662,0.137533553,93976,CBA
Trachurus_japonicus-Pacific_Northwest,Trachurus japonicus,Japanese jack mackerel,Miscellaneous pelagic fishes,Pacific Northwest,0.268806083,0.453094622,0.642130317,0.863345328,1.30966522,0.283587106,0.68122927,2972098.383,1978,0.275067106,3989133.601,272749.8662,0.137533553,63156,CBA
Trachurus_japonicus-Pacific_Northwest,Trachurus japonicus,Japanese jack mackerel,Miscellaneous pelagic fishes,Pacific Northwest,0.278037671,0.505122763,0.701685115,0.955854513,1.392787623,0.300974957,0.746889549,2972098.383,1979,0.275067106,3989133.601,272749.8662,0.137533553,91708,CBA
Trachurus_japonicus-Pacific_Northwest,Trachurus japonicus,Japanese jack mackerel,Miscellaneous pelagic fishes,Pacific Northwest,0.336252598,0.580449517,0.802122275,1.059078616,1.485184191,0.315400121,0.833886143,2972098.383,1980,0.275067106,3989133.601,272749.8662,0.137533553,54459,CBA
Trachurus_japonicus-Pacific_Northwest,Trachurus japonicus,Japanese jack mackerel,Miscellaneous pelagic fishes,Pacific Northwest,0.395544335,0.651663295,0.88610129,1.143809954,1.564770048,0.322647843,0.914476078,2972098.383,1981,0.275067106,3989133.601,272749.8662,0.137533553,68335,CBA
Trachurus_japonicus-Pacific_Northwest,Trachurus japonicus,Japanese jack mackerel,Miscellaneous pelagic fishes,Pacific Northwest,0.433581921,0.71722655,0.9501434,1.209931574,1.625147045,0.324909217,0.974575219,2972098.383,1982,0.275067106,3989133.601,272749.8662,0.137533553,115962,CBA
Trachurus_japonicus-Pacific_Northwest,Trachurus japonicus,Japanese jack mackerel,Miscellaneous pelagic fishes,Pacific Northwest,0.467257176,0.775232851,1.006841129,1.265284401,1.632238653,0.32300249,1.025940214,2972098.383,1983,0.275067106,3989133.601,272749.8662,0.137533553,141769,CBA
Trachurus_japonicus-Pacific_Northwest,Trachurus japonicus,Japanese jack mackerel,Miscellaneous pelagic fishes,Pacific Northwest,0.511721341,0.817808029,1.068269143,1.312987482,1.688908581,0.320737678,1.076898432,2972098.383,1984,0.275067106,3989133.601,272749.8662,0.137533553,143079,CBA
Trachurus_japonicus-Pacific_Northwest,Trachurus japonicus,Japanese jack mackerel,Miscellaneous pelagic fishes,Pacific Northwest,0.551829033,0.875985361,1.112038898,1.345523268,1.708854325,0.31148539,1.112278986,2972098.383,1985,0.275067106,3989133.601,272749.8662,0.137533553,168767,CBA
Trachurus_japonicus-Pacific_Northwest,Trachurus japonicus,Japanese jack mackerel,Miscellaneous pelagic fishes,Pacific Northwest,0.622532912,0.948743655,1.180283155,1.388454752,1.731926626,0.297719674,1.171837243,2972098.383,1986,0.275067106,3989133.601,272749.8662,0.137533553,117011,CBA
Trachurus_japonicus-Pacific_Northwest,Trachurus japonicus,Japanese jack mackerel,Miscellaneous pelagic fishes,Pacific Northwest,0.654416136,0.988641719,1.204763443,1.402439703,1.708726501,0.284346808,1.191162017,2972098.383,1987,0.275067106,3989133.601,272749.8662,0.137533553,195346,CBA
Trachurus_japonicus-Pacific_Northwest,Trachurus japonicus,Japanese jack mackerel,Miscellaneous pelagic fishes,Pacific Northwest,0.675223154,0.987855582,1.183746418,1.373173587,1.654778175,0.266525854,1.176470691,2972098.383,1988,0.275067106,3989133.601,272749.8662,0.137533553,267515,CBA
Trachurus_japonicus-Pacific_Northwest,Trachurus japonicus,Japanese jack mackerel,Miscellaneous pelagic fishes,Pacific Northwest,0.707258892,1.011209523,1.196241073,1.370380228,1.652432696,0.252247465,1.189327247,2972098.383,1989,0.275067106,3989133.601,272749.8662,0.137533553,205030,CBA
Trachurus_japonicus-Pacific_Northwest,Trachurus japonicus,Japanese jack mackerel,Miscellaneous pelagic fishes,Pacific Northwest,0.725341137,1.021775254,1.199777855,1.354216708,1.622470387,0.233071735,1.185569189,2972098.383,1990,0.275067106,3989133.601,272749.8662,0.137533553,239607,CBA
Trachurus_japonicus-Pacific_Northwest,Trachurus japonicus,Japanese jack mackerel,Miscellaneous pelagic fishes,Pacific Northwest,0.76029784,1.0290192,1.197849796,1.341503767,1.606399958,0.217267156,1.183784228,2972098.383,1991,0.275067106,3989133.601,272749.8662,0.137533553,239462,CBA
Trachurus_japonicus-Pacific_Northwest,Trachurus japonicus,Japanese jack mackerel,Miscellaneous pelagic fishes,Pacific Northwest,0.775225688,1.029584252,1.184683117,1.306189728,1.584702662,0.204200999,1.177005903,2972098.383,1992,0.275067106,3989133.601,272749.8662,0.137533553,251217,CBA
Trachurus_japonicus-Pacific_Northwest,Trachurus japonicus,Japanese jack mackerel,Miscellaneous pelagic fishes,Pacific Northwest,0.744118826,0.984624613,1.123606694,1.243154212,1.492328293,0.190980965,1.117824678,2972098.383,1993,0.275067106,3989133.601,272749.8662,0.137533553,350237,CBA
Trachurus_japonicus-Pacific_Northwest,Trachurus japonicus,Japanese jack mackerel,Miscellaneous pelagic fishes,Pacific Northwest,0.711708262,0.931863616,1.062545907,1.169958975,1.427072695,0.180858142,1.060467497,2972098.383,1994,0.275067106,3989133.601,272749.8662,0.137533553,364921,CBA
Trachurus_japonicus-Pacific_Northwest,Trachurus japonicus,Japanese jack mackerel,Miscellaneous pelagic fishes,Pacific Northwest,0.69729224,0.89754814,1.015821713,1.124859668,1.352805898,0.168104681,1.016620541,2972098.383,1995,0.275067106,3989133.601,272749.8662,0.137533553,330104,CBA
Trachurus_japonicus-Pacific_Northwest,Trachurus japonicus,Japanese jack mackerel,Miscellaneous pelagic fishes,Pacific Northwest,0.667069996,0.857423532,0.963659838,1.067763678,1.303607702,0.161226947,0.965031624,2972098.383,1996,0.275067106,3989133.601,272749.8662,0.137533553,349166,CBA
Trachurus_japonicus-Pacific_Northwest,Trachurus japonicus,Japanese jack mackerel,Miscellaneous pelagic fishes,Pacific Northwest,0.624918045,0.807393212,0.909601509,1.010043777,1.241321177,0.152936142,0.913106147,2972098.383,1997,0.275067106,3989133.601,272749.8662,0.137533553,350619,CBA
Trachurus_japonicus-Pacific_Northwest,Trachurus japonicus,Japanese jack mackerel,Miscellaneous pelagic fishes,Pacific Northwest,0.598767968,0.769726047,0.863718504,0.968838128,1.171344498,0.150346531,0.872342266,2972098.383,1998,0.275067106,3989133.601,272749.8662,0.137533553,340564,CBA
Trachurus_japonicus-Pacific_Northwest,Trachurus japonicus,Japanese jack mackerel,Miscellaneous pelagic fishes,Pacific Northwest,0.608232338,0.779850716,0.876810531,0.972889947,1.184293823,0.146893493,0.882104756,2972098.383,1999,0.275067106,3989133.601,272749.8662,0.137533553,227290,CBA
Trachurus_japonicus-Pacific_Northwest,Trachurus japonicus,Japanese jack mackerel,Miscellaneous pelagic fishes,Pacific Northwest,0.610576377,0.770223976,0.86202408,0.961599637,1.170694051,0.141718146,0.868783398,2972098.383,2000,0.275067106,3989133.601,272749.8662,0.137533553,271501,CBA
Trachurus_japonicus-Pacific_Northwest,Trachurus japonicus,Japanese jack mackerel,Miscellaneous pelagic fishes,Pacific Northwest,0.637879929,0.77368167,0.867794844,0.955481394,1.157296561,0.135076115,0.873370242,2972098.383,2001,0.275067106,3989133.601,272749.8662,0.137533553,235874,CBA
Trachurus_japonicus-Pacific_Northwest,Trachurus japonicus,Japanese jack mackerel,Miscellaneous pelagic fishes,Pacific Northwest,0.658041835,0.791544317,0.87002827,0.956259495,1.140194627,0.130423389,0.880347091,2972098.383,2002,0.275067106,3989133.601,272749.8662,0.137533553,229539,CBA
Trachurus_japonicus-Pacific_Northwest,Trachurus japonicus,Japanese jack mackerel,Miscellaneous pelagic fishes,Pacific Northwest,0.628337857,0.759345175,0.836023793,0.918216513,1.103680837,0.122809474,0.844040125,2972098.383,2003,0.275067106,3989133.601,272749.8662,0.137533553,317332,CBA
Trachurus_japonicus-Pacific_Northwest,Trachurus japonicus,Japanese jack mackerel,Miscellaneous pelagic fishes,Pacific Northwest,0.60648803,0.72727077,0.79988866,0.879304835,1.066766628,0.116356766,0.809655282,2972098.383,2004,0.275067106,3989133.601,272749.8662,0.137533553,308198,CBA
Trachurus_japonicus-Pacific_Northwest,Trachurus japonicus,Japanese jack mackerel,Miscellaneous pelagic fishes,Pacific Northwest,0.544578032,0.647154458,0.716493981,0.79957819,0.976140527,0.110980319,0.728700053,2972098.383,2005,0.275067106,3989133.601,272749.8662,0.137533553,403348,CBA
Trachurus_japonicus-Pacific_Northwest,Trachurus japonicus,Japanese jack mackerel,Miscellaneous pelagic fishes,Pacific Northwest,0.5050772,0.600476572,0.672843221,0.752999159,0.931127812,0.109619571,0.683226785,2972098.383,2006,0.275067106,3989133.601,272749.8662,0.137533553,324975,CBA
Trachurus_japonicus-Pacific_Northwest,Trachurus japonicus,Japanese jack mackerel,Miscellaneous pelagic fishes,Pacific Northwest,0.428550985,0.522717169,0.598225028,0.680666848,0.832211892,0.110566733,0.60746366,2972098.383,2007,0.275067106,3989133.601,272749.8662,0.137533553,380178,CBA
Trachurus_japonicus-Pacific_Northwest,Trachurus japonicus,Japanese jack mackerel,Miscellaneous pelagic fishes,Pacific Northwest,0.396522583,0.49844979,0.576746903,0.655180656,0.812950172,0.112767767,0.583286203,2972098.383,2008,0.275067106,3989133.601,272749.8662,0.137533553,260265,CBA
Trachurus_japonicus-Pacific_Northwest,Trachurus japonicus,Japanese jack mackerel,Miscellaneous pelagic fishes,Pacific Northwest,0.377658567,0.490902019,0.576505086,0.660663738,0.815653731,0.116875852,0.580307207,2972098.383,2009,0.275067106,3989133.601,272749.8662,0.137533553,216586,CBA
Trachurus_japonicus-Pacific_Northwest,Trachurus japonicus,Japanese jack mackerel,Miscellaneous pelagic fishes,Pacific Northwest,0.356490196,0.488102452,0.579693795,0.66923031,0.820041139,0.12363194,0.579375727,2972098.383,2010,0.275067106,3989133.601,272749.8662,0.137533553,210650,CBA
Trachurus_japonicus-Pacific_Northwest,Trachurus japonicus,Japanese jack mackerel,Miscellaneous pelagic fishes,Pacific Northwest,0.314138457,0.46194498,0.564812519,0.65402752,0.80376305,0.131930977,0.559558234,2972098.383,2011,0.275067106,3989133.601,272749.8662,0.137533553,250753,CBA
Trachurus_japonicus-Pacific_Northwest,Trachurus japonicus,Japanese jack mackerel,Miscellaneous pelagic fishes,Pacific Northwest,0.284708556,0.452065235,0.569639396,0.669381503,0.809866736,0.144444646,0.561292716,2972098.383,2012,0.275067106,3989133.601,272749.8662,0.137533553,202915,CBA
Trachurus_japonicus-Pacific_Northwest,Trachurus japonicus,Japanese jack mackerel,Miscellaneous pelagic fishes,Pacific Northwest,0.252098458,0.445653666,0.576367205,0.687202699,0.822323197,0.15632306,0.56105494,2972098.383,2013,0.275067106,3989133.601,272749.8662,0.137533553,204607,CBA
Trachurus_japonicus-Pacific_Northwest,Trachurus japonicus,Japanese jack mackerel,Miscellaneous pelagic fishes,Pacific Northwest,0.200303868,0.429104769,0.581906811,0.687714344,0.814420506,0.169926079,0.553696633,2972098.383,2014,0.275067106,3989133.601,272749.8662,0.137533553,217665,CBA
Trachurus_japonicus-Pacific_Northwest,Trachurus japonicus,Japanese jack mackerel,Miscellaneous pelagic fishes,Pacific Northwest,0.132639194,0.409383368,0.573521764,0.692963983,0.797271238,0.188187146,0.536835024,2972098.383,2015,0.275067106,3989133.601,272749.8662,0.137533553,236922,CBA
Trachurus_japonicus-Pacific_Northwest,Trachurus japonicus,Japanese jack mackerel,Miscellaneous pelagic fishes,Pacific Northwest,0.06261599,0.401048543,0.583203195,0.715934642,0.795397649,0.211143024,0.534556813,2972098.383,2016,0.275067106,3989133.601,272749.8662,0.137533553,200256,CBA
Turbo_cornutus-Pacific_Northwest,Turbo cornutus,Horned turban,"Abalones, winkles, conchs",Pacific Northwest,1.002933464,1.218494916,1.40907456,1.604612598,1.887385256,0.243169573,1.417566608,104890.735,1950,0.394032051,160749.8469,14660.96153,0.197016026,4000,CBA
Turbo_cornutus-Pacific_Northwest,Turbo cornutus,Horned turban,"Abalones, winkles, conchs",Pacific Northwest,1.09710092,1.337398004,1.517033001,1.676699309,1.900064754,0.220670278,1.509457213,104890.735,1951,0.394032051,160749.8469,14660.96153,0.197016026,4000,CBA
Turbo_cornutus-Pacific_Northwest,Turbo cornutus,Horned turban,"Abalones, winkles, conchs",Pacific Northwest,1.167407548,1.432288391,1.5921882,1.734413123,1.907150364,0.199386753,1.577738997,104890.735,1952,0.394032051,160749.8469,14660.96153,0.197016026,4400,CBA
Turbo_cornutus-Pacific_Northwest,Turbo cornutus,Horned turban,"Abalones, winkles, conchs",Pacific Northwest,1.22290117,1.499030708,1.646911418,1.762818725,1.928453088,0.182910594,1.626065816,104890.735,1953,0.394032051,160749.8469,14660.96153,0.197016026,4800,CBA
Turbo_cornutus-Pacific_Northwest,Turbo cornutus,Horned turban,"Abalones, winkles, conchs",Pacific Northwest,1.284998993,1.549692138,1.669059688,1.780990781,1.940382628,0.166315073,1.654780035,104890.735,1954,0.394032051,160749.8469,14660.96153,0.197016026,5400,CBA
Turbo_cornutus-Pacific_Northwest,Turbo cornutus,Horned turban,"Abalones, winkles, conchs",Pacific Northwest,1.352001754,1.592530294,1.700669039,1.793654608,1.934804345,0.151836682,1.685365372,104890.735,1955,0.394032051,160749.8469,14660.96153,0.197016026,4500,CBA
Turbo_cornutus-Pacific_Northwest,Turbo cornutus,Horned turban,"Abalones, winkles, conchs",Pacific Northwest,1.399239965,1.618686416,1.724282258,1.818233778,1.962079176,0.145060929,1.712675434,104890.735,1956,0.394032051,160749.8469,14660.96153,0.197016026,4100,CBA
Turbo_cornutus-Pacific_Northwest,Turbo cornutus,Horned turban,"Abalones, winkles, conchs",Pacific Northwest,1.444966547,1.651558478,1.748166075,1.838934745,1.966908839,0.135407003,1.738967921,104890.735,1957,0.394032051,160749.8469,14660.96153,0.197016026,3700,CBA
Turbo_cornutus-Pacific_Northwest,Turbo cornutus,Horned turban,"Abalones, winkles, conchs",Pacific Northwest,1.475452191,1.662189491,1.74742886,1.836285047,1.957475535,0.125472142,1.741743899,104890.735,1958,0.394032051,160749.8469,14660.96153,0.197016026,5300,CBA
Turbo_cornutus-Pacific_Northwest,Turbo cornutus,Horned turban,"Abalones, winkles, conchs",Pacific Northwest,1.489604555,1.660347662,1.743464941,1.825272543,1.951027308,0.12099058,1.737638837,104890.735,1959,0.394032051,160749.8469,14660.96153,0.197016026,5800,CBA
Turbo_cornutus-Pacific_Northwest,Turbo cornutus,Horned turban,"Abalones, winkles, conchs",Pacific Northwest,1.491712021,1.675249896,1.749120507,1.835484713,1.955881234,0.119438169,1.748230596,104890.735,1960,0.394032051,160749.8469,14660.96153,0.197016026,5000,CBA
Turbo_cornutus-Pacific_Northwest,Turbo cornutus,Horned turban,"Abalones, winkles, conchs",Pacific Northwest,1.510355024,1.681339701,1.767631794,1.841033653,1.963303766,0.116041557,1.758306127,104890.735,1961,0.394032051,160749.8469,14660.96153,0.197016026,4700,CBA
Turbo_cornutus-Pacific_Northwest,Turbo cornutus,Horned turban,"Abalones, winkles, conchs",Pacific Northwest,1.53238206,1.691351873,1.776415458,1.850669216,1.973107257,0.114577663,1.768799761,104890.735,1962,0.394032051,160749.8469,14660.96153,0.197016026,4600,CBA
Turbo_cornutus-Pacific_Northwest,Turbo cornutus,Horned turban,"Abalones, winkles, conchs",Pacific Northwest,1.529819888,1.699716052,1.7808381,1.859604997,1.972126774,0.114245318,1.774538209,104890.735,1963,0.394032051,160749.8469,14660.96153,0.197016026,4600,CBA
Turbo_cornutus-Pacific_Northwest,Turbo cornutus,Horned turban,"Abalones, winkles, conchs",Pacific Northwest,1.506581023,1.662772897,1.735451955,1.813795982,1.93987237,0.111622047,1.733629079,104890.735,1964,0.394032051,160749.8469,14660.96153,0.197016026,8600,CBA
Turbo_cornutus-Pacific_Northwest,Turbo cornutus,Horned turban,"Abalones, winkles, conchs",Pacific Northwest,1.461036893,1.615533733,1.694187437,1.775218665,1.915266856,0.117191882,1.693413411,104890.735,1965,0.394032051,160749.8469,14660.96153,0.197016026,9600,CBA
Turbo_cornutus-Pacific_Northwest,Turbo cornutus,Horned turban,"Abalones, winkles, conchs",Pacific Northwest,1.409302984,1.558018768,1.636466085,1.725122962,1.871226893,0.118846309,1.640254651,104890.735,1966,0.394032051,160749.8469,14660.96153,0.197016026,11800,CBA
Turbo_cornutus-Pacific_Northwest,Turbo cornutus,Horned turban,"Abalones, winkles, conchs",Pacific Northwest,1.382833755,1.541786818,1.621731047,1.702192,1.858299721,0.120884383,1.621896055,104890.735,1967,0.394032051,160749.8469,14660.96153,0.197016026,10000,CBA
Turbo_cornutus-Pacific_Northwest,Turbo cornutus,Horned turban,"Abalones, winkles, conchs",Pacific Northwest,1.359216867,1.520055556,1.596349111,1.683357545,1.838130363,0.123264691,1.599305628,104890.735,1968,0.394032051,160749.8469,14660.96153,0.197016026,11000,CBA
Turbo_cornutus-Pacific_Northwest,Turbo cornutus,Horned turban,"Abalones, winkles, conchs",Pacific Northwest,1.341119596,1.4967184,1.58102006,1.661655081,1.835542588,0.124686421,1.582480723,104890.735,1969,0.394032051,160749.8469,14660.96153,0.197016026,11100,CBA
Turbo_cornutus-Pacific_Northwest,Turbo cornutus,Horned turban,"Abalones, winkles, conchs",Pacific Northwest,1.322444,1.483571199,1.563362828,1.647936345,1.825392097,0.12596539,1.566223635,104890.735,1970,0.394032051,160749.8469,14660.96153,0.197016026,11200,CBA
Turbo_cornutus-Pacific_Northwest,Turbo cornutus,Horned turban,"Abalones, winkles, conchs",Pacific Northwest,1.298750481,1.454785717,1.536947205,1.624458723,1.788602897,0.125936287,1.540008531,104890.735,1971,0.394032051,160749.8469,14660.96153,0.197016026,12200,CBA
Turbo_cornutus-Pacific_Northwest,Turbo cornutus,Horned turban,"Abalones, winkles, conchs",Pacific Northwest,1.2594323,1.413921235,1.487228631,1.573748587,1.745045508,0.123459228,1.49309478,104890.735,1972,0.394032051,160749.8469,14660.96153,0.197016026,14100,CBA
Turbo_cornutus-Pacific_Northwest,Turbo cornutus,Horned turban,"Abalones, winkles, conchs",Pacific Northwest,1.152257219,1.293449887,1.381732797,1.467821268,1.653237945,0.127972864,1.384678316,104890.735,1973,0.394032051,160749.8469,14660.96153,0.197016026,19500,CBA
Turbo_cornutus-Pacific_Northwest,Turbo cornutus,Horned turban,"Abalones, winkles, conchs",Pacific Northwest,1.132524897,1.29001338,1.376374036,1.456163315,1.637674211,0.128609739,1.377690211,104890.735,1974,0.394032051,160749.8469,14660.96153,0.197016026,13245,CBA
Turbo_cornutus-Pacific_Northwest,Turbo cornutus,Horned turban,"Abalones, winkles, conchs",Pacific Northwest,1.119587442,1.28710252,1.368541981,1.452047546,1.616869987,0.126807109,1.368283761,104890.735,1975,0.394032051,160749.8469,14660.96153,0.197016026,13557,CBA
Turbo_cornutus-Pacific_Northwest,Turbo cornutus,Horned turban,"Abalones, winkles, conchs",Pacific Northwest,1.095346194,1.248011837,1.330615491,1.420420072,1.596751309,0.129740052,1.335850876,104890.735,1976,0.394032051,160749.8469,14660.96153,0.197016026,15219,CBA
Turbo_cornutus-Pacific_Northwest,Turbo cornutus,Horned turban,"Abalones, winkles, conchs",Pacific Northwest,1.063981124,1.226707151,1.311225833,1.396690691,1.576781779,0.129863828,1.312459486,104890.735,1977,0.394032051,160749.8469,14660.96153,0.197016026,14995,CBA
Turbo_cornutus-Pacific_Northwest,Turbo cornutus,Horned turban,"Abalones, winkles, conchs",Pacific Northwest,1.037399949,1.202559045,1.284749083,1.377540813,1.546266438,0.130647048,1.289487601,104890.735,1978,0.394032051,160749.8469,14660.96153,0.197016026,15199,CBA
Turbo_cornutus-Pacific_Northwest,Turbo cornutus,Horned turban,"Abalones, winkles, conchs",Pacific Northwest,1.012076255,1.173638618,1.267721845,1.357902085,1.540214933,0.134370115,1.26822694,104890.735,1979,0.394032051,160749.8469,14660.96153,0.197016026,15143,CBA
Turbo_cornutus-Pacific_Northwest,Turbo cornutus,Horned turban,"Abalones, winkles, conchs",Pacific Northwest,0.996456956,1.168596618,1.267940274,1.35249972,1.533906977,0.13717335,1.263322783,104890.735,1980,0.394032051,160749.8469,14660.96153,0.197016026,14228,CBA
Turbo_cornutus-Pacific_Northwest,Turbo cornutus,Horned turban,"Abalones, winkles, conchs",Pacific Northwest,0.983198303,1.165373786,1.259656644,1.352393362,1.543625396,0.139397078,1.259655531,104890.735,1981,0.394032051,160749.8469,14660.96153,0.197016026,14042,CBA
Turbo_cornutus-Pacific_Northwest,Turbo cornutus,Horned turban,"Abalones, winkles, conchs",Pacific Northwest,0.951219385,1.129652941,1.220154643,1.312472669,1.504007857,0.138711122,1.223753548,104890.735,1982,0.394032051,160749.8469,14660.96153,0.197016026,16535,CBA
Turbo_cornutus-Pacific_Northwest,Turbo cornutus,Horned turban,"Abalones, winkles, conchs",Pacific Northwest,0.972793836,1.143011278,1.237480196,1.335803151,1.514111743,0.139330599,1.239042983,104890.735,1983,0.394032051,160749.8469,14660.96153,0.197016026,12986,CBA
Turbo_cornutus-Pacific_Northwest,Turbo cornutus,Horned turban,"Abalones, winkles, conchs",Pacific Northwest,1.016823692,1.185107829,1.287371976,1.383874855,1.564406834,0.143549761,1.287171251,104890.735,1984,0.394032051,160749.8469,14660.96153,0.197016026,10131,CBA
Turbo_cornutus-Pacific_Northwest,Turbo cornutus,Horned turban,"Abalones, winkles, conchs",Pacific Northwest,1.026328088,1.189781483,1.295002023,1.399609231,1.577863095,0.144967875,1.296080624,104890.735,1985,0.394032051,160749.8469,14660.96153,0.197016026,12989,CBA
Turbo_cornutus-Pacific_Northwest,Turbo cornutus,Horned turban,"Abalones, winkles, conchs",Pacific Northwest,1.045866238,1.21439226,1.321436764,1.426263415,1.61260321,0.148483513,1.323997463,104890.735,1986,0.394032051,160749.8469,14660.96153,0.197016026,11457,CBA
Turbo_cornutus-Pacific_Northwest,Turbo cornutus,Horned turban,"Abalones, winkles, conchs",Pacific Northwest,1.047272306,1.22395446,1.324747032,1.427233019,1.628748602,0.148219589,1.325628867,104890.735,1987,0.394032051,160749.8469,14660.96153,0.197016026,13055,CBA
Turbo_cornutus-Pacific_Northwest,Turbo cornutus,Horned turban,"Abalones, winkles, conchs",Pacific Northwest,1.040581979,1.211150068,1.315405767,1.418210775,1.604196184,0.146710881,1.316975678,104890.735,1988,0.394032051,160749.8469,14660.96153,0.197016026,13921,CBA
Turbo_cornutus-Pacific_Northwest,Turbo cornutus,Horned turban,"Abalones, winkles, conchs",Pacific Northwest,1.036946891,1.21705625,1.314973647,1.414417379,1.605999425,0.143361848,1.316441405,104890.735,1989,0.394032051,160749.8469,14660.96153,0.197016026,13330,CBA
Turbo_cornutus-Pacific_Northwest,Turbo cornutus,Horned turban,"Abalones, winkles, conchs",Pacific Northwest,1.056356969,1.231450719,1.335930995,1.434547689,1.597724093,0.141790388,1.334431478,104890.735,1990,0.394032051,160749.8469,14660.96153,0.197016026,12002,CBA
Turbo_cornutus-Pacific_Northwest,Turbo cornutus,Horned turban,"Abalones, winkles, conchs",Pacific Northwest,1.080154946,1.247073892,1.342550498,1.443551223,1.598881061,0.136325778,1.342887601,104890.735,1991,0.394032051,160749.8469,14660.96153,0.197016026,12366,CBA
Turbo_cornutus-Pacific_Northwest,Turbo cornutus,Horned turban,"Abalones, winkles, conchs",Pacific Northwest,1.073356761,1.231152095,1.318825739,1.405164136,1.57620721,0.127085578,1.321482483,104890.735,1992,0.394032051,160749.8469,14660.96153,0.197016026,14766,CBA
Turbo_cornutus-Pacific_Northwest,Turbo cornutus,Horned turban,"Abalones, winkles, conchs",Pacific Northwest,1.031940778,1.173988248,1.252214157,1.33432201,1.492159597,0.116772037,1.254602588,104890.735,1993,0.394032051,160749.8469,14660.96153,0.197016026,18381,CBA
Turbo_cornutus-Pacific_Northwest,Turbo cornutus,Horned turban,"Abalones, winkles, conchs",Pacific Northwest,0.977253632,1.102795853,1.179685574,1.256315462,1.402104044,0.109535163,1.181048824,104890.735,1994,0.394032051,160749.8469,14660.96153,0.197016026,19521,CBA
Turbo_cornutus-Pacific_Northwest,Turbo cornutus,Horned turban,"Abalones, winkles, conchs",Pacific Northwest,0.924123155,1.050795665,1.119929583,1.191109466,1.332497031,0.104095952,1.122695514,104890.735,1995,0.394032051,160749.8469,14660.96153,0.197016026,18864,CBA
Turbo_cornutus-Pacific_Northwest,Turbo cornutus,Horned turban,"Abalones, winkles, conchs",Pacific Northwest,0.893529848,1.018185089,1.08020405,1.151631589,1.289063161,0.101158543,1.085913919,104890.735,1996,0.394032051,160749.8469,14660.96153,0.197016026,17480,CBA
Turbo_cornutus-Pacific_Northwest,Turbo cornutus,Horned turban,"Abalones, winkles, conchs",Pacific Northwest,0.850259403,0.963110729,1.02154257,1.087406403,1.226485392,0.096202216,1.027635978,104890.735,1997,0.394032051,160749.8469,14660.96153,0.197016026,19010,CBA
Turbo_cornutus-Pacific_Northwest,Turbo cornutus,Horned turban,"Abalones, winkles, conchs",Pacific Northwest,0.776814704,0.87430389,0.932094283,0.993294887,1.12780285,0.089273548,0.93694568,104890.735,1998,0.394032051,160749.8469,14660.96153,0.197016026,21748,CBA
Turbo_cornutus-Pacific_Northwest,Turbo cornutus,Horned turban,"Abalones, winkles, conchs",Pacific Northwest,0.731879608,0.831804315,0.883136656,0.941759581,1.060682214,0.083754053,0.888346392,104890.735,1999,0.394032051,160749.8469,14660.96153,0.197016026,18397,CBA
Turbo_cornutus-Pacific_Northwest,Turbo cornutus,Horned turban,"Abalones, winkles, conchs",Pacific Northwest,0.711101286,0.800429814,0.849826886,0.903783177,1.022166291,0.078743278,0.854047681,104890.735,2000,0.394032051,160749.8469,14660.96153,0.197016026,17120,CBA
Turbo_cornutus-Pacific_Northwest,Turbo cornutus,Horned turban,"Abalones, winkles, conchs",Pacific Northwest,0.681970094,0.773698261,0.820941849,0.872867062,0.979790566,0.075607002,0.824828378,104890.735,2001,0.394032051,160749.8469,14660.96153,0.197016026,16515,CBA
Turbo_cornutus-Pacific_Northwest,Turbo cornutus,Horned turban,"Abalones, winkles, conchs",Pacific Northwest,0.66318157,0.745042262,0.789164283,0.836696438,0.933341523,0.069441147,0.792090538,104890.735,2002,0.394032051,160749.8469,14660.96153,0.197016026,16697,CBA
Turbo_cornutus-Pacific_Northwest,Turbo cornutus,Horned turban,"Abalones, winkles, conchs",Pacific Northwest,0.569633866,0.635642284,0.672934946,0.711713898,0.816431456,0.061251702,0.676667403,104890.735,2003,0.394032051,160749.8469,14660.96153,0.197016026,22721,CBA
Turbo_cornutus-Pacific_Northwest,Turbo cornutus,Horned turban,"Abalones, winkles, conchs",Pacific Northwest,0.507093698,0.5665179,0.600116648,0.639180299,0.7383138,0.058652107,0.606427412,104890.735,2004,0.394032051,160749.8469,14660.96153,0.197016026,18329,CBA
Turbo_cornutus-Pacific_Northwest,Turbo cornutus,Horned turban,"Abalones, winkles, conchs",Pacific Northwest,0.453452912,0.50814548,0.53957956,0.577363825,0.683188405,0.057504323,0.546538253,104890.735,2005,0.394032051,160749.8469,14660.96153,0.197016026,16882,CBA
Turbo_cornutus-Pacific_Northwest,Turbo cornutus,Horned turban,"Abalones, winkles, conchs",Pacific Northwest,0.407177051,0.456245739,0.486414641,0.528562275,0.641031087,0.058690497,0.496577193,104890.735,2006,0.394032051,160749.8469,14660.96153,0.197016026,15407,CBA
Turbo_cornutus-Pacific_Northwest,Turbo cornutus,Horned turban,"Abalones, winkles, conchs",Pacific Northwest,0.343029979,0.389632391,0.42505822,0.474286155,0.587795757,0.06576316,0.437598941,104890.735,2007,0.394032051,160749.8469,14660.96153,0.197016026,15365,CBA
Turbo_cornutus-Pacific_Northwest,Turbo cornutus,Horned turban,"Abalones, winkles, conchs",Pacific Northwest,0.323330605,0.369007727,0.409498436,0.464423336,0.594576917,0.071483628,0.422791192,104890.735,2008,0.394032051,160749.8469,14660.96153,0.197016026,10935,CBA
Turbo_cornutus-Pacific_Northwest,Turbo cornutus,Horned turban,"Abalones, winkles, conchs",Pacific Northwest,0.302020633,0.353953478,0.399662026,0.465542762,0.590073889,0.078261491,0.414857921,104890.735,2009,0.394032051,160749.8469,14660.96153,0.197016026,10090,CBA
Turbo_cornutus-Pacific_Northwest,Turbo cornutus,Horned turban,"Abalones, winkles, conchs",Pacific Northwest,0.275088269,0.335459662,0.391458886,0.463795976,0.603419548,0.088043983,0.404536933,104890.735,2010,0.394032051,160749.8469,14660.96153,0.197016026,10100,CBA
Turbo_cornutus-Pacific_Northwest,Turbo cornutus,Horned turban,"Abalones, winkles, conchs",Pacific Northwest,0.252681126,0.324912156,0.393049912,0.47752372,0.628521155,0.100534916,0.405538141,104890.735,2011,0.394032051,160749.8469,14660.96153,0.197016026,9104,CBA
Turbo_cornutus-Pacific_Northwest,Turbo cornutus,Horned turban,"Abalones, winkles, conchs",Pacific Northwest,0.232511271,0.32334994,0.404356968,0.500047895,0.646942456,0.11544131,0.415141111,104890.735,2012,0.394032051,160749.8469,14660.96153,0.197016026,8440,CBA
Turbo_cornutus-Pacific_Northwest,Turbo cornutus,Horned turban,"Abalones, winkles, conchs",Pacific Northwest,0.208536536,0.316047466,0.426762112,0.532500327,0.683972404,0.134510759,0.427556175,104890.735,2013,0.394032051,160749.8469,14660.96153,0.197016026,8348,CBA
Turbo_cornutus-Pacific_Northwest,Turbo cornutus,Horned turban,"Abalones, winkles, conchs",Pacific Northwest,0.1711715,0.308403851,0.44837006,0.565838381,0.712999133,0.15754883,0.439012394,104890.735,2014,0.394032051,160749.8469,14660.96153,0.197016026,8574,CBA
Turbo_cornutus-Pacific_Northwest,Turbo cornutus,Horned turban,"Abalones, winkles, conchs",Pacific Northwest,0.120282601,0.294826194,0.473441306,0.609651146,0.745301318,0.187591556,0.450037895,104890.735,2015,0.394032051,160749.8469,14660.96153,0.197016026,8778,CBA
Turbo_cornutus-Pacific_Northwest,Turbo cornutus,Horned turban,"Abalones, winkles, conchs",Pacific Northwest,0.056647331,0.284903173,0.499635696,0.66710401,0.788146958,0.225680246,0.465674884,104890.735,2016,0.394032051,160749.8469,14660.96153,0.197016026,8415,CBA
Venerupis_pullastra-Atlantic_Northeast,Venerupis pullastra,Pullet carpet shell,"Clams, cockles, arkshells",Atlantic Northeast,1.172787973,1.458779853,1.626655437,1.768798065,1.962454963,0.212884443,1.608616935,24942.72851,1968,0.297352078,32675.67605,2403.198231,0.148676039,600,CBA
Venerupis_pullastra-Atlantic_Northeast,Venerupis pullastra,Pullet carpet shell,"Clams, cockles, arkshells",Atlantic Northeast,1.210131896,1.467327609,1.607667229,1.730426143,1.91545108,0.185423396,1.593970877,24942.72851,1969,0.297352078,32675.67605,2403.198231,0.148676039,1900,CBA
Venerupis_pullastra-Atlantic_Northeast,Venerupis pullastra,Pullet carpet shell,"Clams, cockles, arkshells",Atlantic Northeast,1.254993094,1.495024746,1.617080138,1.724930869,1.908535512,0.166078772,1.606156961,24942.72851,1970,0.297352078,32675.67605,2403.198231,0.148676039,1600,CBA
Venerupis_pullastra-Atlantic_Northeast,Venerupis pullastra,Pullet carpet shell,"Clams, cockles, arkshells",Atlantic Northeast,1.315462252,1.525723029,1.633567069,1.728895314,1.899820248,0.151091042,1.625289581,24942.72851,1971,0.297352078,32675.67605,2403.198231,0.148676039,1600,CBA
Venerupis_pullastra-Atlantic_Northeast,Venerupis pullastra,Pullet carpet shell,"Clams, cockles, arkshells",Atlantic Northeast,1.212727167,1.391855541,1.477619792,1.568783775,1.746706843,0.13586832,1.478617112,24942.72851,1972,0.297352078,32675.67605,2403.198231,0.148676039,4200,CBA
Venerupis_pullastra-Atlantic_Northeast,Venerupis pullastra,Pullet carpet shell,"Clams, cockles, arkshells",Atlantic Northeast,1.057836802,1.20763165,1.287620233,1.369141854,1.55221387,0.124383267,1.291110047,24942.72851,1973,0.297352078,32675.67605,2403.198231,0.148676039,5200,CBA
Venerupis_pullastra-Atlantic_Northeast,Venerupis pullastra,Pullet carpet shell,"Clams, cockles, arkshells",Atlantic Northeast,0.940557881,1.066262024,1.139393787,1.220445442,1.390509959,0.115045716,1.145553288,24942.72851,1974,0.297352078,32675.67605,2403.198231,0.148676039,4800,CBA
Venerupis_pullastra-Atlantic_Northeast,Venerupis pullastra,Pullet carpet shell,"Clams, cockles, arkshells",Atlantic Northeast,0.750232469,0.861296949,0.933404646,1.006051451,1.175572289,0.108826911,0.939202324,24942.72851,1975,0.297352078,32675.67605,2403.198231,0.148676039,5864,CBA
Venerupis_pullastra-Atlantic_Northeast,Venerupis pullastra,Pullet carpet shell,"Clams, cockles, arkshells",Atlantic Northeast,0.581216405,0.684556843,0.753137417,0.823589655,0.994831351,0.105310257,0.760215944,24942.72851,1976,0.297352078,32675.67605,2403.198231,0.148676039,5372,CBA
Venerupis_pullastra-Atlantic_Northeast,Venerupis pullastra,Pullet carpet shell,"Clams, cockles, arkshells",Atlantic Northeast,0.514658966,0.617401539,0.678396445,0.750000696,0.92901022,0.104842597,0.690026457,24942.72851,1977,0.297352078,32675.67605,2403.198231,0.148676039,3446,CBA
Venerupis_pullastra-Atlantic_Northeast,Venerupis pullastra,Pullet carpet shell,"Clams, cockles, arkshells",Atlantic Northeast,0.50346656,0.60060107,0.666158044,0.740522854,0.922912074,0.106376327,0.678040501,24942.72851,1978,0.297352078,32675.67605,2403.198231,0.148676039,2382,CBA
Venerupis_pullastra-Atlantic_Northeast,Venerupis pullastra,Pullet carpet shell,"Clams, cockles, arkshells",Atlantic Northeast,0.451460392,0.544250694,0.608105707,0.688611999,0.880122048,0.109733557,0.62335382,24942.72851,1979,0.297352078,32675.67605,2403.198231,0.148676039,3047,CBA
Venerupis_pullastra-Atlantic_Northeast,Venerupis pullastra,Pullet carpet shell,"Clams, cockles, arkshells",Atlantic Northeast,0.325743817,0.420264479,0.490274944,0.574627167,0.771843899,0.116645258,0.505965982,24942.72851,1980,0.297352078,32675.67605,2403.198231,0.148676039,3939,CBA
Venerupis_pullastra-Atlantic_Northeast,Venerupis pullastra,Pullet carpet shell,"Clams, cockles, arkshells",Atlantic Northeast,0.227669461,0.332498789,0.411894251,0.503676658,0.728482347,0.128970343,0.428447943,24942.72851,1981,0.297352078,32675.67605,2403.198231,0.148676039,3020,CBA
Venerupis_pullastra-Atlantic_Northeast,Venerupis pullastra,Pullet carpet shell,"Clams, cockles, arkshells",Atlantic Northeast,0.225433293,0.347084389,0.435953491,0.537422551,0.778885027,0.14287801,0.45271715,24942.72851,1982,0.297352078,32675.67605,2403.198231,0.148676039,1162,CBA
Venerupis_pullastra-Atlantic_Northeast,Venerupis pullastra,Pullet carpet shell,"Clams, cockles, arkshells",Atlantic Northeast,0.248539523,0.386605235,0.487548511,0.600838011,0.86108064,0.158006674,0.505482464,24942.72851,1983,0.297352078,32675.67605,2403.198231,0.148676039,755,CBA
Venerupis_pullastra-Atlantic_Northeast,Venerupis pullastra,Pullet carpet shell,"Clams, cockles, arkshells",Atlantic Northeast,0.306530795,0.460401769,0.575307783,0.69647609,0.972486201,0.17147782,0.589336494,24942.72851,1984,0.297352078,32675.67605,2403.198231,0.148676039,376,CBA
Venerupis_pullastra-Atlantic_Northeast,Venerupis pullastra,Pullet carpet shell,"Clams, cockles, arkshells",Atlantic Northeast,0.383023434,0.556282692,0.675852324,0.800597377,1.086061356,0.179448849,0.687794843,24942.72851,1985,0.297352078,32675.67605,2403.198231,0.148676039,305,CBA
Venerupis_pullastra-Atlantic_Northeast,Venerupis pullastra,Pullet carpet shell,"Clams, cockles, arkshells",Atlantic Northeast,0.430906205,0.609987402,0.734072555,0.869967496,1.156636819,0.18694157,0.75002384,24942.72851,1986,0.297352078,32675.67605,2403.198231,0.148676039,1056,CBA
Venerupis_pullastra-Atlantic_Northeast,Venerupis pullastra,Pullet carpet shell,"Clams, cockles, arkshells",Atlantic Northeast,0.484720224,0.672696689,0.796757319,0.92891685,1.221951721,0.190400267,0.810390863,24942.72851,1987,0.297352078,32675.67605,2403.198231,0.148676039,1185,CBA
Venerupis_pullastra-Atlantic_Northeast,Venerupis pullastra,Pullet carpet shell,"Clams, cockles, arkshells",Atlantic Northeast,0.53247218,0.72504937,0.856639159,0.990803539,1.270984188,0.191133956,0.865247981,24942.72851,1988,0.297352078,32675.67605,2403.198231,0.148676039,1327,CBA
Venerupis_pullastra-Atlantic_Northeast,Venerupis pullastra,Pullet carpet shell,"Clams, cockles, arkshells",Atlantic Northeast,0.554520782,0.752622232,0.876021241,1.011499618,1.303213295,0.190202804,0.888638718,24942.72851,1989,0.297352078,32675.67605,2403.198231,0.148676039,1874,CBA
Venerupis_pullastra-Atlantic_Northeast,Venerupis pullastra,Pullet carpet shell,"Clams, cockles, arkshells",Atlantic Northeast,0.565036098,0.760906031,0.887620546,1.015273419,1.295623255,0.186643155,0.895376034,24942.72851,1990,0.297352078,32675.67605,2403.198231,0.148676039,2118,CBA
Venerupis_pullastra-Atlantic_Northeast,Venerupis pullastra,Pullet carpet shell,"Clams, cockles, arkshells",Atlantic Northeast,0.608470436,0.807938814,0.935489475,1.052848143,1.328963632,0.181357067,0.939266032,24942.72851,1991,0.297352078,32675.67605,2403.198231,0.148676039,1520,CBA
Venerupis_pullastra-Atlantic_Northeast,Venerupis pullastra,Pullet carpet shell,"Clams, cockles, arkshells",Atlantic Northeast,0.6804778,0.862747026,0.987202149,1.106654256,1.347413757,0.173364681,0.990890126,24942.72851,1992,0.297352078,32675.67605,2403.198231,0.148676039,1434,CBA
Venerupis_pullastra-Atlantic_Northeast,Venerupis pullastra,Pullet carpet shell,"Clams, cockles, arkshells",Atlantic Northeast,0.738005377,0.913236781,1.029933801,1.140319601,1.384345252,0.164607682,1.03251783,24942.72851,1993,0.297352078,32675.67605,2403.198231,0.148676039,1599,CBA
Venerupis_pullastra-Atlantic_Northeast,Venerupis pullastra,Pullet carpet shell,"Clams, cockles, arkshells",Atlantic Northeast,0.74449512,0.920864505,1.019101926,1.123738696,1.343221628,0.153066885,1.024814611,24942.72851,1994,0.297352078,32675.67605,2403.198231,0.148676039,2402,CBA
Venerupis_pullastra-Atlantic_Northeast,Venerupis pullastra,Pullet carpet shell,"Clams, cockles, arkshells",Atlantic Northeast,0.831528467,0.989672546,1.08027872,1.170451852,1.369480272,0.136971927,1.08428137,24942.72851,1995,0.297352078,32675.67605,2403.198231,0.148676039,1305,CBA
Venerupis_pullastra-Atlantic_Northeast,Venerupis pullastra,Pullet carpet shell,"Clams, cockles, arkshells",Atlantic Northeast,0.833772024,0.965594319,1.040939992,1.12623984,1.300938872,0.118495999,1.048325511,24942.72851,1996,0.297352078,32675.67605,2403.198231,0.148676039,2821,CBA
Venerupis_pullastra-Atlantic_Northeast,Venerupis pullastra,Pullet carpet shell,"Clams, cockles, arkshells",Atlantic Northeast,0.761249788,0.869173231,0.932020098,1.001788889,1.150385467,0.101153058,0.93833449,24942.72851,1997,0.297352078,32675.67605,2403.198231,0.148676039,4053,CBA
Venerupis_pullastra-Atlantic_Northeast,Venerupis pullastra,Pullet carpet shell,"Clams, cockles, arkshells",Atlantic Northeast,0.609379932,0.701432648,0.754936315,0.817721449,0.95378976,0.089844106,0.762763434,24942.72851,1998,0.297352078,32675.67605,2403.198231,0.148676039,5166,CBA
Venerupis_pullastra-Atlantic_Northeast,Venerupis pullastra,Pullet carpet shell,"Clams, cockles, arkshells",Atlantic Northeast,0.461543023,0.542481421,0.592558824,0.651903577,0.788434675,0.084789104,0.600852478,24942.72851,1999,0.297352078,32675.67605,2403.198231,0.148676039,4828,CBA
Venerupis_pullastra-Atlantic_Northeast,Venerupis pullastra,Pullet carpet shell,"Clams, cockles, arkshells",Atlantic Northeast,0.437224508,0.515687682,0.56350281,0.623058527,0.757834942,0.083802035,0.574315885,24942.72851,2000,0.297352078,32675.67605,2403.198231,0.148676039,2361,CBA
Venerupis_pullastra-Atlantic_Northeast,Venerupis pullastra,Pullet carpet shell,"Clams, cockles, arkshells",Atlantic Northeast,0.408462444,0.482753956,0.530140048,0.589133357,0.733218009,0.083311236,0.541401392,24942.72851,2001,0.297352078,32675.67605,2403.198231,0.148676039,2420,CBA
Venerupis_pullastra-Atlantic_Northeast,Venerupis pullastra,Pullet carpet shell,"Clams, cockles, arkshells",Atlantic Northeast,0.346084373,0.418686231,0.466924118,0.527549616,0.676685929,0.085437608,0.479066973,24942.72851,2002,0.297352078,32675.67605,2403.198231,0.148676039,2836,CBA
Venerupis_pullastra-Atlantic_Northeast,Venerupis pullastra,Pullet carpet shell,"Clams, cockles, arkshells",Atlantic Northeast,0.298508616,0.369270582,0.421322498,0.485177657,0.648506704,0.090557275,0.435625742,24942.72851,2003,0.297352078,32675.67605,2403.198231,0.148676039,2383,CBA
Venerupis_pullastra-Atlantic_Northeast,Venerupis pullastra,Pullet carpet shell,"Clams, cockles, arkshells",Atlantic Northeast,0.283507833,0.361854916,0.417091924,0.488799824,0.660204746,0.096947278,0.433220439,24942.72851,2004,0.297352078,32675.67605,2403.198231,0.148676039,1616,CBA
Venerupis_pullastra-Atlantic_Northeast,Venerupis pullastra,Pullet carpet shell,"Clams, cockles, arkshells",Atlantic Northeast,0.296693784,0.380541653,0.441089741,0.514956999,0.694638525,0.102647443,0.455846832,24942.72851,2005,0.297352078,32675.67605,2403.198231,0.148676039,1177,CBA
Venerupis_pullastra-Atlantic_Northeast,Venerupis pullastra,Pullet carpet shell,"Clams, cockles, arkshells",Atlantic Northeast,0.342697987,0.429604837,0.495135426,0.574910645,0.756572075,0.108601841,0.509321242,24942.72851,2006,0.297352078,32675.67605,2403.198231,0.148676039,742,CBA
Venerupis_pullastra-Atlantic_Northeast,Venerupis pullastra,Pullet carpet shell,"Clams, cockles, arkshells",Atlantic Northeast,0.385245601,0.473247022,0.543820392,0.629733585,0.820352458,0.113163361,0.558751559,24942.72851,2007,0.297352078,32675.67605,2403.198231,0.148676039,939,CBA
Venerupis_pullastra-Atlantic_Northeast,Venerupis pullastra,Pullet carpet shell,"Clams, cockles, arkshells",Atlantic Northeast,0.423920347,0.516569749,0.588973156,0.681706678,0.868284116,0.116786643,0.605899798,24942.72851,2008,0.297352078,32675.67605,2403.198231,0.148676039,1058,CBA
Venerupis_pullastra-Atlantic_Northeast,Venerupis pullastra,Pullet carpet shell,"Clams, cockles, arkshells",Atlantic Northeast,0.40337205,0.49939209,0.580033962,0.674248271,0.846511515,0.120373592,0.593263457,24942.72851,2009,0.297352078,32675.67605,2403.198231,0.148676039,2159,CBA
Venerupis_pullastra-Atlantic_Northeast,Venerupis pullastra,Pullet carpet shell,"Clams, cockles, arkshells",Atlantic Northeast,0.37560079,0.478788248,0.570873728,0.66475237,0.838620037,0.126070769,0.578371082,24942.72851,2010,0.297352078,32675.67605,2403.198231,0.148676039,2156,CBA
Venerupis_pullastra-Atlantic_Northeast,Venerupis pullastra,Pullet carpet shell,"Clams, cockles, arkshells",Atlantic Northeast,0.360705676,0.477827402,0.577612066,0.678612815,0.847622497,0.13260264,0.581625249,24942.72851,2011,0.297352078,32675.67605,2403.198231,0.148676039,1812,CBA
Venerupis_pullastra-Atlantic_Northeast,Venerupis pullastra,Pullet carpet shell,"Clams, cockles, arkshells",Atlantic Northeast,0.342251749,0.476394048,0.587157299,0.693962522,0.852075842,0.141721797,0.586178253,24942.72851,2012,0.297352078,32675.67605,2403.198231,0.148676039,1799,CBA
Venerupis_pullastra-Atlantic_Northeast,Venerupis pullastra,Pullet carpet shell,"Clams, cockles, arkshells",Atlantic Northeast,0.276902036,0.431992407,0.561486283,0.670075989,0.822539055,0.152479794,0.550461461,24942.72851,2013,0.297352078,32675.67605,2403.198231,0.148676039,2456,CBA
Venerupis_pullastra-Atlantic_Northeast,Venerupis pullastra,Pullet carpet shell,"Clams, cockles, arkshells",Atlantic Northeast,0.197184562,0.379784721,0.528584996,0.647588941,0.790293267,0.168363914,0.510631348,24942.72851,2014,0.297352078,32675.67605,2403.198231,0.148676039,2459,CBA
Venerupis_pullastra-Atlantic_Northeast,Venerupis pullastra,Pullet carpet shell,"Clams, cockles, arkshells",Atlantic Northeast,0.120980951,0.347029111,0.515271028,0.649189764,0.769073721,0.189347233,0.489988884,24942.72851,2015,0.297352078,32675.67605,2403.198231,0.148676039,2043,CBA
Venerupis_pullastra-Atlantic_Northeast,Venerupis pullastra,Pullet carpet shell,"Clams, cockles, arkshells",Atlantic Northeast,0.061258859,0.335896563,0.53528276,0.690018586,0.790423629,0.216769172,0.498456961,24942.72851,2016,0.297352078,32675.67605,2403.198231,0.148676039,1504,CBA